0.8928868621800945, 0.9033643707523334, -5.960283627980714, 199.22494594742585[13.180818]
[10.468449]
[9.331836]
[11.228464]
[10.237881]
[6.905984]
[6.20707]
[6.3334565]
[6.256918]
[6.2526717]
[6.254568]
[6.1223097]
[6.233706]
[8.401784]
[9.022634]
[8.917893]
[9.031523]
[8.547713]
[10.723191]
[12.365549]
[10.634348]
[9.972377]
[9.6593485]
[9.612243]
[9.477882]
[9.499185]
[9.495714]
[9.476375]
[9.314396]
[9.280811]
[9.165296]
[9.271113]
[9.440738]
[9.433045]
[9.330112]
[9.446023]
[9.371973]
[9.310984]
[13.374064]
[10.430762]
[9.801082]
[10.447757]
[10.827083]
[10.520401]
[11.911781]
[12.165669]
[12.043691]
[12.142184]
[11.959159]
[12.540424]
[12.837242]
[12.59468]
[12.160717]
[12.282257]
[12.056248]
[12.023584]
[12.029562]
[12.0749445]
[11.951251]
[11.938372]
[11.95335]
[11.970557]
[11.855082]
[11.969976]
[11.977289]
[11.955439]
[12.560627]
[12.799972]
[12.277597]
[12.556539]
[14.987335]
[10.036854]
[11.344109]
[11.980581]
[38.99037]
[17.428999]
[13.991902]
[13.928084]
[13.888478]
[13.901896]
[14.088003]
[14.194771]
[14.108456]
[14.253414]
[14.31344]
[14.062202]
[14.097347]
[14.258386]
[14.458639]
[14.256146]
[14.368316]
[14.220105]
[14.8366585]
[14.626652]
[14.33956]
[14.550564]
[14.537368]
[14.332836]
[14.286489]
[13.779469]
[14.286995]
[14.870697]
[14.513719]
[14.885226]
[14.993639]
[15.195549]
[20.96591]
[21.833803]
[21.247536]
[34.197655]
[57.166832]
[34.300606]
[63.053898]
[79.44936]
[84.74271]
[94.37305]
[128.79079]
[99.65386]
[71.27542]
[62.545876]
[65.29466]
[63.279507]
[58.05678]
[53.903545]
[54.818336]
[51.476727]
[43.040234]
[50.465794]
[53.230286]
[51.01966]
[50.928112]
[53.598763]
[32.77847]
[29.821306]
[43.408405]
[50.684433]
[46.33188]
[51.14604]
[46.67949]
[23.212051]
[25.821209]
[45.972675]
[50.103016]
[79.6642]
[105.52999]
[137.52]
[157.02457]
[172.82713]
[206.50198]
[177.54718]
[149.09552]
[141.30157]
[130.60144]
[106.16775]
[90.330376]
[112.240456]
[116.8631]
[118.33081]
[120.42492]
[126.4573]
[109.8255]
[100.490555]
[96.12502]
[94.15066]
[91.024574]
[90.53921]
[94.27977]
[73.93728]
[66.976685]
[75.29325]
[75.59854]
[72.873375]
[71.358406]
[72.57532]
[65.206955]
[62.326916]
[58.134727]
[60.24713]
[45.949867]
[57.978786]
[58.539116]
[51.974056]
[49.276417]
[60.451843]
[54.748207]
[49.33045]
[45.867798]
[47.025627]
[42.58091]
[43.387352]
[48.358356]
[64.32301]
[68.61179]
[62.862442]
[67.64957]
[61.718918]
[59.06645]
[96.10201]
[96.53908]
[92.22364]
[87.42004]
[83.405815]
[84.18914]
[81.094574]
[86.355705]
[93.73688]
[90.85096]
[98.062584]
[101.43431]
[73.58388]
[70.42458]
[78.093506]
[61.1319]
[74.4493]
[55.248142]
[67.8814]
[40.349777]
[31.21492]
[50.52039]
[38.94214]
[37.861153]
[30.995354]
[34.152103]
[27.192554]
[22.142603]
[25.846369]
[32.335903]
[40.223415]
[41.27092]
[44.573353]
[32.054108]
[24.455322]
[45.570065]
[51.973724]
[43.798798]
[40.261406]
[28.398783]
[26.759085]
[25.97518]
[29.611237]
[36.05676]
[43.174778]
[40.9338]
[46.345177]
[24.286243]
[21.385454]
[42.431835]
[43.510464]
[42.552143]
[42.273224]
[40.756058]
[22.775393]
[21.667427]
[32.137833]
[35.13358]
[28.669857]
[35.007336]
[34.531013]
[21.693935]
[16.767637]
[28.545187]
[31.309269]
[30.2025]
[28.302992]
[26.827024]
[22.87877]
[18.998663]
[23.074642]
[25.6315]
[20.63958]
[21.360214]
[38.817806]
[24.916664]
[19.173124]
[28.30319]
[30.654417]
[29.018415]
[27.523054]
[26.73061]
[16.445107]
[11.917503]
[22.809229]
[23.812056]
[24.946163]
[26.006086]
[24.507366]
[14.717086]
[10.14408]
[9.4524]
[8.337162]
[7.9703093]
[8.426071]
[8.529878]
[8.359814]
[8.20755]
[7.9981585]
[8.114015]
[8.023728]
[8.020628]
[7.839631]
[7.7805243]
[7.750496]
[7.764185]
[7.6619945]
[7.5912347]
[7.5417204]
[7.5033894]
[7.5033894]
[7.5033894]
[7.5033894]
[7.3014336]
[9.008094]
[14.162546]
[14.433749]
[16.321257]
[11.649757]
[12.131918]
[13.010469]
[17.760794]
[16.477161]
[14.35104]
[11.095295]
[7.7607]
[10.566769]
[11.131135]
[9.967589]
[10.167075]
[10.644771]
[12.244626]
[12.583224]
[11.20155]
[12.19199]
[20.008858]
[14.446547]
[12.825416]
[9.133424]
[12.368382]
[12.996522]
[12.68976]
[7.4280233]
[6.3730173]
[6.3832393]
[7.146107]
[10.214534]
[10.52131]
[10.538639]
[7.9238744]
[6.4169536]
[6.2557387]
[6.270985]
[6.277747]
[6.14742]
[7.5954185]
[6.477456]
[6.1356525]
[6.265336]
[6.1371536]
[6.1924686]
[5.8682227]
[6.640729]
[6.7841086]
[6.5219173]
[6.5074086]
[6.268859]
[6.2242904]
[6.2326117]
[6.3038473]
[6.359877]
[6.4085736]
[6.2450075]
[6.4854946]
[6.1708045]
[6.2247243]
[6.2395244]
[6.233825]
[6.271927]
[8.256722]
[8.776436]
[13.489084]
[10.0245695]
[8.834937]
[10.158095]
[9.832848]
[9.045031]
[12.00683]
[11.563278]
[9.741607]
[11.362099]
[11.887285]
[9.9260645]
[9.558809]
[12.059979]
[12.902982]
[12.709216]
[12.71641]
[17.86815]
[12.65694]
[10.038838]
[13.604584]
[17.546911]
[20.880543]
[15.717294]
[13.01728]
[12.11661]
[10.734853]
[10.73194]
[11.638394]
[11.841699]
[12.775313]
[12.951274]
[12.095049]
[12.04759]
[13.033367]
[12.619951]
[12.458386]
[13.330093]
[13.4978485]
[12.375845]
[11.684272]
[12.754476]
[13.084407]
[12.938789]
[12.923462]
[12.436372]
[11.940196]
[11.618695]
[12.20047]
[13.503346]
[13.425614]
[11.777292]
[13.172586]
[13.093351]
[12.662763]
[13.2403]
[13.342172]
[12.496334]
[14.404829]
[13.795069]
[13.809793]
[13.724428]
[13.51439]
[13.286989]
[13.156638]
[13.331014]
[13.113992]
[14.750659]
[16.861835]
[15.825947]
[12.862889]
[12.951663]
[13.498471]
[13.633298]
[14.240805]
[13.571073]
[13.352149]
[13.310395]
[13.297257]
[13.5037155]
[13.370781]
[13.376912]
[13.211688]
[13.046764]
[12.781666]
[12.98596]
[12.856367]
[13.029601]
[12.871143]
[12.826951]
[12.693342]
[12.792704]
[12.625371]
[12.704414]
[12.68612]
[12.407956]
[12.318837]
[12.28462]
[12.343455]
[12.265238]
[12.241141]
[12.251407]
[12.362376]
[12.412178]
[12.011422]
[12.096631]
[11.921374]
[11.66483]
[11.779178]
[11.79371]
[11.587057]
[11.440761]
[11.327399]
[11.236407]
[11.166319]
[11.311689]
[11.461139]
[11.611512]
[11.729823]
[11.802575]
[12.480555]
[13.283403]
[14.284181]
[20.031588]
[30.728205]
[7.474277]
[10.869157]
[11.280637]
[13.424046]
[13.654226]
[14.177737]
[14.751285]
[14.851621]
[14.83056]
[14.739937]
[14.648441]
[14.4323635]
[14.426273]
[14.464811]
[14.317081]
[14.822973]
[14.296071]
[14.129885]
[14.055544]
[14.060763]
[13.5126915]
[14.112151]
[12.765198]
[12.254156]
[12.123835]
[12.465959]
[12.672373]
[13.543381]
[12.79585]
[12.301505]
[12.068717]
[11.941515]
[11.83889]
[11.806418]
[11.938374]
[11.888704]
[11.984698]
[11.826436]
[11.863007]
[11.843977]
[11.819307]
[11.642892]
[11.478745]
[11.949624]
[13.154686]
[13.667554]
[13.991393]
[13.673075]
[12.987105]
[13.058217]
[12.738476]
[12.754714]
[12.594132]
[11.738847]
[11.796306]
[11.21175]
[11.004043]
[11.104769]
[10.913543]
[10.993597]
[10.769826]
[10.869545]
[10.648395]
[10.62056]
[10.719605]
[10.449612]
[10.658372]
[10.449309]
[10.576257]
[10.486699]
[10.518749]
[10.409858]
[10.408573]
[10.284797]
[10.301019]
[10.176059]
[10.177857]
[10.1859865]
[10.239298]
[10.123112]
[10.067437]
[10.218087]
[10.048217]
[9.841358]
[9.705907]
[9.623216]
[9.336842]
[9.186068]
[9.381423]
[9.468453]
[9.404354]
[9.315685]
[9.057954]
[9.173026]
[9.272323]
[10.797505]
[10.725424]
[10.406671]
[10.085866]
[9.838374]
[9.702862]
[9.593454]
[9.446452]
[9.614698]
[9.400032]
[9.363081]
[9.41489]
[9.160538]
[9.103825]
[9.522804]
[9.814456]
[9.482671]
[9.864952]
[9.73694]
[9.215974]
[8.940479]
[8.808508]
[8.767316]
[8.608624]
[8.721569]
[8.783734]
[8.691955]
[8.536981]
[8.66286]
[8.567426]
[8.551556]
[8.559275]
[8.585722]
[8.450868]
[8.557251]
[8.478002]
[8.489497]
[8.387982]
[8.325759]
[8.513268]
[8.330996]
[8.282147]
[8.391851]
[8.431667]
[8.30553]
[8.403304]
[8.346491]
[8.543288]
[8.584698]
[7.360415]
[7.109478]
[6.93295]
[6.390118]
[6.3901324]
[6.244551]
[6.360406]
[6.2818723]
[6.2221556]
[6.3525095]
[6.2814612]
[6.261541]
[6.2421446]
[6.2453485]
[6.290078]
[6.1993213]
[6.148793]
[6.315507]
[6.1374245]
[6.153561]
[6.291906]
[6.219116]
[6.2073812]
[6.2018933]
[6.211856]
[6.210852]
[6.206403]
[6.202075]
[6.2090974]
[6.251615]
[6.133206]
[6.252197]
[6.4863505]
[6.51683]
[9.749768]
[7.0037913]
[7.889371]
[8.131951]
[6.6262546]
[6.339458]
[6.306104]
[6.2583513]
[6.554867]
[6.2680016]
[6.536466]
[6.2721825]
[6.5286374]
[6.266789]
[8.320514]
[6.927656]
[6.48371]
[6.4526234]
[6.4226046]
[6.3925276]
[6.362418]
[6.1258593]
[6.3389516]
[6.1138415]
[8.235142]
[6.4597845]
[6.086814]
[6.220747]
[5.9916925]
[6.0294595]
[6.1455517]
[5.934336]
[6.0972576]
[5.9993453]
[5.8820543]
[6.0255213]
[5.85167]
[5.879253]
[5.8538027]
[5.9188056]
[5.7617264]
[5.879942]
[5.716605]
[5.7952943]
[5.7819014]
[5.7814617]
[5.6025624]
[5.7214527]
[5.7199645]
[5.5813165]
[5.669618]
[5.639472]
[5.525017]
[5.636929]
[5.482627]
[5.44731]
[8.301626]
[8.322946]
[8.638238]
[8.286854]
[8.575558]
[8.646252]
[8.606792]
[8.568644]
[9.109086]
[8.6537485]
[9.057799]
[8.603473]
[9.004777]
[8.551664]
[8.95189]
[9.054119]
[8.559222]
[8.531737]
[8.519987]
[8.531616]
[8.554634]
[8.51689]
[8.444594]
[8.77589]
[8.545995]
[9.024093]
[8.825382]
[8.545401]
[9.218567]
[9.292955]
[9.261664]
[10.829324]
[11.124757]
[11.058421]
[11.39733]
[10.963229]
[11.252926]
[11.626937]
[11.586373]
[13.950763]
[15.278639]
[13.616255]
[10.959475]
[11.016915]
[10.968318]
[11.225468]
[13.685016]
[11.1419]
[10.771923]
[10.626529]
[10.831948]
[10.009996]
[9.813006]
[9.85116]
[10.2503605]
[10.50647]
[10.770075]
[10.598841]
[10.271279]
[10.442032]
[10.419107]
[11.521379]
[12.107616]
[12.378596]
[12.52096]
[12.173746]
[12.197346]
[11.931246]
[12.083294]
[12.323637]
[12.042811]
[13.511075]
[17.019003]
[15.633181]
[14.920349]
[11.461245]
[13.841105]
[14.68494]
[14.524524]
[14.2459135]
[14.137894]
[13.911229]
[13.804169]
[13.765731]
[13.621011]
[13.765019]
[14.696396]
[14.474739]
[15.110989]
[15.077872]
[15.365333]
[15.791028]
[15.271066]
[14.419651]
[14.030046]
[14.012658]
[12.928981]
[13.603306]
[14.517753]
[14.504246]
[15.296574]
[15.7910185]
[13.856331]
[15.403733]
[15.016603]
[14.497647]
[15.79713]
[15.979175]
[15.54464]
[15.792992]
[15.965424]
[16.108221]
[16.006632]
[15.934594]
[16.10671]
[17.133732]
[17.356577]
[15.899989]
[15.955229]
[16.049204]
[15.8868885]
[15.853697]
[15.652178]
[16.056183]
[16.15933]
[17.225431]
[17.133764]
[16.328138]
[16.17385]
[16.104675]
[16.268175]
[16.449121]
[16.861418]
[17.080688]
[23.277905]
[27.128002]
[18.736607]
[29.608875]
[27.154837]
[23.108871]
[23.634405]
[21.581728]
[7.789063]
[16.2248]
[18.606827]
[18.358715]
[21.554976]
[38.45493]
[43.09193]
[49.08276]
[52.419388]
[46.74256]
[39.664654]
[56.42031]
[65.962906]
[65.83674]
[66.35502]
[55.70812]
[73.24101]
[90.06613]
[96.98961]
[123.718666]
[110.172005]
[116.075325]
[106.54828]
[102.20694]
[99.37246]
[100.46532]
[97.54653]
[93.71308]
[89.53139]
[88.025246]
[73.02907]
[73.53457]
[91.24826]
[88.18094]
[88.60799]
[90.66669]
[85.36865]
[90.29107]
[112.98904]
[119.96209]
[134.21144]
[135.66258]
[130.32608]
[129.18506]
[131.50388]
[129.35413]
[102.57471]
[101.483604]
[98.85683]
[96.654915]
[94.17856]
[64.33304]
[54.75578]
[64.22159]
[59.419476]
[55.75972]
[44.26557]
[28.26738]
[24.825937]
[24.725113]
[35.599663]
[49.449345]
[44.345352]
[45.92822]
[37.89436]
[23.158443]
[19.680834]
[31.819145]
[23.19467]
[20.161264]
[19.810421]
[17.658495]
[16.997272]
[16.992035]
[19.068172]
[19.15845]
[18.187576]
[17.261934]
[17.916712]
[16.443611]
[15.990103]
[17.14652]
[17.01814]
[16.316164]
[16.770317]
[16.86696]
[16.994938]
[17.358843]
[19.146711]
[19.845331]
[16.74287]
[16.207085]
[17.039885]
[17.402285]
[17.192726]
[16.564589]
[16.602024]
[16.595629]
[15.906886]
[16.332857]
[14.922161]
[13.841881]
[14.933234]
[16.098322]
[18.027037]
[18.405188]
[21.266901]
[17.896263]
[17.512024]
[17.526552]
[16.108728]
[14.58262]
[15.6741495]
[22.417637]
[15.582423]
[13.389076]
[14.367965]
[14.557492]
[18.047544]
[18.091938]
[16.56243]
[14.102504]
[14.300884]
[27.569258]
[32.002403]
[30.709295]
[29.809858]
[23.185923]
[14.998802]
[13.056208]
[13.178816]
[11.009273]
[10.325187]
[9.963286]
[9.684663]
[8.972478]
[9.290037]
[9.251192]
[9.558654]
[9.021623]
[9.2292795]
[9.091317]
[8.910019]
[8.996274][10.25]
[9.45]
[13.02]
[10.69]
[5.31]
[5.25]
[5.26]
[5.31]
[5.31]
[5.3]
[5.29]
[5.3]
[9.25]
[9.31]
[9.28]
[9.29]
[9.27]
[9.26]
[9.25]
[9.26]
[9.26]
[9.27]
[9.25]
[9.25]
[9.32]
[9.28]
[9.26]
[9.22]
[9.21]
[9.23]
[9.23]
[9.06]
[9.24]
[9.25]
[9.24]
[9.29]
[9.55]
[9.28]
[9.27]
[9.27]
[9.25]
[9.24]
[9.28]
[12.21]
[12.29]
[12.32]
[12.27]
[12.3]
[12.29]
[12.25]
[12.25]
[12.25]
[12.29]
[12.3]
[12.3]
[12.31]
[12.36]
[12.34]
[12.35]
[12.36]
[12.37]
[12.39]
[12.39]
[12.4]
[12.36]
[12.39]
[12.4]
[12.41]
[12.52]
[12.25]
[12.25]
[12.03]
[12.31]
[26.75]
[15.2]
[15.05]
[15.12]
[15.03]
[15.09]
[15.17]
[15.22]
[15.41]
[15.4]
[15.43]
[15.24]
[15.14]
[15.08]
[15.29]
[15.3]
[15.23]
[15.22]
[15.17]
[15.21]
[15.24]
[15.21]
[15.26]
[15.09]
[15.03]
[14.94]
[15.09]
[15.28]
[15.3]
[15.52]
[15.38]
[15.46]
[15.26]
[15.55]
[15.54]
[15.27]
[22.36]
[17.87]
[15.85]
[42.75]
[82.22]
[94.05]
[93.25]
[90.97]
[55.68]
[49.63]
[58.09]
[56.67]
[54.59]
[53.59]
[58.05]
[53.08]
[41.74]
[57.88]
[58.89]
[56.17]
[56.45]
[59.98]
[24.57]
[23.68]
[48.95]
[58.59]
[52.66]
[61.65]
[55.39]
[15.63]
[15.57]
[49.45]
[48.02]
[57.5]
[95.04]
[91.35]
[127.12]
[159.08]
[215.85]
[192.9]
[144.63]
[136.75]
[131.02]
[99.64]
[86.83]
[129.19]
[131.03]
[129.73]
[130.49]
[130.52]
[92.3]
[87.76]
[90.33]
[91.84]
[90.24]
[92.4]
[96.82]
[52.74]
[45.22]
[55.96]
[60.38]
[51.61]
[55.5]
[62.81]
[54.04]
[56.12]
[53.08]
[60.33]
[38.11]
[64.66]
[62.07]
[50.21]
[45.53]
[67.12]
[58.52]
[53.52]
[50.52]
[53.77]
[41.06]
[38.17]
[35.45]
[50.08]
[57.71]
[43.73]
[61.41]
[54.5]
[42.43]
[96.98]
[93.31]
[95.73]
[93.08]
[91.61]
[94.94]
[85.74]
[88.4]
[98.74]
[90.94]
[95.37]
[98.5]
[45.13]
[47.61]
[67.66]
[39.1]
[71.69]
[37.29]
[69.59]
[19.53]
[12.7]
[49.99]
[27.12]
[31.05]
[19.21]
[28.46]
[14.31]
[9.94]
[17.83]
[28.86]
[44.83]
[46.46]
[52.06]
[24.01]
[9.42]
[50.97]
[57.23]
[44.2]
[37.8]
[12.15]
[9.41]
[10.47]
[20.43]
[33.31]
[48.25]
[44.01]
[55.45]
[12.7]
[10.36]
[51.64]
[50.92]
[50.38]
[49.93]
[49.1]
[13.79]
[10.13]
[29.22]
[34.2]
[23.2]
[39.35]
[38.77]
[14.08]
[10.2]
[32.49]
[35.58]
[33.86]
[32.24]
[29.9]
[23.23]
[16.87]
[24.9]
[28.37]
[17.49]
[16.74]
[47.53]
[16.06]
[15.03]
[32.65]
[36.66]
[33.79]
[32.62]
[31.6]
[12.79]
[8.68]
[29.3]
[28.48]
[33.01]
[32.79]
[29.71]
[12.11]
[7.79]
[7.39]
[5.3]
[5.33]
[5.36]
[5.41]
[5.44]
[5.46]
[5.48]
[5.51]
[5.52]
[5.54]
[5.55]
[5.56]
[5.57]
[5.58]
[5.41]
[5.59]
[5.59]
[5.59]
[5.59]
[5.59]
[5.59]
[5.52]
[9.82]
[15.53]
[16.95]
[20.82]
[11.7]
[14.18]
[15.4]
[23.39]
[19.41]
[16.47]
[11.42]
[6.71]
[12.54]
[12.67]
[10.63]
[11.37]
[12.05]
[14.44]
[14.47]
[12.32]
[14.46]
[13.82]
[14.57]
[14.58]
[8.47]
[14.78]
[14.81]
[14.47]
[5.31]
[5.31]
[5.29]
[6.65]
[12.03]
[10.97]
[11.68]
[7.09]
[5.32]
[5.32]
[5.33]
[5.32]
[5.32]
[7.66]
[5.32]
[5.32]
[5.32]
[5.29]
[5.21]
[5.09]
[5.1]
[5.1]
[5.1]
[5.11]
[5.11]
[5.1]
[5.12]
[5.22]
[5.48]
[5.49]
[5.27]
[5.12]
[5.13]
[5.12]
[5.12]
[5.11]
[5.16]
[8.76]
[8.76]
[8.94]
[8.95]
[8.95]
[10.8]
[10.34]
[8.93]
[12.82]
[12.41]
[9.78]
[12.71]
[13.05]
[9.78]
[9.61]
[13.47]
[13.71]
[13.82]
[13.8]
[20.11]
[12.1]
[10.21]
[15.44]
[19.36]
[24.22]
[16.35]
[13.82]
[12.91]
[11.05]
[11.21]
[12.63]
[12.73]
[13.93]
[14.]
[12.75]
[12.72]
[14.06]
[13.64]
[13.18]
[14.13]
[14.47]
[12.97]
[12.08]
[13.53]
[13.92]
[14.]
[14.03]
[13.47]
[12.53]
[12.61]
[12.89]
[13.87]
[13.64]
[12.29]
[13.75]
[12.77]
[12.77]
[13.97]
[13.97]
[12.95]
[15.58]
[14.78]
[14.97]
[14.82]
[14.67]
[14.69]
[14.7]
[14.81]
[14.7]
[17.5]
[18.04]
[19.37]
[14.58]
[14.62]
[14.69]
[14.75]
[14.6]
[14.39]
[14.42]
[14.49]
[14.55]
[14.59]
[14.62]
[14.6]
[14.31]
[14.23]
[14.12]
[14.15]
[14.3]
[14.52]
[14.49]
[14.43]
[14.23]
[14.17]
[14.28]
[14.37]
[14.29]
[14.2]
[14.09]
[14.11]
[14.23]
[14.04]
[14.13]
[14.15]
[14.07]
[14.02]
[13.88]
[13.88]
[13.78]
[13.82]
[13.92]
[14.08]
[13.97]
[13.86]
[13.82]
[13.83]
[13.99]
[14.01]
[13.84]
[13.78]
[13.71]
[13.96]
[14.1]
[13.99]
[13.72]
[16.98]
[13.92]
[13.67]
[13.53]
[13.42]
[13.41]
[13.36]
[14.17]
[14.52]
[14.48]
[14.44]
[14.41]
[14.38]
[14.37]
[14.35]
[14.34]
[14.31]
[15.25]
[14.32]
[14.31]
[14.29]
[14.29]
[14.58]
[14.56]
[12.15]
[11.95]
[11.88]
[11.87]
[11.82]
[13.39]
[11.95]
[11.94]
[11.89]
[11.86]
[11.86]
[11.84]
[11.83]
[11.81]
[11.86]
[11.86]
[11.8]
[11.8]
[11.79]
[11.78]
[11.77]
[11.96]
[11.94]
[11.9]
[11.85]
[11.35]
[11.83]
[11.8]
[12.]
[12.06]
[12.03]
[9.66]
[9.6]
[9.59]
[9.63]
[9.74]
[9.73]
[9.68]
[9.68]
[9.7]
[9.68]
[9.68]
[9.67]
[9.67]
[9.73]
[9.77]
[9.75]
[9.77]
[9.77]
[9.77]
[9.74]
[9.74]
[9.73]
[9.72]
[9.75]
[9.75]
[9.79]
[9.77]
[9.77]
[9.78]
[9.77]
[9.09]
[9.09]
[8.91]
[8.69]
[8.69]
[8.66]
[8.69]
[8.7]
[8.7]
[8.66]
[8.67]
[8.77]
[8.78]
[8.78]
[8.77]
[8.78]
[8.77]
[8.74]
[8.74]
[8.77]
[8.77]
[8.77]
[8.76]
[8.77]
[8.76]
[8.77]
[8.77]
[8.76]
[8.76]
[8.77]
[8.71]
[8.26]
[8.23]
[8.06]
[8.02]
[8.01]
[8.04]
[8.06]
[8.04]
[8.05]
[8.06]
[8.05]
[8.05]
[8.07]
[8.07]
[8.06]
[8.04]
[8.08]
[8.07]
[8.07]
[8.03]
[8.1]
[8.09]
[8.1]
[8.11]
[8.1]
[8.11]
[8.12]
[8.11]
[8.11]
[8.13]
[6.13]
[6.11]
[5.91]
[5.29]
[5.35]
[5.29]
[5.31]
[5.3]
[5.3]
[5.3]
[5.31]
[5.3]
[5.27]
[5.29]
[5.29]
[5.29]
[5.3]
[5.3]
[5.34]
[5.31]
[5.31]
[5.32]
[5.32]
[5.31]
[5.33]
[5.32]
[5.32]
[5.31]
[5.33]
[5.32]
[5.34]
[5.34]
[5.89]
[5.74]
[5.51]
[5.5]
[7.49]
[7.16]
[5.55]
[5.56]
[5.48]
[5.43]
[5.41]
[5.42]
[5.48]
[5.44]
[5.44]
[5.44]
[7.99]
[5.37]
[5.4]
[5.41]
[5.38]
[5.38]
[5.39]
[5.38]
[5.38]
[5.43]
[5.4]
[5.41]
[5.42]
[5.41]
[5.41]
[5.41]
[5.41]
[5.42]
[5.44]
[5.44]
[5.45]
[5.47]
[5.47]
[5.4]
[5.42]
[5.44]
[5.46]
[5.47]
[5.46]
[5.46]
[5.47]
[5.47]
[5.42]
[5.48]
[5.49]
[5.48]
[5.46]
[5.46]
[5.5]
[5.51]
[5.48]
[5.46]
[9.04]
[9.13]
[9.13]
[9.16]
[9.17]
[9.17]
[9.19]
[9.21]
[9.24]
[9.24]
[9.22]
[9.2]
[9.27]
[9.28]
[9.28]
[9.29]
[9.32]
[9.33]
[9.33]
[9.34]
[9.36]
[9.37]
[9.38]
[9.41]
[9.41]
[9.41]
[9.41]
[9.42]
[9.83]
[9.49]
[9.52]
[12.18]
[12.29]
[12.29]
[12.33]
[12.37]
[12.42]
[12.45]
[12.39]
[15.27]
[16.55]
[14.11]
[12.06]
[12.15]
[12.22]
[12.2]
[14.89]
[12.24]
[12.29]
[12.3]
[12.82]
[12.19]
[12.16]
[12.29]
[12.32]
[12.3]
[12.41]
[12.47]
[12.46]
[12.66]
[12.65]
[14.68]
[15.59]
[15.66]
[15.62]
[15.61]
[15.62]
[15.55]
[15.55]
[15.53]
[15.48]
[15.58]
[15.63]
[15.67]
[15.73]
[15.76]
[15.69]
[15.74]
[15.74]
[15.7]
[15.75]
[15.81]
[15.74]
[15.69]
[15.67]
[15.67]
[15.69]
[15.71]
[15.78]
[15.82]
[15.85]
[15.84]
[15.82]
[15.81]
[15.68]
[15.65]
[15.45]
[15.76]
[15.72]
[15.72]
[15.72]
[15.86]
[15.62]
[15.55]
[15.84]
[15.47]
[15.85]
[15.91]
[15.89]
[15.6]
[15.96]
[15.99]
[15.84]
[15.77]
[15.99]
[15.57]
[15.56]
[15.78]
[15.69]
[15.67]
[15.63]
[15.75]
[15.5]
[15.92]
[15.96]
[15.99]
[16.2]
[15.99]
[15.99]
[15.96]
[15.93]
[15.94]
[15.96]
[15.89]
[15.75]
[15.57]
[14.85]
[16.98]
[17.18]
[17.15]
[16.64]
[16.94]
[16.89]
[16.85]
[16.85]
[16.82]
[22.09]
[48.14]
[54.09]
[52.25]
[50.82]
[26.21]
[24.32]
[46.38]
[54.6]
[55.32]
[58.59]
[42.22]
[59.61]
[52.27]
[91.07]
[134.99]
[99.13]
[93.08]
[89.49]
[90.15]
[90.7]
[92.91]
[90.54]
[92.41]
[91.17]
[89.85]
[54.37]
[55.31]
[91.98]
[89.63]
[92.51]
[92.65]
[53.92]
[58.15]
[118.86]
[121.02]
[128.01]
[129.11]
[130.04]
[130.07]
[129.96]
[130.52]
[93.73]
[94.19]
[93.43]
[94.32]
[94.03]
[49.04]
[42.92]
[63.69]
[56.03]
[54.7]
[38.34]
[11.79]
[11.72]
[12.96]
[33.11]
[57.23]
[47.44]
[52.93]
[38.46]
[13.38]
[10.84]
[32.12]
[12.86]
[13.04]
[11.96]
[9.06]
[9.09]
[9.87]
[13.99]
[13.87]
[12.77]
[11.54]
[13.62]
[10.08]
[9.89]
[11.66]
[11.41]
[10.97]
[12.27]
[12.58]
[13.52]
[14.11]
[18.19]
[19.12]
[13.6]
[13.55]
[13.48]
[13.43]
[13.64]
[13.07]
[13.76]
[13.75]
[12.85]
[13.71]
[11.22]
[9.92]
[11.7]
[12.05]
[15.5]
[15.5]
[20.41]
[11.86]
[11.21]
[12.16]
[10.03]
[8.58]
[11.93]
[24.96]
[9.81]
[9.12]
[11.89]
[11.97]
[19.72]
[18.14]
[16.04]
[11.71]
[13.74]
[39.18]
[46.43]
[42.22]
[40.7]
[29.17]
[11.6]
[7.7]
[7.77]
[5.18]
[5.21]
[5.24]
[5.27]
[5.28]
[5.29]
[5.31]
[5.33]
[5.34]
[5.35]
[5.36]
[5.37]
[5.38]
[5.39]