0.8642208619706655, 0.9000131012714224, -15.73676050888535, 224.30495650167336[15.449825]
[12.405747]
[11.120508]
[13.135716]
[12.067371]
[8.524646]
[7.8429146]
[7.918679]
[7.9047813]
[7.8714876]
[7.8534975]
[7.776387]
[7.8039145]
[10.170753]
[10.755289]
[10.686652]
[10.745295]
[11.091348]
[12.87479]
[14.91289]
[13.29043]
[11.961922]
[11.55034]
[11.418969]
[11.303388]
[11.284329]
[11.276228]
[11.257365]
[11.1119585]
[11.04081]
[10.943214]
[10.994131]
[11.149422]
[11.237246]
[11.104737]
[11.165636]
[11.156802]
[11.12927]
[15.157308]
[12.3201685]
[11.5919285]
[12.286549]
[12.776384]
[12.563331]
[13.949848]
[14.09636]
[13.900872]
[13.954936]
[13.79843]
[14.302201]
[14.775752]
[14.655492]
[14.115924]
[14.119003]
[13.955605]
[13.82861]
[13.830554]
[13.89137]
[13.774914]
[13.715185]
[13.724216]
[13.760671]
[13.631075]
[13.682891]
[13.709219]
[13.6251955]
[14.231749]
[14.726828]
[14.180841]
[14.307373]
[16.875883]
[11.735549]
[13.116046]
[13.761686]
[42.552914]
[20.719791]
[15.638003]
[15.660796]
[15.563111]
[15.524548]
[15.685851]
[15.936387]
[15.792281]
[15.829419]
[15.99004]
[15.645783]
[15.534198]
[15.757887]
[16.131796]
[15.824052]
[15.793474]
[15.551167]
[16.392399]
[16.466564]
[15.877733]
[16.036089]
[16.159557]
[15.914721]
[15.877672]
[15.167175]
[15.503265]
[16.341135]
[15.929487]
[16.148148]
[16.399984]
[16.896255]
[20.25651]
[26.159853]
[25.831728]
[33.916943]
[57.22795]
[40.601723]
[69.49783]
[79.14416]
[91.50262]
[100.39787]
[129.14452]
[105.441605]
[78.43591]
[67.78251]
[69.264885]
[67.38892]
[63.482544]
[59.724472]
[59.85496]
[56.954403]
[48.95762]
[55.33797]
[58.343216]
[56.75734]
[54.978397]
[59.582066]
[38.87644]
[33.12963]
[49.777054]
[56.414036]
[51.95694]
[56.06529]
[51.864895]
[27.30024]
[26.277603]
[52.748528]
[54.343758]
[78.078415]
[107.72324]
[141.96115]
[161.79549]
[180.63972]
[211.56485]
[185.57985]
[154.8714]
[147.18445]
[133.4253]
[110.763885]
[94.6464]
[116.431946]
[122.448524]
[124.282486]
[126.8512]
[134.50739]
[115.46413]
[104.94475]
[100.33463]
[99.811195]
[97.090485]
[96.35193]
[100.05542]
[78.18428]
[73.77673]
[81.28347]
[81.39733]
[77.32563]
[76.82404]
[77.627716]
[69.19062]
[66.57697]
[62.74252]
[64.789894]
[51.620922]
[62.618366]
[63.15727]
[56.238365]
[53.603466]
[65.31684]
[60.288452]
[54.75671]
[51.207756]
[51.946957]
[45.70104]
[47.852116]
[51.41108]
[68.6581]
[75.12924]
[66.91319]
[72.45428]
[67.07479]
[62.36845]
[100.910545]
[101.364716]
[97.38847]
[91.532524]
[87.55701]
[88.18989]
[85.225845]
[90.57138]
[99.16161]
[96.612816]
[104.28675]
[107.61064]
[79.37049]
[76.61854]
[83.23715]
[66.94286]
[79.118286]
[59.736454]
[71.69106]
[44.68849]
[33.55808]
[55.351635]
[44.261734]
[42.595352]
[34.59389]
[37.978245]
[29.588387]
[24.065851]
[27.98116]
[35.38853]
[44.761673]
[45.833298]
[48.604324]
[35.84624]
[25.902893]
[50.4184]
[56.853233]
[48.832165]
[44.495735]
[30.754585]
[27.186907]
[28.426702]
[33.38972]
[40.104088]
[47.77247]
[45.349537]
[50.843998]
[27.503819]
[21.500536]
[47.876118]
[48.636417]
[46.656494]
[47.42256]
[45.659836]
[25.988684]
[22.722795]
[36.263203]
[39.885754]
[32.09022]
[39.399036]
[39.0501]
[23.729078]
[17.894222]
[31.426668]
[35.43727]
[34.34546]
[32.22105]
[30.507051]
[25.574032]
[20.604326]
[25.22865]
[28.85044]
[22.89235]
[23.02321]
[45.170364]
[28.85544]
[21.52184]
[31.824743]
[35.1657]
[33.462116]
[31.798088]
[30.817799]
[18.302141]
[13.528288]
[26.059925]
[27.533594]
[28.988453]
[30.19693]
[28.412663]
[16.945343]
[12.073991]
[11.425222]
[10.097143]
[9.776829]
[9.935892]
[10.292977]
[10.251538]
[9.903908]
[9.704076]
[9.664901]
[9.682521]
[9.624036]
[9.482881]
[9.34865]
[9.28991]
[9.299378]
[9.188307]
[9.178607]
[9.068512]
[9.009731]
[9.009731]
[9.009731]
[9.009731]
[8.877866]
[11.085925]
[16.623892]
[16.732155]
[18.591713]
[13.738054]
[14.242074]
[15.254853]
[20.121807]
[18.683779]
[16.443645]
[13.085474]
[9.616478]
[12.538132]
[13.212796]
[11.877634]
[12.079533]
[12.598301]
[14.2238655]
[14.604572]
[13.166933]
[14.146825]
[22.160366]
[16.377447]
[14.766859]
[10.962915]
[14.298302]
[15.028094]
[14.550848]
[9.072676]
[7.991691]
[8.029473]
[8.8129635]
[12.118419]
[12.354749]
[12.366752]
[9.61169]
[8.019774]
[7.8612394]
[7.8882723]
[7.87582]
[7.7993035]
[9.249517]
[8.115725]
[7.762158]
[7.833605]
[7.7838554]
[7.755349]
[7.7132273]
[8.202984]
[8.454321]
[8.219343]
[8.110931]
[7.9345245]
[7.834447]
[7.843613]
[7.901437]
[8.002694]
[8.019079]
[7.9207544]
[8.01859]
[7.8707347]
[7.8060584]
[7.846561]
[7.8400745]
[7.86436]
[9.997824]
[10.488124]
[15.323432]
[11.714628]
[10.573445]
[11.911544]
[11.627662]
[10.70367]
[13.842542]
[13.358204]
[11.421743]
[13.090027]
[13.68002]
[11.591224]
[11.180943]
[13.741907]
[14.707036]
[14.553923]
[14.517963]
[19.680622]
[14.29149]
[11.618413]
[15.336564]
[19.57042]
[23.548655]
[17.889944]
[14.681921]
[13.784666]
[12.393193]
[12.407613]
[13.350768]
[13.495801]
[14.34496]
[14.493486]
[13.632051]
[13.599251]
[14.549608]
[14.099677]
[13.879462]
[14.87805]
[14.965525]
[13.718297]
[13.104624]
[14.17971]
[14.46199]
[14.236207]
[14.203745]
[13.651501]
[12.978989]
[12.869716]
[13.360409]
[14.923303]
[15.331829]
[13.126103]
[14.23967]
[14.6406975]
[14.624809]
[14.838609]
[14.6581]
[13.712119]
[15.530462]
[15.049191]
[14.866399]
[14.792628]
[14.7033205]
[14.60158]
[14.347504]
[14.513049]
[14.394235]
[16.448122]
[19.686478]
[18.818304]
[14.842409]
[14.143252]
[14.52732]
[14.742633]
[15.099985]
[14.860008]
[14.557485]
[14.361551]
[14.291169]
[14.237671]
[14.129187]
[14.075576]
[13.878481]
[13.63149]
[13.610539]
[13.540022]
[13.621571]
[13.727188]
[13.698901]
[13.652044]
[13.576975]
[13.423191]
[13.459705]
[13.563232]
[13.424387]
[13.298191]
[13.208657]
[13.202374]
[13.304608]
[13.171314]
[13.207751]
[13.303683]
[13.325622]
[13.17028]
[13.03482]
[13.052912]
[12.874239]
[12.873354]
[12.997955]
[13.091098]
[13.006198]
[12.909439]
[12.813718]
[12.602924]
[12.699097]
[12.898607]
[12.903439]
[12.920321]
[12.843911]
[13.143493]
[13.500939]
[13.764644]
[13.846137]
[16.175318]
[11.18114]
[36.79181]
[14.198719]
[15.829251]
[15.935717]
[15.795795]
[16.11821]
[16.25227]
[16.21642]
[16.205233]
[16.286367]
[16.392773]
[16.163193]
[15.928081]
[15.986789]
[16.035467]
[16.555355]
[15.860877]
[15.685719]
[15.6037655]
[15.624816]
[15.032305]
[15.449669]
[13.987065]
[13.6591425]
[13.482249]
[13.645513]
[14.134118]
[15.328491]
[14.519166]
[14.15461]
[13.8423815]
[13.663962]
[13.490006]
[13.365007]
[13.515525]
[13.460274]
[13.545013]
[13.371993]
[13.365121]
[13.38948]
[13.36722]
[13.142696]
[12.88227]
[13.354046]
[14.315636]
[15.444518]
[15.925182]
[15.717806]
[14.715117]
[14.868455]
[14.711094]
[14.537401]
[14.164764]
[13.218572]
[13.750552]
[13.392716]
[12.922061]
[12.974214]
[12.780356]
[12.801789]
[12.613653]
[12.650629]
[12.462601]
[12.364075]
[12.480902]
[12.23882]
[12.370924]
[12.228183]
[12.270681]
[12.2411785]
[12.243801]
[12.153621]
[12.124478]
[12.019309]
[12.007394]
[11.900162]
[11.864589]
[11.870509]
[11.937239]
[11.838163]
[11.7364435]
[11.875425]
[11.743121]
[11.459078]
[11.402942]
[11.304927]
[11.04058]
[10.849142]
[10.989082]
[11.148032]
[11.112653]
[11.021374]
[10.742195]
[10.782877]
[10.906311]
[12.602742]
[12.913703]
[12.3809185]
[11.986748]
[11.656717]
[11.468185]
[11.346929]
[11.181386]
[11.30025]
[11.163178]
[11.05453]
[11.123203]
[10.901743]
[10.771564]
[11.144012]
[11.52264]
[11.277564]
[11.544423]
[11.553572]
[10.991239]
[10.669469]
[10.48603]
[10.450404]
[10.309177]
[10.362074]
[10.458986]
[10.3979225]
[10.230928]
[10.300375]
[10.262523]
[10.213986]
[10.2208185]
[10.253598]
[10.13863]
[10.191161]
[10.170616]
[10.158321]
[10.084337]
[9.9827795]
[10.164929]
[10.0636835]
[9.946996]
[10.02507]
[10.107764]
[9.997733]
[10.035886]
[9.992746]
[10.132763]
[10.227846]
[8.967395]
[8.717291]
[8.575763]
[8.03023]
[7.9904194]
[7.8884873]
[7.948078]
[7.927244]
[7.848389]
[7.940715]
[7.929543]
[7.8871913]
[7.868929]
[7.8740635]
[7.9216113]
[7.8685627]
[7.7976904]
[7.9370947]
[7.849527]
[7.7848845]
[7.9099927]
[7.897144]
[7.865234]
[7.8613353]
[7.873601]
[7.873055]
[7.871057]
[7.868303]
[7.877399]
[7.9286103]
[7.8439636]
[7.895366]
[8.188833]
[8.157428]
[11.3818]
[8.604796]
[9.42531]
[9.638953]
[8.073387]
[7.793396]
[7.747102]
[7.6749754]
[7.91584]
[7.631039]
[7.8389325]
[7.5944777]
[7.7874713]
[7.5472813]
[9.579299]
[8.120278]
[7.6616597]
[7.6288047]
[7.596676]
[7.564679]
[7.53263]
[7.279372]
[7.4716463]
[7.32789]
[9.447907]
[7.6898575]
[7.1942205]
[7.364679]
[7.157077]
[7.1301284]
[7.2855353]
[7.096247]
[7.208082]
[7.175917]
[7.01611]
[7.129604]
[7.010314]
[6.9606485]
[6.9672627]
[7.0463595]
[6.915268]
[6.9743237]
[6.869806]
[6.868778]
[6.885214]
[6.902472]
[6.7516074]
[6.792344]
[6.836578]
[6.729158]
[6.732661]
[6.7572536]
[6.6705465]
[6.717453]
[6.6457043]
[6.5565896]
[9.566713]
[9.631301]
[9.931365]
[9.536305]
[9.833074]
[9.882959]
[9.788001]
[9.713757]
[10.246884]
[9.712541]
[10.112283]
[9.579601]
[9.977788]
[9.446881]
[9.8986845]
[10.024964]
[9.418311]
[9.351012]
[9.30609]
[9.250988]
[9.207481]
[9.110788]
[9.005209]
[9.292027]
[9.099298]
[9.6004095]
[9.408445]
[9.183128]
[9.876045]
[9.960412]
[9.914883]
[11.489553]
[11.747315]
[11.678434]
[12.143447]
[11.644529]
[11.998021]
[12.56073]
[12.582798]
[15.161792]
[15.763275]
[14.421674]
[12.146016]
[11.986479]
[12.010897]
[12.420995]
[14.2855425]
[12.188581]
[11.937416]
[11.772098]
[11.89307]
[11.161501]
[10.873158]
[11.13545]
[11.313684]
[11.598646]
[11.589426]
[11.1734295]
[10.952779]
[10.90221]
[10.809483]
[11.429378]
[11.578214]
[11.578685]
[11.580444]
[11.203469]
[11.211923]
[10.91169]
[11.28382]
[11.499376]
[13.108571]
[13.451541]
[22.759085]
[16.05105]
[14.746159]
[11.880037]
[14.171017]
[15.207353]
[15.314585]
[15.260382]
[14.883922]
[14.479008]
[14.277521]
[13.964446]
[13.712001]
[14.889835]
[14.345511]
[14.689475]
[14.294976]
[14.448199]
[14.792738]
[15.349489]
[14.181544]
[13.766916]
[14.310394]
[14.724247]
[16.074867]
[15.825581]
[17.071438]
[17.289568]
[17.65528]
[18.959045]
[17.9128]
[18.071537]
[18.695656]
[18.1143]
[18.489933]
[18.573015]
[18.453527]
[18.03049]
[18.146065]
[18.102173]
[17.913012]
[17.768768]
[17.824257]
[17.938982]
[18.887287]
[18.414635]
[17.783539]
[17.561762]
[17.572214]
[17.6747]
[17.230284]
[17.570408]
[17.786386]
[17.535254]
[18.772448]
[18.698664]
[18.182257]
[17.998444]
[17.780436]
[18.234251]
[18.123035]
[18.620928]
[22.190535]
[25.43726]
[24.26084]
[28.776316]
[30.486483]
[30.716228]
[28.550272]
[24.835089]
[10.1843405]
[19.273647]
[21.477184]
[21.082655]
[24.129196]
[42.170776]
[47.19284]
[49.675804]
[61.7212]
[48.765224]
[44.961044]
[62.745266]
[72.3557]
[71.912605]
[71.917]
[62.529987]
[77.367294]
[92.38551]
[100.77043]
[131.37587]
[117.81807]
[122.432365]
[109.31372]
[108.13784]
[104.2378]
[105.22436]
[101.911705]
[99.08021]
[95.25614]
[92.90528]
[77.02444]
[80.11673]
[95.392456]
[94.27532]
[93.35432]
[95.34855]
[85.89444]
[91.92062]
[114.87904]
[126.68008]
[142.03305]
[139.70116]
[135.43916]
[134.847]
[137.02217]
[133.75563]
[108.03932]
[107.06237]
[104.16244]
[102.29879]
[100.12326]
[70.13568]
[59.05995]
[68.22433]
[64.09093]
[60.957077]
[49.75047]
[30.859758]
[27.001099]
[27.808836]
[40.079735]
[54.7574]
[49.860905]
[50.987812]
[43.27491]
[26.23071]
[21.345947]
[35.424717]
[25.688488]
[22.519453]
[21.65207]
[19.545067]
[18.72676]
[18.682367]
[20.94729]
[21.00314]
[19.849352]
[18.6301]
[19.532835]
[17.480196]
[17.025976]
[18.299593]
[18.328447]
[17.608679]
[17.926668]
[18.057493]
[18.32369]
[18.49555]
[20.800014]
[21.469692]
[17.876997]
[17.145914]
[17.720776]
[18.457727]
[18.638056]
[17.814217]
[17.800457]
[17.729052]
[17.029167]
[17.36658]
[15.912299]
[14.642346]
[15.666943]
[16.749865]
[19.40377]
[19.791702]
[22.773586]
[18.676922]
[18.116985]
[19.072079]
[17.298573]
[15.466412]
[16.821358]
[24.602764]
[16.418991]
[13.893796]
[15.383637]
[15.44343]
[19.699062]
[19.404587]
[17.77609]
[14.915771]
[15.450435]
[30.721218]
[35.99798]
[34.69399]
[33.988342]
[26.806318]
[16.957315]
[14.93844]
[14.7985525]
[12.449663]
[11.536742]
[11.029539]
[10.688973]
[10.087145]
[9.872335]
[10.053054]
[10.271963]
[10.015646]
[9.838182]
[9.837253]
[9.707522]
[9.596393][10.25]
[9.45]
[13.02]
[10.69]
[5.31]
[5.25]
[5.26]
[5.31]
[5.31]
[5.3]
[5.29]
[5.3]
[9.25]
[9.31]
[9.28]
[9.29]
[9.27]
[9.26]
[9.25]
[9.26]
[9.26]
[9.27]
[9.25]
[9.25]
[9.32]
[9.28]
[9.26]
[9.22]
[9.21]
[9.23]
[9.23]
[9.06]
[9.24]
[9.25]
[9.24]
[9.29]
[9.55]
[9.28]
[9.27]
[9.27]
[9.25]
[9.24]
[9.28]
[12.21]
[12.29]
[12.32]
[12.27]
[12.3]
[12.29]
[12.25]
[12.25]
[12.25]
[12.29]
[12.3]
[12.3]
[12.31]
[12.36]
[12.34]
[12.35]
[12.36]
[12.37]
[12.39]
[12.39]
[12.4]
[12.36]
[12.39]
[12.4]
[12.41]
[12.52]
[12.25]
[12.25]
[12.03]
[12.31]
[26.75]
[15.2]
[15.05]
[15.12]
[15.03]
[15.09]
[15.17]
[15.22]
[15.41]
[15.4]
[15.43]
[15.24]
[15.14]
[15.08]
[15.29]
[15.3]
[15.23]
[15.22]
[15.17]
[15.21]
[15.24]
[15.21]
[15.26]
[15.09]
[15.03]
[14.94]
[15.09]
[15.28]
[15.3]
[15.52]
[15.38]
[15.46]
[15.26]
[15.55]
[15.54]
[15.27]
[22.36]
[17.87]
[15.85]
[42.75]
[82.22]
[94.05]
[93.25]
[90.97]
[55.68]
[49.63]
[58.09]
[56.67]
[54.59]
[53.59]
[58.05]
[53.08]
[41.74]
[57.88]
[58.89]
[56.17]
[56.45]
[59.98]
[24.57]
[23.68]
[48.95]
[58.59]
[52.66]
[61.65]
[55.39]
[15.63]
[15.57]
[49.45]
[48.02]
[57.5]
[95.04]
[91.35]
[127.12]
[159.08]
[215.85]
[192.9]
[144.63]
[136.75]
[131.02]
[99.64]
[86.83]
[129.19]
[131.03]
[129.73]
[130.49]
[130.52]
[92.3]
[87.76]
[90.33]
[91.84]
[90.24]
[92.4]
[96.82]
[52.74]
[45.22]
[55.96]
[60.38]
[51.61]
[55.5]
[62.81]
[54.04]
[56.12]
[53.08]
[60.33]
[38.11]
[64.66]
[62.07]
[50.21]
[45.53]
[67.12]
[58.52]
[53.52]
[50.52]
[53.77]
[41.06]
[38.17]
[35.45]
[50.08]
[57.71]
[43.73]
[61.41]
[54.5]
[42.43]
[96.98]
[93.31]
[95.73]
[93.08]
[91.61]
[94.94]
[85.74]
[88.4]
[98.74]
[90.94]
[95.37]
[98.5]
[45.13]
[47.61]
[67.66]
[39.1]
[71.69]
[37.29]
[69.59]
[19.53]
[12.7]
[49.99]
[27.12]
[31.05]
[19.21]
[28.46]
[14.31]
[9.94]
[17.83]
[28.86]
[44.83]
[46.46]
[52.06]
[24.01]
[9.42]
[50.97]
[57.23]
[44.2]
[37.8]
[12.15]
[9.41]
[10.47]
[20.43]
[33.31]
[48.25]
[44.01]
[55.45]
[12.7]
[10.36]
[51.64]
[50.92]
[50.38]
[49.93]
[49.1]
[13.79]
[10.13]
[29.22]
[34.2]
[23.2]
[39.35]
[38.77]
[14.08]
[10.2]
[32.49]
[35.58]
[33.86]
[32.24]
[29.9]
[23.23]
[16.87]
[24.9]
[28.37]
[17.49]
[16.74]
[47.53]
[16.06]
[15.03]
[32.65]
[36.66]
[33.79]
[32.62]
[31.6]
[12.79]
[8.68]
[29.3]
[28.48]
[33.01]
[32.79]
[29.71]
[12.11]
[7.79]
[7.39]
[5.3]
[5.33]
[5.36]
[5.41]
[5.44]
[5.46]
[5.48]
[5.51]
[5.52]
[5.54]
[5.55]
[5.56]
[5.57]
[5.58]
[5.41]
[5.59]
[5.59]
[5.59]
[5.59]
[5.59]
[5.59]
[5.52]
[9.82]
[15.53]
[16.95]
[20.82]
[11.7]
[14.18]
[15.4]
[23.39]
[19.41]
[16.47]
[11.42]
[6.71]
[12.54]
[12.67]
[10.63]
[11.37]
[12.05]
[14.44]
[14.47]
[12.32]
[14.46]
[13.82]
[14.57]
[14.58]
[8.47]
[14.78]
[14.81]
[14.47]
[5.31]
[5.31]
[5.29]
[6.65]
[12.03]
[10.97]
[11.68]
[7.09]
[5.32]
[5.32]
[5.33]
[5.32]
[5.32]
[7.66]
[5.32]
[5.32]
[5.32]
[5.29]
[5.21]
[5.09]
[5.1]
[5.1]
[5.1]
[5.11]
[5.11]
[5.1]
[5.12]
[5.22]
[5.48]
[5.49]
[5.27]
[5.12]
[5.13]
[5.12]
[5.12]
[5.11]
[5.16]
[8.76]
[8.76]
[8.94]
[8.95]
[8.95]
[10.8]
[10.34]
[8.93]
[12.82]
[12.41]
[9.78]
[12.71]
[13.05]
[9.78]
[9.61]
[13.47]
[13.71]
[13.82]
[13.8]
[20.11]
[12.1]
[10.21]
[15.44]
[19.36]
[24.22]
[16.35]
[13.82]
[12.91]
[11.05]
[11.21]
[12.63]
[12.73]
[13.93]
[14.]
[12.75]
[12.72]
[14.06]
[13.64]
[13.18]
[14.13]
[14.47]
[12.97]
[12.08]
[13.53]
[13.92]
[14.]
[14.03]
[13.47]
[12.53]
[12.61]
[12.89]
[13.87]
[13.64]
[12.29]
[13.75]
[12.77]
[12.77]
[13.97]
[13.97]
[12.95]
[15.58]
[14.78]
[14.97]
[14.82]
[14.67]
[14.69]
[14.7]
[14.81]
[14.7]
[17.5]
[18.04]
[19.37]
[14.58]
[14.62]
[14.69]
[14.75]
[14.6]
[14.39]
[14.42]
[14.49]
[14.55]
[14.59]
[14.62]
[14.6]
[14.31]
[14.23]
[14.12]
[14.15]
[14.3]
[14.52]
[14.49]
[14.43]
[14.23]
[14.17]
[14.28]
[14.37]
[14.29]
[14.2]
[14.09]
[14.11]
[14.23]
[14.04]
[14.13]
[14.15]
[14.07]
[14.02]
[13.88]
[13.88]
[13.78]
[13.82]
[13.92]
[14.08]
[13.97]
[13.86]
[13.82]
[13.83]
[13.99]
[14.01]
[13.84]
[13.78]
[13.71]
[13.96]
[14.1]
[13.99]
[13.72]
[16.98]
[13.92]
[13.67]
[13.53]
[13.42]
[13.41]
[13.36]
[14.17]
[14.52]
[14.48]
[14.44]
[14.41]
[14.38]
[14.37]
[14.35]
[14.34]
[14.31]
[15.25]
[14.32]
[14.31]
[14.29]
[14.29]
[14.58]
[14.56]
[12.15]
[11.95]
[11.88]
[11.87]
[11.82]
[13.39]
[11.95]
[11.94]
[11.89]
[11.86]
[11.86]
[11.84]
[11.83]
[11.81]
[11.86]
[11.86]
[11.8]
[11.8]
[11.79]
[11.78]
[11.77]
[11.96]
[11.94]
[11.9]
[11.85]
[11.35]
[11.83]
[11.8]
[12.]
[12.06]
[12.03]
[9.66]
[9.6]
[9.59]
[9.63]
[9.74]
[9.73]
[9.68]
[9.68]
[9.7]
[9.68]
[9.68]
[9.67]
[9.67]
[9.73]
[9.77]
[9.75]
[9.77]
[9.77]
[9.77]
[9.74]
[9.74]
[9.73]
[9.72]
[9.75]
[9.75]
[9.79]
[9.77]
[9.77]
[9.78]
[9.77]
[9.09]
[9.09]
[8.91]
[8.69]
[8.69]
[8.66]
[8.69]
[8.7]
[8.7]
[8.66]
[8.67]
[8.77]
[8.78]
[8.78]
[8.77]
[8.78]
[8.77]
[8.74]
[8.74]
[8.77]
[8.77]
[8.77]
[8.76]
[8.77]
[8.76]
[8.77]
[8.77]
[8.76]
[8.76]
[8.77]
[8.71]
[8.26]
[8.23]
[8.06]
[8.02]
[8.01]
[8.04]
[8.06]
[8.04]
[8.05]
[8.06]
[8.05]
[8.05]
[8.07]
[8.07]
[8.06]
[8.04]
[8.08]
[8.07]
[8.07]
[8.03]
[8.1]
[8.09]
[8.1]
[8.11]
[8.1]
[8.11]
[8.12]
[8.11]
[8.11]
[8.13]
[6.13]
[6.11]
[5.91]
[5.29]
[5.35]
[5.29]
[5.31]
[5.3]
[5.3]
[5.3]
[5.31]
[5.3]
[5.27]
[5.29]
[5.29]
[5.29]
[5.3]
[5.3]
[5.34]
[5.31]
[5.31]
[5.32]
[5.32]
[5.31]
[5.33]
[5.32]
[5.32]
[5.31]
[5.33]
[5.32]
[5.34]
[5.34]
[5.89]
[5.74]
[5.51]
[5.5]
[7.49]
[7.16]
[5.55]
[5.56]
[5.48]
[5.43]
[5.41]
[5.42]
[5.48]
[5.44]
[5.44]
[5.44]
[7.99]
[5.37]
[5.4]
[5.41]
[5.38]
[5.38]
[5.39]
[5.38]
[5.38]
[5.43]
[5.4]
[5.41]
[5.42]
[5.41]
[5.41]
[5.41]
[5.41]
[5.42]
[5.44]
[5.44]
[5.45]
[5.47]
[5.47]
[5.4]
[5.42]
[5.44]
[5.46]
[5.47]
[5.46]
[5.46]
[5.47]
[5.47]
[5.42]
[5.48]
[5.49]
[5.48]
[5.46]
[5.46]
[5.5]
[5.51]
[5.48]
[5.46]
[9.04]
[9.13]
[9.13]
[9.16]
[9.17]
[9.17]
[9.19]
[9.21]
[9.24]
[9.24]
[9.22]
[9.2]
[9.27]
[9.28]
[9.28]
[9.29]
[9.32]
[9.33]
[9.33]
[9.34]
[9.36]
[9.37]
[9.38]
[9.41]
[9.41]
[9.41]
[9.41]
[9.42]
[9.83]
[9.49]
[9.52]
[12.18]
[12.29]
[12.29]
[12.33]
[12.37]
[12.42]
[12.45]
[12.39]
[15.27]
[16.55]
[14.11]
[12.06]
[12.15]
[12.22]
[12.2]
[14.89]
[12.24]
[12.29]
[12.3]
[12.82]
[12.19]
[12.16]
[12.29]
[12.32]
[12.3]
[12.41]
[12.47]
[12.46]
[12.66]
[12.65]
[14.68]
[15.59]
[15.66]
[15.62]
[15.61]
[15.62]
[15.55]
[15.55]
[15.53]
[15.48]
[15.58]
[15.63]
[15.67]
[15.73]
[15.76]
[15.69]
[15.74]
[15.74]
[15.7]
[15.75]
[15.81]
[15.74]
[15.69]
[15.67]
[15.67]
[15.69]
[15.71]
[15.78]
[15.82]
[15.85]
[15.84]
[15.82]
[15.81]
[15.68]
[15.65]
[15.45]
[15.76]
[15.72]
[15.72]
[15.72]
[15.86]
[15.62]
[15.55]
[15.84]
[15.47]
[15.85]
[15.91]
[15.89]
[15.6]
[15.96]
[15.99]
[15.84]
[15.77]
[15.99]
[15.57]
[15.56]
[15.78]
[15.69]
[15.67]
[15.63]
[15.75]
[15.5]
[15.92]
[15.96]
[15.99]
[16.2]
[15.99]
[15.99]
[15.96]
[15.93]
[15.94]
[15.96]
[15.89]
[15.75]
[15.57]
[14.85]
[16.98]
[17.18]
[17.15]
[16.64]
[16.94]
[16.89]
[16.85]
[16.85]
[16.82]
[22.09]
[48.14]
[54.09]
[52.25]
[50.82]
[26.21]
[24.32]
[46.38]
[54.6]
[55.32]
[58.59]
[42.22]
[59.61]
[52.27]
[91.07]
[134.99]
[99.13]
[93.08]
[89.49]
[90.15]
[90.7]
[92.91]
[90.54]
[92.41]
[91.17]
[89.85]
[54.37]
[55.31]
[91.98]
[89.63]
[92.51]
[92.65]
[53.92]
[58.15]
[118.86]
[121.02]
[128.01]
[129.11]
[130.04]
[130.07]
[129.96]
[130.52]
[93.73]
[94.19]
[93.43]
[94.32]
[94.03]
[49.04]
[42.92]
[63.69]
[56.03]
[54.7]
[38.34]
[11.79]
[11.72]
[12.96]
[33.11]
[57.23]
[47.44]
[52.93]
[38.46]
[13.38]
[10.84]
[32.12]
[12.86]
[13.04]
[11.96]
[9.06]
[9.09]
[9.87]
[13.99]
[13.87]
[12.77]
[11.54]
[13.62]
[10.08]
[9.89]
[11.66]
[11.41]
[10.97]
[12.27]
[12.58]
[13.52]
[14.11]
[18.19]
[19.12]
[13.6]
[13.55]
[13.48]
[13.43]
[13.64]
[13.07]
[13.76]
[13.75]
[12.85]
[13.71]
[11.22]
[9.92]
[11.7]
[12.05]
[15.5]
[15.5]
[20.41]
[11.86]
[11.21]
[12.16]
[10.03]
[8.58]
[11.93]
[24.96]
[9.81]
[9.12]
[11.89]
[11.97]
[19.72]
[18.14]
[16.04]
[11.71]
[13.74]
[39.18]
[46.43]
[42.22]
[40.7]
[29.17]
[11.6]
[7.7]
[7.77]
[5.18]
[5.21]
[5.24]
[5.27]
[5.28]
[5.29]
[5.31]
[5.33]
[5.34]
[5.35]
[5.36]
[5.37]
[5.38]
[5.39]