0.8969771091424636, 0.899727296215332, -4.168771685699742, 195.3840973288145[13.38586]
[10.872827]
[9.8629265]
[11.678442]
[10.753345]
[7.5889463]
[6.9480333]
[6.9851522]
[6.992886]
[6.981323]
[6.9596725]
[6.9314523]
[6.943667]
[9.206612]
[9.715709]
[9.7232275]
[9.832616]
[10.284644]
[11.650592]
[12.14664]
[11.342106]
[10.524974]
[10.307955]
[10.200006]
[10.146269]
[10.159656]
[10.157795]
[10.118106]
[10.036049]
[9.971694]
[9.965249]
[10.063894]
[10.084007]
[10.158126]
[10.130754]
[10.14205]
[10.135738]
[10.362214]
[13.72512]
[11.231896]
[10.699172]
[11.089747]
[11.249757]
[11.06961]
[12.499811]
[12.699036]
[12.657706]
[12.63647]
[12.763005]
[13.04889]
[13.200052]
[13.035571]
[12.814435]
[12.746314]
[12.6875305]
[12.625336]
[12.639586]
[12.660838]
[12.612606]
[12.593426]
[12.615967]
[12.613807]
[12.605197]
[12.639771]
[12.703643]
[12.8182335]
[13.125932]
[13.254884]
[13.076958]
[13.090815]
[15.461471]
[10.808432]
[12.134185]
[12.746515]
[38.195126]
[18.536297]
[14.486236]
[14.483465]
[14.415852]
[14.51598]
[14.646542]
[14.598459]
[14.654417]
[14.708239]
[14.707676]
[14.635406]
[14.7631035]
[14.867791]
[14.935244]
[14.93715]
[15.029698]
[15.06694]
[15.325453]
[15.247145]
[15.122734]
[15.148848]
[15.116175]
[14.927213]
[14.808025]
[14.837881]
[15.057538]
[15.476891]
[15.396401]
[15.623218]
[15.928118]
[16.620594]
[22.09288]
[21.842989]
[22.39328]
[27.446281]
[45.215263]
[30.317389]
[64.4217]
[60.671112]
[81.0796]
[94.7211]
[124.48999]
[93.15655]
[70.969]
[58.47502]
[60.52815]
[58.181156]
[54.15654]
[50.602955]
[52.09037]
[48.621964]
[39.999245]
[48.397423]
[51.035603]
[48.744186]
[49.56172]
[52.17117]
[30.690025]
[26.32182]
[41.06858]
[48.685337]
[45.01612]
[48.987732]
[45.23132]
[22.491056]
[21.160698]
[43.466576]
[48.61013]
[64.73015]
[94.29012]
[127.169304]
[139.29]
[166.7837]
[201.89867]
[177.11115]
[147.24644]
[138.75618]
[128.9087]
[106.118034]
[88.69314]
[113.41558]
[118.86472]
[119.93356]
[121.231346]
[126.586685]
[100.232254]
[94.65047]
[94.05779]
[93.719604]
[90.0764]
[90.18835]
[93.84552]
[67.13175]
[61.30101]
[68.845726]
[71.87068]
[67.070305]
[66.69498]
[68.875786]
[59.914948]
[56.867664]
[53.31711]
[55.8036]
[41.673218]
[54.207123]
[55.38643]
[48.331707]
[44.763298]
[56.52206]
[51.961666]
[46.321564]
[43.09122]
[44.705658]
[39.907173]
[39.70431]
[42.063942]
[55.89948]
[64.67949]
[56.568542]
[62.98311]
[57.244106]
[52.362095]
[90.23194]
[94.11316]
[92.383934]
[85.93025]
[81.98692]
[83.11322]
[79.60041]
[83.45482]
[92.92695]
[90.19804]
[94.990234]
[98.38853]
[66.19339]
[64.638695]
[75.481094]
[57.441128]
[70.75041]
[49.718063]
[63.41319]
[34.813374]
[24.568777]
[44.865643]
[34.240894]
[32.72473]
[25.738775]
[28.896261]
[21.59619]
[17.130775]
[20.563757]
[26.478657]
[35.177372]
[36.88497]
[41.010834]
[28.195126]
[18.63794]
[40.537636]
[47.61796]
[40.21342]
[36.40979]
[22.553732]
[19.569817]
[20.074572]
[24.19759]
[30.091087]
[37.820847]
[36.42885]
[41.490578]
[20.025778]
[15.56421]
[37.20737]
[39.478687]
[39.109203]
[38.389713]
[37.18835]
[20.045895]
[16.732346]
[27.316778]
[30.65766]
[23.903574]
[30.279366]
[30.75061]
[17.40216]
[13.021801]
[24.04778]
[27.589573]
[26.217037]
[24.942554]
[23.207691]
[19.363483]
[15.631066]
[19.522272]
[22.292913]
[17.676903]
[18.062492]
[36.499676]
[21.146154]
[16.24456]
[24.611748]
[27.945333]
[26.222908]
[25.111044]
[23.812208]
[14.038817]
[10.26522]
[20.476442]
[21.213657]
[23.574682]
[24.217035]
[22.668097]
[13.289172]
[9.450658]
[8.928584]
[7.777846]
[7.5258293]
[7.6152525]
[7.8996754]
[7.8470764]
[7.564618]
[7.4019704]
[7.3548474]
[7.3681927]
[7.312238]
[7.199272]
[7.086452]
[7.035104]
[7.039291]
[6.9418364]
[6.944466]
[6.852246]
[6.8036213]
[6.8036213]
[6.8036213]
[6.8036213]
[6.705798]
[8.588199]
[13.145676]
[13.176968]
[14.847518]
[10.843462]
[11.409672]
[12.211692]
[16.272148]
[15.074835]
[13.382913]
[10.643787]
[7.7865033]
[10.375818]
[10.884556]
[9.815509]
[10.052715]
[10.526757]
[11.945166]
[12.233923]
[11.080903]
[12.010008]
[18.811527]
[13.7918825]
[12.696673]
[9.489601]
[12.496071]
[13.016892]
[12.760256]
[8.030723]
[7.000953]
[7.025845]
[7.741807]
[10.826844]
[11.029916]
[11.104632]
[8.670391]
[7.173469]
[7.006991]
[7.0334544]
[7.0172553]
[6.989398]
[8.343366]
[7.29294]
[6.996261]
[7.037373]
[7.019841]
[6.9788723]
[7.0092397]
[7.322783]
[7.443804]
[7.301229]
[7.2029185]
[7.0978413]
[7.0353584]
[7.049044]
[7.098013]
[7.2268324]
[7.255531]
[7.194346]
[7.179116]
[7.102721]
[7.0636]
[7.09283]
[7.0914664]
[7.1084876]
[9.160389]
[9.58838]
[14.141146]
[10.693861]
[9.780077]
[10.938034]
[10.7921095]
[9.938744]
[12.771352]
[12.286116]
[10.710138]
[12.17127]
[12.647589]
[10.921493]
[10.545233]
[12.886453]
[13.498429]
[13.40212]
[13.193638]
[17.86461]
[13.014301]
[11.224495]
[14.166136]
[17.5662]
[21.520021]
[15.889019]
[13.375271]
[12.629507]
[11.476572]
[11.446574]
[12.260344]
[12.477075]
[13.239421]
[13.398024]
[12.709441]
[12.669069]
[13.446009]
[13.275852]
[13.162013]
[13.774961]
[13.953123]
[13.00511]
[12.456259]
[13.308321]
[13.597988]
[13.553616]
[13.562206]
[13.176421]
[12.589836]
[12.678867]
[13.482191]
[14.368559]
[14.174507]
[13.175911]
[14.396066]
[14.114272]
[13.606646]
[13.979072]
[13.935365]
[13.201176]
[14.806007]
[14.464241]
[14.427336]
[14.371842]
[14.296552]
[14.2772665]
[14.189638]
[14.328831]
[14.278734]
[16.213514]
[18.893564]
[18.031393]
[14.746701]
[14.066515]
[14.374456]
[14.714377]
[14.842399]
[14.7267885]
[14.562888]
[14.550886]
[14.585925]
[14.697262]
[14.78195]
[14.806698]
[14.664193]
[14.637995]
[14.55047]
[14.639874]
[14.810958]
[14.994473]
[14.947294]
[14.88469]
[14.790514]
[14.757172]
[14.616909]
[14.700125]
[14.579518]
[14.318265]
[14.225701]
[14.1912985]
[14.260949]
[14.151948]
[14.14386]
[14.232687]
[14.380578]
[14.3251915]
[13.948156]
[14.09419]
[13.905979]
[13.657386]
[13.919327]
[13.980188]
[13.714028]
[13.608093]
[13.510179]
[13.3791895]
[13.323332]
[13.685028]
[13.7811365]
[13.928108]
[13.928697]
[13.977358]
[14.674442]
[15.105193]
[17.864288]
[12.087366]
[18.060614]
[39.777813]
[13.805071]
[15.287582]
[15.936293]
[16.10093]
[16.663338]
[16.969019]
[16.933884]
[16.83547]
[16.775862]
[16.623549]
[16.429049]
[16.260717]
[16.215267]
[16.11339]
[16.565958]
[15.924804]
[15.742408]
[15.683089]
[15.521102]
[15.038633]
[15.673866]
[14.373496]
[14.053333]
[14.070755]
[14.252014]
[14.429231]
[15.573409]
[14.652001]
[14.302863]
[14.032238]
[13.804]
[13.643923]
[13.596515]
[13.591743]
[13.551346]
[13.391832]
[13.272308]
[13.120968]
[13.025922]
[12.984157]
[12.875872]
[12.934949]
[13.565342]
[14.45163]
[15.169723]
[15.222394]
[15.195074]
[14.4351845]
[14.032208]
[13.918678]
[13.677643]
[13.963411]
[12.8605995]
[12.536171]
[12.171241]
[11.860698]
[11.894119]
[11.800267]
[11.756429]
[11.660551]
[11.6425705]
[11.545771]
[11.482946]
[11.501086]
[11.396311]
[11.431875]
[11.39815]
[11.385434]
[11.376994]
[11.356177]
[11.312421]
[11.263216]
[11.209357]
[11.180984]
[11.123946]
[11.114454]
[11.120828]
[11.1484375]
[11.098184]
[11.063252]
[11.12065]
[11.0934305]
[10.749206]
[10.69116]
[10.572191]
[10.367247]
[10.281553]
[10.344036]
[10.423766]
[10.394767]
[10.333417]
[10.217953]
[10.288382]
[10.542657]
[11.296932]
[11.459685]
[11.122256]
[10.88072]
[10.682769]
[10.549668]
[10.4632015]
[10.400596]
[10.422365]
[10.356634]
[10.29394]
[10.295804]
[10.2016325]
[10.2008505]
[10.419965]
[10.581157]
[10.508042]
[10.601879]
[10.5591955]
[10.115711]
[9.912419]
[9.76446]
[9.711413]
[9.649549]
[9.68729]
[9.734101]
[9.68601]
[9.613894]
[9.640909]
[9.627713]
[9.605293]
[9.618798]
[9.627726]
[9.586938]
[9.600668]
[9.6065235]
[9.590618]
[9.562008]
[9.517748]
[9.616167]
[9.480851]
[9.533418]
[9.590717]
[9.545454]
[9.554602]
[9.627426]
[9.640983]
[9.726087]
[9.791007]
[8.6155205]
[8.3704815]
[8.241987]
[7.7777247]
[7.69458]
[7.674148]
[7.6599355]
[7.5864773]
[7.6590385]
[7.642351]
[7.5788484]
[7.56005]
[7.535406]
[7.538529]
[7.4590487]
[7.3783712]
[7.452033]
[7.365704]
[7.323375]
[7.4506083]
[7.444895]
[7.378889]
[7.3674893]
[7.357422]
[7.3662233]
[7.3597207]
[7.3516264]
[7.343464]
[7.3485985]
[7.277432]
[7.2782187]
[7.274387]
[7.5654693]
[7.5580726]
[10.603058]
[7.9756527]
[8.807516]
[8.991828]
[7.576823]
[7.3491206]
[7.30379]
[7.2507234]
[7.4916344]
[7.2473288]
[7.464841]
[7.2462063]
[7.4485807]
[7.2342877]
[9.1942425]
[7.7750926]
[7.4110494]
[7.3982778]
[7.386168]
[7.3740664]
[7.3619695]
[7.14409]
[7.333121]
[7.2350545]
[9.2043295]
[7.511593]
[7.1443434]
[7.3000216]
[7.133282]
[7.131553]
[7.2724605]
[7.1244483]
[7.246734]
[7.22768]
[7.1161933]
[7.222486]
[7.1285434]
[7.101575]
[7.107823]
[7.1914153]
[7.102751]
[7.1707997]
[7.0922513]
[7.1127887]
[7.1258683]
[7.147665]
[7.0428014]
[7.1057105]
[7.1336675]
[7.0715203]
[7.0950475]
[7.1053634]
[7.0656557]
[7.120103]
[7.0653143]
[7.024601]
[9.941113]
[9.955994]
[10.307162]
[9.954428]
[10.278903]
[10.355569]
[10.303278]
[10.271752]
[10.827973]
[10.329568]
[10.778903]
[10.2811]
[10.729883]
[10.232853]
[10.68254]
[10.762792]
[10.121618]
[10.099652]
[10.1658]
[10.208996]
[10.262505]
[10.325801]
[10.3331375]
[10.703392]
[10.463025]
[10.99357]
[10.858694]
[10.592074]
[11.379822]
[11.522066]
[11.518068]
[12.950398]
[13.02744]
[12.933488]
[13.270928]
[12.795878]
[13.082692]
[13.471504]
[13.422109]
[15.51086]
[16.56658]
[15.18705]
[12.780863]
[12.788617]
[12.702145]
[12.929837]
[15.114184]
[12.937325]
[12.540779]
[12.414179]
[12.605795]
[11.855938]
[11.658605]
[11.824382]
[12.319752]
[12.639742]
[12.874258]
[12.227928]
[11.730885]
[11.878783]
[11.770676]
[12.625409]
[13.042891]
[13.221034]
[13.378245]
[12.992191]
[13.065877]
[12.763154]
[12.812457]
[13.246121]
[15.683025]
[13.189647]
[21.489752]
[9.9130945]
[15.61964]
[13.505363]
[16.10865]
[16.288603]
[16.153547]
[15.823333]
[15.56988]
[15.204724]
[15.039321]
[14.923029]
[14.685646]
[14.88363]
[16.301914]
[16.669376]
[15.437525]
[15.505099]
[15.867304]
[17.130354]
[16.516743]
[15.79498]
[15.171652]
[14.212054]
[15.725032]
[15.725555]
[17.838034]
[18.136847]
[18.425962]
[18.594185]
[17.70729]
[17.962732]
[18.012894]
[17.819923]
[18.094835]
[18.135242]
[18.072836]
[17.85693]
[17.97116]
[17.999247]
[17.86303]
[17.78181]
[17.872051]
[18.694693]
[18.303047]
[18.301361]
[18.28587]
[18.106834]
[17.923225]
[17.772652]
[17.482302]
[17.73949]
[17.872177]
[18.372395]
[18.544476]
[18.426607]
[18.011839]
[17.797005]
[17.863838]
[17.90814]
[18.21164]
[18.449755]
[23.502316]
[23.40482]
[21.663204]
[25.70399]
[27.015263]
[25.282797]
[24.211163]
[21.849289]
[8.039386]
[16.715786]
[18.577646]
[18.241758]
[21.255152]
[38.190456]
[45.60635]
[51.231598]
[53.701313]
[42.498543]
[38.0501]
[54.61868]
[64.8505]
[64.128395]
[64.504]
[53.839504]
[64.42724]
[70.230835]
[92.83503]
[124.50958]
[106.78779]
[103.93669]
[101.39154]
[98.18785]
[98.587204]
[98.555466]
[94.44367]
[92.42012]
[89.34355]
[86.73567]
[66.47056]
[67.95291]
[88.55087]
[88.42926]
[87.44092]
[88.943054]
[72.24294]
[74.954926]
[112.29461]
[122.3094]
[129.0648]
[128.02968]
[130.09346]
[129.55186]
[128.87921]
[126.87319]
[101.10943]
[97.817245]
[95.465576]
[95.56259]
[93.34437]
[61.219494]
[49.658207]
[60.35391]
[55.93438]
[52.54376]
[41.115185]
[23.128033]
[20.078821]
[20.519753]
[31.147161]
[46.01392]
[41.643894]
[43.456352]
[35.30956]
[19.785408]
[16.022789]
[27.801228]
[19.147041]
[16.765238]
[16.10757]
[14.214445]
[13.583283]
[13.554012]
[15.444683]
[15.430289]
[14.505782]
[13.558626]
[14.267009]
[12.628836]
[12.235239]
[13.259566]
[13.18765]
[12.600033]
[12.93166]
[13.006649]
[13.208327]
[13.4212885]
[15.2022295]
[15.768356]
[12.913096]
[12.452849]
[12.969078]
[13.426199]
[13.462683]
[12.863954]
[12.892998]
[12.854779]
[12.276026]
[12.616722]
[11.3783455]
[10.4060955]
[11.29303]
[12.147876]
[14.160607]
[14.452349]
[16.958223]
[13.574211]
[13.145435]
[13.669872]
[12.297287]
[10.862087]
[11.9955845]
[18.197464]
[11.612155]
[9.77216]
[10.938583]
[11.026087]
[14.397893]
[14.208703]
[12.923539]
[10.6996]
[11.155095]
[23.107027]
[28.953953]
[27.895433]
[26.586403]
[20.87104]
[13.293117]
[11.052374]
[10.921883]
[8.953346]
[8.275065]
[7.876088]
[7.605997]
[7.135636]
[6.9789267]
[7.085926]
[7.2588134]
[7.0417986]
[6.9235864]
[6.8932266]
[6.8030524]
[6.712051][10.25]
[9.45]
[13.02]
[10.69]
[5.31]
[5.25]
[5.26]
[5.31]
[5.31]
[5.3]
[5.29]
[5.3]
[9.25]
[9.31]
[9.28]
[9.29]
[9.27]
[9.26]
[9.25]
[9.26]
[9.26]
[9.27]
[9.25]
[9.25]
[9.32]
[9.28]
[9.26]
[9.22]
[9.21]
[9.23]
[9.23]
[9.06]
[9.24]
[9.25]
[9.24]
[9.29]
[9.55]
[9.28]
[9.27]
[9.27]
[9.25]
[9.24]
[9.28]
[12.21]
[12.29]
[12.32]
[12.27]
[12.3]
[12.29]
[12.25]
[12.25]
[12.25]
[12.29]
[12.3]
[12.3]
[12.31]
[12.36]
[12.34]
[12.35]
[12.36]
[12.37]
[12.39]
[12.39]
[12.4]
[12.36]
[12.39]
[12.4]
[12.41]
[12.52]
[12.25]
[12.25]
[12.03]
[12.31]
[26.75]
[15.2]
[15.05]
[15.12]
[15.03]
[15.09]
[15.17]
[15.22]
[15.41]
[15.4]
[15.43]
[15.24]
[15.14]
[15.08]
[15.29]
[15.3]
[15.23]
[15.22]
[15.17]
[15.21]
[15.24]
[15.21]
[15.26]
[15.09]
[15.03]
[14.94]
[15.09]
[15.28]
[15.3]
[15.52]
[15.38]
[15.46]
[15.26]
[15.55]
[15.54]
[15.27]
[22.36]
[17.87]
[15.85]
[42.75]
[82.22]
[94.05]
[93.25]
[90.97]
[55.68]
[49.63]
[58.09]
[56.67]
[54.59]
[53.59]
[58.05]
[53.08]
[41.74]
[57.88]
[58.89]
[56.17]
[56.45]
[59.98]
[24.57]
[23.68]
[48.95]
[58.59]
[52.66]
[61.65]
[55.39]
[15.63]
[15.57]
[49.45]
[48.02]
[57.5]
[95.04]
[91.35]
[127.12]
[159.08]
[215.85]
[192.9]
[144.63]
[136.75]
[131.02]
[99.64]
[86.83]
[129.19]
[131.03]
[129.73]
[130.49]
[130.52]
[92.3]
[87.76]
[90.33]
[91.84]
[90.24]
[92.4]
[96.82]
[52.74]
[45.22]
[55.96]
[60.38]
[51.61]
[55.5]
[62.81]
[54.04]
[56.12]
[53.08]
[60.33]
[38.11]
[64.66]
[62.07]
[50.21]
[45.53]
[67.12]
[58.52]
[53.52]
[50.52]
[53.77]
[41.06]
[38.17]
[35.45]
[50.08]
[57.71]
[43.73]
[61.41]
[54.5]
[42.43]
[96.98]
[93.31]
[95.73]
[93.08]
[91.61]
[94.94]
[85.74]
[88.4]
[98.74]
[90.94]
[95.37]
[98.5]
[45.13]
[47.61]
[67.66]
[39.1]
[71.69]
[37.29]
[69.59]
[19.53]
[12.7]
[49.99]
[27.12]
[31.05]
[19.21]
[28.46]
[14.31]
[9.94]
[17.83]
[28.86]
[44.83]
[46.46]
[52.06]
[24.01]
[9.42]
[50.97]
[57.23]
[44.2]
[37.8]
[12.15]
[9.41]
[10.47]
[20.43]
[33.31]
[48.25]
[44.01]
[55.45]
[12.7]
[10.36]
[51.64]
[50.92]
[50.38]
[49.93]
[49.1]
[13.79]
[10.13]
[29.22]
[34.2]
[23.2]
[39.35]
[38.77]
[14.08]
[10.2]
[32.49]
[35.58]
[33.86]
[32.24]
[29.9]
[23.23]
[16.87]
[24.9]
[28.37]
[17.49]
[16.74]
[47.53]
[16.06]
[15.03]
[32.65]
[36.66]
[33.79]
[32.62]
[31.6]
[12.79]
[8.68]
[29.3]
[28.48]
[33.01]
[32.79]
[29.71]
[12.11]
[7.79]
[7.39]
[5.3]
[5.33]
[5.36]
[5.41]
[5.44]
[5.46]
[5.48]
[5.51]
[5.52]
[5.54]
[5.55]
[5.56]
[5.57]
[5.58]
[5.41]
[5.59]
[5.59]
[5.59]
[5.59]
[5.59]
[5.59]
[5.52]
[9.82]
[15.53]
[16.95]
[20.82]
[11.7]
[14.18]
[15.4]
[23.39]
[19.41]
[16.47]
[11.42]
[6.71]
[12.54]
[12.67]
[10.63]
[11.37]
[12.05]
[14.44]
[14.47]
[12.32]
[14.46]
[13.82]
[14.57]
[14.58]
[8.47]
[14.78]
[14.81]
[14.47]
[5.31]
[5.31]
[5.29]
[6.65]
[12.03]
[10.97]
[11.68]
[7.09]
[5.32]
[5.32]
[5.33]
[5.32]
[5.32]
[7.66]
[5.32]
[5.32]
[5.32]
[5.29]
[5.21]
[5.09]
[5.1]
[5.1]
[5.1]
[5.11]
[5.11]
[5.1]
[5.12]
[5.22]
[5.48]
[5.49]
[5.27]
[5.12]
[5.13]
[5.12]
[5.12]
[5.11]
[5.16]
[8.76]
[8.76]
[8.94]
[8.95]
[8.95]
[10.8]
[10.34]
[8.93]
[12.82]
[12.41]
[9.78]
[12.71]
[13.05]
[9.78]
[9.61]
[13.47]
[13.71]
[13.82]
[13.8]
[20.11]
[12.1]
[10.21]
[15.44]
[19.36]
[24.22]
[16.35]
[13.82]
[12.91]
[11.05]
[11.21]
[12.63]
[12.73]
[13.93]
[14.]
[12.75]
[12.72]
[14.06]
[13.64]
[13.18]
[14.13]
[14.47]
[12.97]
[12.08]
[13.53]
[13.92]
[14.]
[14.03]
[13.47]
[12.53]
[12.61]
[12.89]
[13.87]
[13.64]
[12.29]
[13.75]
[12.77]
[12.77]
[13.97]
[13.97]
[12.95]
[15.58]
[14.78]
[14.97]
[14.82]
[14.67]
[14.69]
[14.7]
[14.81]
[14.7]
[17.5]
[18.04]
[19.37]
[14.58]
[14.62]
[14.69]
[14.75]
[14.6]
[14.39]
[14.42]
[14.49]
[14.55]
[14.59]
[14.62]
[14.6]
[14.31]
[14.23]
[14.12]
[14.15]
[14.3]
[14.52]
[14.49]
[14.43]
[14.23]
[14.17]
[14.28]
[14.37]
[14.29]
[14.2]
[14.09]
[14.11]
[14.23]
[14.04]
[14.13]
[14.15]
[14.07]
[14.02]
[13.88]
[13.88]
[13.78]
[13.82]
[13.92]
[14.08]
[13.97]
[13.86]
[13.82]
[13.83]
[13.99]
[14.01]
[13.84]
[13.78]
[13.71]
[13.96]
[14.1]
[13.99]
[13.72]
[16.98]
[13.92]
[13.67]
[13.53]
[13.42]
[13.41]
[13.36]
[14.17]
[14.52]
[14.48]
[14.44]
[14.41]
[14.38]
[14.37]
[14.35]
[14.34]
[14.31]
[15.25]
[14.32]
[14.31]
[14.29]
[14.29]
[14.58]
[14.56]
[12.15]
[11.95]
[11.88]
[11.87]
[11.82]
[13.39]
[11.95]
[11.94]
[11.89]
[11.86]
[11.86]
[11.84]
[11.83]
[11.81]
[11.86]
[11.86]
[11.8]
[11.8]
[11.79]
[11.78]
[11.77]
[11.96]
[11.94]
[11.9]
[11.85]
[11.35]
[11.83]
[11.8]
[12.]
[12.06]
[12.03]
[9.66]
[9.6]
[9.59]
[9.63]
[9.74]
[9.73]
[9.68]
[9.68]
[9.7]
[9.68]
[9.68]
[9.67]
[9.67]
[9.73]
[9.77]
[9.75]
[9.77]
[9.77]
[9.77]
[9.74]
[9.74]
[9.73]
[9.72]
[9.75]
[9.75]
[9.79]
[9.77]
[9.77]
[9.78]
[9.77]
[9.09]
[9.09]
[8.91]
[8.69]
[8.69]
[8.66]
[8.69]
[8.7]
[8.7]
[8.66]
[8.67]
[8.77]
[8.78]
[8.78]
[8.77]
[8.78]
[8.77]
[8.74]
[8.74]
[8.77]
[8.77]
[8.77]
[8.76]
[8.77]
[8.76]
[8.77]
[8.77]
[8.76]
[8.76]
[8.77]
[8.71]
[8.26]
[8.23]
[8.06]
[8.02]
[8.01]
[8.04]
[8.06]
[8.04]
[8.05]
[8.06]
[8.05]
[8.05]
[8.07]
[8.07]
[8.06]
[8.04]
[8.08]
[8.07]
[8.07]
[8.03]
[8.1]
[8.09]
[8.1]
[8.11]
[8.1]
[8.11]
[8.12]
[8.11]
[8.11]
[8.13]
[6.13]
[6.11]
[5.91]
[5.29]
[5.35]
[5.29]
[5.31]
[5.3]
[5.3]
[5.3]
[5.31]
[5.3]
[5.27]
[5.29]
[5.29]
[5.29]
[5.3]
[5.3]
[5.34]
[5.31]
[5.31]
[5.32]
[5.32]
[5.31]
[5.33]
[5.32]
[5.32]
[5.31]
[5.33]
[5.32]
[5.34]
[5.34]
[5.89]
[5.74]
[5.51]
[5.5]
[7.49]
[7.16]
[5.55]
[5.56]
[5.48]
[5.43]
[5.41]
[5.42]
[5.48]
[5.44]
[5.44]
[5.44]
[7.99]
[5.37]
[5.4]
[5.41]
[5.38]
[5.38]
[5.39]
[5.38]
[5.38]
[5.43]
[5.4]
[5.41]
[5.42]
[5.41]
[5.41]
[5.41]
[5.41]
[5.42]
[5.44]
[5.44]
[5.45]
[5.47]
[5.47]
[5.4]
[5.42]
[5.44]
[5.46]
[5.47]
[5.46]
[5.46]
[5.47]
[5.47]
[5.42]
[5.48]
[5.49]
[5.48]
[5.46]
[5.46]
[5.5]
[5.51]
[5.48]
[5.46]
[9.04]
[9.13]
[9.13]
[9.16]
[9.17]
[9.17]
[9.19]
[9.21]
[9.24]
[9.24]
[9.22]
[9.2]
[9.27]
[9.28]
[9.28]
[9.29]
[9.32]
[9.33]
[9.33]
[9.34]
[9.36]
[9.37]
[9.38]
[9.41]
[9.41]
[9.41]
[9.41]
[9.42]
[9.83]
[9.49]
[9.52]
[12.18]
[12.29]
[12.29]
[12.33]
[12.37]
[12.42]
[12.45]
[12.39]
[15.27]
[16.55]
[14.11]
[12.06]
[12.15]
[12.22]
[12.2]
[14.89]
[12.24]
[12.29]
[12.3]
[12.82]
[12.19]
[12.16]
[12.29]
[12.32]
[12.3]
[12.41]
[12.47]
[12.46]
[12.66]
[12.65]
[14.68]
[15.59]
[15.66]
[15.62]
[15.61]
[15.62]
[15.55]
[15.55]
[15.53]
[15.48]
[15.58]
[15.63]
[15.67]
[15.73]
[15.76]
[15.69]
[15.74]
[15.74]
[15.7]
[15.75]
[15.81]
[15.74]
[15.69]
[15.67]
[15.67]
[15.69]
[15.71]
[15.78]
[15.82]
[15.85]
[15.84]
[15.82]
[15.81]
[15.68]
[15.65]
[15.45]
[15.76]
[15.72]
[15.72]
[15.72]
[15.86]
[15.62]
[15.55]
[15.84]
[15.47]
[15.85]
[15.91]
[15.89]
[15.6]
[15.96]
[15.99]
[15.84]
[15.77]
[15.99]
[15.57]
[15.56]
[15.78]
[15.69]
[15.67]
[15.63]
[15.75]
[15.5]
[15.92]
[15.96]
[15.99]
[16.2]
[15.99]
[15.99]
[15.96]
[15.93]
[15.94]
[15.96]
[15.89]
[15.75]
[15.57]
[14.85]
[16.98]
[17.18]
[17.15]
[16.64]
[16.94]
[16.89]
[16.85]
[16.85]
[16.82]
[22.09]
[48.14]
[54.09]
[52.25]
[50.82]
[26.21]
[24.32]
[46.38]
[54.6]
[55.32]
[58.59]
[42.22]
[59.61]
[52.27]
[91.07]
[134.99]
[99.13]
[93.08]
[89.49]
[90.15]
[90.7]
[92.91]
[90.54]
[92.41]
[91.17]
[89.85]
[54.37]
[55.31]
[91.98]
[89.63]
[92.51]
[92.65]
[53.92]
[58.15]
[118.86]
[121.02]
[128.01]
[129.11]
[130.04]
[130.07]
[129.96]
[130.52]
[93.73]
[94.19]
[93.43]
[94.32]
[94.03]
[49.04]
[42.92]
[63.69]
[56.03]
[54.7]
[38.34]
[11.79]
[11.72]
[12.96]
[33.11]
[57.23]
[47.44]
[52.93]
[38.46]
[13.38]
[10.84]
[32.12]
[12.86]
[13.04]
[11.96]
[9.06]
[9.09]
[9.87]
[13.99]
[13.87]
[12.77]
[11.54]
[13.62]
[10.08]
[9.89]
[11.66]
[11.41]
[10.97]
[12.27]
[12.58]
[13.52]
[14.11]
[18.19]
[19.12]
[13.6]
[13.55]
[13.48]
[13.43]
[13.64]
[13.07]
[13.76]
[13.75]
[12.85]
[13.71]
[11.22]
[9.92]
[11.7]
[12.05]
[15.5]
[15.5]
[20.41]
[11.86]
[11.21]
[12.16]
[10.03]
[8.58]
[11.93]
[24.96]
[9.81]
[9.12]
[11.89]
[11.97]
[19.72]
[18.14]
[16.04]
[11.71]
[13.74]
[39.18]
[46.43]
[42.22]
[40.7]
[29.17]
[11.6]
[7.7]
[7.77]
[5.18]
[5.21]
[5.24]
[5.27]
[5.28]
[5.29]
[5.31]
[5.33]
[5.34]
[5.35]
[5.36]
[5.37]
[5.38]
[5.39]