0.878972002209035, 0.9002477834584157, -9.46598246638241, 211.7704068815937[13.86964]
[11.485832]
[10.354042]
[12.217583]
[11.38114]
[7.981819]
[7.276249]
[7.231487]
[7.1804075]
[7.211818]
[7.118191]
[7.1319075]
[7.1295753]
[9.412148]
[9.9730015]
[9.9737015]
[10.215838]
[11.836538]
[13.036656]
[11.815729]
[10.614022]
[10.558419]
[10.502412]
[10.441789]
[10.370908]
[10.4313965]
[10.415001]
[10.30518]
[10.200845]
[10.122432]
[10.14563]
[10.38611]
[10.288888]
[10.198589]
[10.266741]
[10.263188]
[10.138757]
[10.704403]
[14.163272]
[11.37681]
[11.158776]
[11.460877]
[11.201554]
[10.8270035]
[12.437756]
[12.822046]
[12.885443]
[12.860326]
[13.135081]
[13.542603]
[13.325925]
[12.959898]
[12.879494]
[12.886294]
[12.750948]
[12.77969]
[12.779133]
[12.748817]
[12.677053]
[12.690257]
[12.698053]
[12.639351]
[12.64465]
[12.720108]
[12.754116]
[13.054387]
[13.335169]
[13.041452]
[12.920787]
[13.075665]
[15.4840975]
[10.6603775]
[11.880358]
[12.608086]
[38.516636]
[19.08551]
[14.621797]
[14.542157]
[14.514422]
[14.56696]
[14.686829]
[14.669639]
[14.719202]
[14.837967]
[14.820573]
[14.682216]
[14.720136]
[14.718563]
[14.790999]
[14.756689]
[14.838138]
[14.841586]
[14.999295]
[14.742703]
[14.735447]
[14.840975]
[14.784251]
[14.643424]
[14.585778]
[14.4266815]
[14.758153]
[14.910987]
[14.836053]
[15.299004]
[15.352551]
[15.712816]
[19.598492]
[22.852453]
[21.696568]
[33.102444]
[58.703762]
[27.717257]
[66.85207]
[68.846405]
[77.97329]
[96.75707]
[135.49797]
[97.13747]
[72.53584]
[64.54021]
[67.788124]
[65.44036]
[60.654503]
[57.01666]
[58.518204]
[55.036102]
[45.982365]
[54.60268]
[57.192017]
[54.447937]
[55.470528]
[58.274273]
[35.793182]
[31.697367]
[47.143734]
[53.95772]
[50.052647]
[53.83826]
[49.55845]
[27.227446]
[28.174732]
[49.742798]
[54.579964]
[83.64437]
[107.79151]
[144.02206]
[162.77701]
[168.65804]
[205.46936]
[174.37633]
[151.43074]
[146.13695]
[132.05168]
[108.880646]
[93.90233]
[116.41132]
[121.83868]
[123.53939]
[126.30314]
[134.89813]
[114.3294]
[103.30476]
[97.3457]
[97.44844]
[95.57419]
[94.9285]
[98.8455]
[78.704834]
[70.38215]
[78.60193]
[77.51142]
[75.05383]
[73.643425]
[75.20866]
[66.97395]
[64.15003]
[60.59912]
[62.93084]
[48.628517]
[61.182987]
[62.128563]
[55.525043]
[52.22485]
[63.14439]
[57.982952]
[52.3796]
[48.97705]
[50.619488]
[46.807003]
[47.51733]
[51.031948]
[67.8161]
[72.369385]
[64.71967]
[70.583725]
[63.715786]
[63.252213]
[101.83977]
[99.30442]
[96.25418]
[90.48966]
[86.80109]
[87.79396]
[85.36212]
[90.14896]
[97.94705]
[95.30477]
[103.71941]
[105.311455]
[78.04592]
[73.86311]
[79.42685]
[61.782463]
[77.42973]
[56.866474]
[70.09579]
[41.83055]
[30.310501]
[51.644978]
[40.80369]
[39.10961]
[31.376091]
[34.655064]
[26.711048]
[21.175545]
[25.053455]
[31.761038]
[41.586994]
[43.20637]
[47.542507]
[35.33841]
[24.45394]
[47.381126]
[54.307076]
[46.805786]
[43.742172]
[29.368227]
[25.616663]
[24.92483]
[28.327658]
[35.594376]
[44.487366]
[42.974888]
[48.04182]
[25.603216]
[20.94695]
[43.5878]
[45.372704]
[45.276073]
[44.51121]
[42.76232]
[26.169659]
[22.96719]
[32.030563]
[36.014755]
[29.059395]
[35.62428]
[36.251358]
[21.775366]
[16.333235]
[28.170097]
[32.829628]
[31.224184]
[29.760778]
[28.00152]
[23.523777]
[19.450218]
[23.50085]
[26.536514]
[21.869392]
[23.337852]
[42.708237]
[25.046244]
[18.832817]
[28.305326]
[32.526924]
[30.60922]
[29.466919]
[28.151718]
[17.418648]
[12.939751]
[23.480055]
[24.97047]
[27.915886]
[28.336266]
[26.585657]
[16.183773]
[11.504867]
[10.636667]
[9.3961935]
[9.0130205]
[9.47151]
[9.632052]
[9.180908]
[9.078425]
[8.986177]
[9.100354]
[9.061436]
[8.97258]
[8.842062]
[8.773114]
[8.809527]
[8.818676]
[8.702856]
[8.6232]
[8.579006]
[8.601075]
[8.601075]
[8.601075]
[8.601075]
[8.384254]
[10.24162]
[15.536077]
[15.98766]
[17.841494]
[13.467542]
[13.621234]
[14.361756]
[18.76613]
[17.938612]
[15.856372]
[12.533356]
[9.266699]
[11.760995]
[12.441344]
[11.381552]
[11.493827]
[12.026651]
[13.572179]
[13.787169]
[12.48274]
[13.447921]
[20.548353]
[15.735847]
[13.939756]
[10.437542]
[13.378715]
[14.068726]
[13.949276]
[8.656606]
[7.413729]
[7.372536]
[7.990246]
[11.202395]
[11.556991]
[11.6222315]
[9.051545]
[7.45589]
[7.2111406]
[7.204335]
[7.119704]
[7.1327415]
[8.513277]
[7.373065]
[7.1406775]
[7.120265]
[7.089248]
[7.0283504]
[7.381701]
[7.705025]
[7.3542037]
[7.269845]
[7.163681]
[7.052377]
[7.086198]
[7.0937]
[7.0862255]
[7.2208514]
[7.288709]
[7.3575215]
[7.1659718]
[6.987503]
[7.101422]
[7.0721807]
[7.063366]
[7.0214176]
[9.137688]
[9.6114025]
[14.42912]
[10.891625]
[9.756414]
[10.917904]
[10.766074]
[9.928993]
[12.786158]
[12.443153]
[10.713681]
[12.146011]
[12.698503]
[10.865991]
[10.4131775]
[12.820146]
[13.446966]
[13.386512]
[13.362996]
[17.933466]
[13.517467]
[11.03934]
[14.139187]
[17.639894]
[21.828966]
[16.731703]
[13.699066]
[12.810604]
[11.440696]
[11.341187]
[12.232727]
[12.511097]
[13.307989]
[13.516088]
[12.757007]
[12.616226]
[13.311196]
[13.272108]
[13.076193]
[13.682483]
[13.786991]
[12.911185]
[12.205478]
[13.00519]
[13.26083]
[13.284935]
[13.1856165]
[12.8952]
[12.264913]
[12.22444]
[12.641119]
[13.6453085]
[13.3215065]
[12.169665]
[13.2986555]
[13.064962]
[12.525018]
[13.271192]
[13.414186]
[12.671133]
[14.3382435]
[14.005307]
[14.041865]
[13.948959]
[13.775387]
[13.596075]
[13.576392]
[13.613567]
[13.512086]
[15.10567]
[18.271952]
[17.395557]
[14.01349]
[13.441583]
[13.699844]
[13.69883]
[13.967853]
[13.546611]
[13.462384]
[13.468424]
[13.499623]
[13.539661]
[13.527689]
[13.507276]
[13.291081]
[12.975729]
[12.814749]
[12.742608]
[12.786924]
[12.866774]
[12.829311]
[12.795727]
[12.772045]
[12.607498]
[12.610986]
[12.734525]
[12.574573]
[12.429004]
[12.35426]
[12.3532095]
[12.465878]
[12.355728]
[12.389278]
[12.540431]
[12.633887]
[12.427896]
[12.2885275]
[12.343551]
[12.101432]
[12.102377]
[12.246233]
[12.317756]
[12.192901]
[12.092244]
[12.039985]
[11.990341]
[12.073152]
[12.260781]
[12.308877]
[12.382788]
[12.392418]
[12.555379]
[12.942983]
[12.771813]
[10.385868]
[13.656636]
[25.385849]
[16.876057]
[11.050515]
[10.867741]
[12.378255]
[13.123234]
[13.334124]
[13.6981125]
[13.693932]
[13.822427]
[13.817341]
[13.879032]
[13.817239]
[13.801281]
[13.893726]
[13.939716]
[14.550412]
[14.050625]
[13.934085]
[13.886742]
[13.955764]
[13.436844]
[13.892661]
[12.421979]
[11.956946]
[11.721443]
[11.869711]
[12.161398]
[13.1645975]
[12.500862]
[12.159089]
[12.07736]
[12.082767]
[12.026783]
[12.01993]
[12.172369]
[12.039981]
[12.051977]
[11.997418]
[11.985381]
[11.921391]
[11.87822]
[11.847997]
[11.937094]
[12.323767]
[13.201722]
[14.026265]
[13.818097]
[13.504709]
[13.12802]
[12.90764]
[12.697383]
[12.796373]
[13.088947]
[12.30383]
[11.55418]
[10.905322]
[10.937913]
[11.0399275]
[11.034724]
[11.029347]
[10.961677]
[10.988614]
[10.911228]
[10.964543]
[10.915569]
[10.863543]
[10.933525]
[10.901924]
[10.9545145]
[10.90033]
[10.896643]
[10.854789]
[10.814828]
[10.758326]
[10.740743]
[10.677191]
[10.71594]
[10.721063]
[10.706895]
[10.647264]
[10.691351]
[10.71156]
[10.705443]
[10.364142]
[10.193189]
[10.051822]
[9.821433]
[9.865485]
[9.942747]
[9.889618]
[9.820589]
[9.76059]
[9.803951]
[10.097227]
[10.787097]
[11.077755]
[10.504532]
[10.402259]
[10.257065]
[10.185102]
[10.114872]
[10.037193]
[10.072556]
[10.061086]
[9.937365]
[9.970707]
[9.883078]
[9.817184]
[10.083136]
[10.314613]
[10.196416]
[10.211048]
[10.330112]
[10.044548]
[9.624824]
[9.509884]
[9.416267]
[9.309925]
[9.290442]
[9.379778]
[9.332824]
[9.229672]
[9.236429]
[9.265779]
[9.191856]
[9.207214]
[9.212238]
[9.169405]
[9.153798]
[9.165303]
[9.109767]
[9.087785]
[9.038231]
[9.062017]
[9.076881]
[8.964833]
[9.030684]
[9.079344]
[9.025253]
[9.003845]
[9.0738535]
[9.09653]
[9.180804]
[9.1495285]
[7.8980527]
[7.570858]
[7.374739]
[6.9364686]
[6.895678]
[6.8394475]
[6.8766055]
[6.8170695]
[6.8441963]
[6.8614144]
[6.8102527]
[6.8182735]
[6.7943172]
[6.797962]
[6.7876587]
[6.7447443]
[6.776388]
[6.7879286]
[6.727245]
[6.8008795]
[6.80073]
[6.7462864]
[6.7621903]
[6.7526565]
[6.761392]
[6.7557817]
[6.7476807]
[6.7404]
[6.745754]
[6.739354]
[6.7130494]
[6.763866]
[7.0508924]
[7.073313]
[10.2874565]
[7.6318636]
[8.358098]
[8.569375]
[7.093641]
[6.7584815]
[6.6791883]
[6.6081934]
[6.85452]
[6.599286]
[6.816851]
[6.5695176]
[6.771956]
[6.5275507]
[8.589848]
[7.1592627]
[6.683079]
[6.6538825]
[6.625575]
[6.597174]
[6.56875]
[6.322078]
[6.492785]
[6.3591065]
[8.435183]
[6.654621]
[6.2340646]
[6.364026]
[6.1869926]
[6.18023]
[6.2924705]
[6.1353498]
[6.26109]
[6.212944]
[6.1057534]
[6.1922526]
[6.0637174]
[6.037729]
[6.0020046]
[6.0779448]
[5.9815063]
[6.0551844]
[5.9394503]
[5.9671392]
[5.938525]
[5.9459076]
[5.8311653]
[5.9044776]
[5.890178]
[5.8181014]
[5.8531203]
[5.81487]
[5.769396]
[5.8352613]
[5.734649]
[5.711821]
[8.646437]
[8.858254]
[9.13838]
[8.829871]
[9.04528]
[9.116893]
[9.031112]
[8.969042]
[9.474072]
[9.044993]
[9.3931875]
[8.965725]
[9.311944]
[8.886218]
[9.232016]
[9.342664]
[8.845577]
[8.746298]
[8.755042]
[8.755482]
[8.766615]
[8.728592]
[8.680887]
[8.962741]
[8.752858]
[9.12089]
[8.81153]
[8.613111]
[9.111556]
[9.177106]
[9.136973]
[10.494021]
[10.813396]
[10.750685]
[11.1578455]
[10.748876]
[11.028377]
[11.562625]
[11.617129]
[14.165836]
[15.561553]
[13.945425]
[11.176997]
[11.061067]
[11.118061]
[11.513914]
[14.386805]
[11.739836]
[11.290872]
[11.208664]
[11.543107]
[10.678137]
[10.515837]
[10.683997]
[10.94281]
[11.090195]
[11.206244]
[11.10656]
[10.970736]
[11.077278]
[11.061261]
[12.284039]
[12.96629]
[13.272614]
[13.359373]
[12.642613]
[12.379063]
[11.75772]
[11.481552]
[11.518476]
[9.377145]
[12.271446]
[14.855]
[14.923747]
[13.053778]
[10.767444]
[13.201516]
[14.573262]
[14.6508665]
[14.492734]
[14.378408]
[14.243591]
[14.113303]
[14.037113]
[13.933472]
[13.808361]
[12.259653]
[13.124423]
[13.03794]
[13.047106]
[12.709242]
[13.029261]
[13.045536]
[12.903269]
[12.645179]
[14.131468]
[13.776042]
[13.176957]
[13.961618]
[15.334693]
[16.244057]
[16.613657]
[15.50919]
[15.843548]
[16.415503]
[16.170687]
[16.217789]
[16.29481]
[16.085207]
[15.494122]
[15.541857]
[15.424871]
[15.235721]
[15.067644]
[15.100996]
[15.521399]
[16.17395]
[15.866191]
[15.242275]
[15.156138]
[15.073643]
[15.091193]
[14.849295]
[15.270621]
[15.438746]
[15.452105]
[16.47247]
[15.906103]
[15.7596855]
[15.732555]
[15.731862]
[16.127361]
[16.058289]
[16.7114]
[20.486391]
[22.637087]
[18.800598]
[25.285545]
[26.276335]
[23.569876]
[22.951488]
[21.853668]
[7.221282]
[16.173975]
[18.974241]
[18.512642]
[21.844173]
[40.03899]
[46.587433]
[51.198715]
[57.58862]
[46.981724]
[40.68694]
[57.727745]
[68.456245]
[67.03317]
[67.70114]
[58.621616]
[77.72344]
[92.65094]
[96.16581]
[126.98108]
[116.477394]
[122.99746]
[106.97758]
[104.21467]
[101.62286]
[103.374855]
[99.55226]
[96.96548]
[93.818436]
[91.86579]
[78.15415]
[77.6651]
[92.5222]
[92.589584]
[92.29313]
[94.573586]
[91.75152]
[91.3124]
[112.76354]
[124.83039]
[142.01198]
[138.49747]
[132.51535]
[133.19954]
[136.09183]
[131.85266]
[105.57718]
[106.015755]
[101.680214]
[99.92395]
[98.562485]
[67.88551]
[56.586586]
[66.870285]
[62.491047]
[58.90743]
[47.388973]
[28.464048]
[24.438112]
[24.351873]
[36.017406]
[52.178356]
[47.4112]
[49.28]
[40.880856]
[24.369482]
[19.79192]
[32.519173]
[23.25381]
[19.99985]
[19.489386]
[17.234735]
[16.261333]
[16.299269]
[18.46509]
[18.583109]
[17.570068]
[16.698303]
[17.416233]
[15.878696]
[15.482556]
[16.521011]
[16.382235]
[15.643722]
[16.205656]
[16.397392]
[16.55045]
[16.990372]
[18.926348]
[19.648315]
[16.665892]
[16.150137]
[16.971577]
[17.240046]
[16.797043]
[16.186762]
[16.376812]
[16.410685]
[15.752647]
[16.197962]
[14.797522]
[13.641966]
[14.824966]
[15.976757]
[17.828396]
[18.049168]
[21.03013]
[17.606373]
[17.049904]
[16.882755]
[15.241798]
[13.920231]
[15.117479]
[22.081362]
[15.293573]
[13.221308]
[14.1913185]
[14.374235]
[18.148354]
[18.226763]
[16.86373]
[14.293245]
[14.580783]
[27.12596]
[33.5413]
[32.355576]
[30.877941]
[25.615456]
[18.753376]
[14.155506]
[12.77751]
[11.001853]
[10.193819]
[10.025977]
[9.79122]
[9.109631]
[9.513786]
[9.693674]
[9.759402]
[9.256532]
[9.392699]
[9.467903]
[9.112979]
[9.27457][10.25]
[9.45]
[13.02]
[10.69]
[5.31]
[5.25]
[5.26]
[5.31]
[5.31]
[5.3]
[5.29]
[5.3]
[9.25]
[9.31]
[9.28]
[9.29]
[9.27]
[9.26]
[9.25]
[9.26]
[9.26]
[9.27]
[9.25]
[9.25]
[9.32]
[9.28]
[9.26]
[9.22]
[9.21]
[9.23]
[9.23]
[9.06]
[9.24]
[9.25]
[9.24]
[9.29]
[9.55]
[9.28]
[9.27]
[9.27]
[9.25]
[9.24]
[9.28]
[12.21]
[12.29]
[12.32]
[12.27]
[12.3]
[12.29]
[12.25]
[12.25]
[12.25]
[12.29]
[12.3]
[12.3]
[12.31]
[12.36]
[12.34]
[12.35]
[12.36]
[12.37]
[12.39]
[12.39]
[12.4]
[12.36]
[12.39]
[12.4]
[12.41]
[12.52]
[12.25]
[12.25]
[12.03]
[12.31]
[26.75]
[15.2]
[15.05]
[15.12]
[15.03]
[15.09]
[15.17]
[15.22]
[15.41]
[15.4]
[15.43]
[15.24]
[15.14]
[15.08]
[15.29]
[15.3]
[15.23]
[15.22]
[15.17]
[15.21]
[15.24]
[15.21]
[15.26]
[15.09]
[15.03]
[14.94]
[15.09]
[15.28]
[15.3]
[15.52]
[15.38]
[15.46]
[15.26]
[15.55]
[15.54]
[15.27]
[22.36]
[17.87]
[15.85]
[42.75]
[82.22]
[94.05]
[93.25]
[90.97]
[55.68]
[49.63]
[58.09]
[56.67]
[54.59]
[53.59]
[58.05]
[53.08]
[41.74]
[57.88]
[58.89]
[56.17]
[56.45]
[59.98]
[24.57]
[23.68]
[48.95]
[58.59]
[52.66]
[61.65]
[55.39]
[15.63]
[15.57]
[49.45]
[48.02]
[57.5]
[95.04]
[91.35]
[127.12]
[159.08]
[215.85]
[192.9]
[144.63]
[136.75]
[131.02]
[99.64]
[86.83]
[129.19]
[131.03]
[129.73]
[130.49]
[130.52]
[92.3]
[87.76]
[90.33]
[91.84]
[90.24]
[92.4]
[96.82]
[52.74]
[45.22]
[55.96]
[60.38]
[51.61]
[55.5]
[62.81]
[54.04]
[56.12]
[53.08]
[60.33]
[38.11]
[64.66]
[62.07]
[50.21]
[45.53]
[67.12]
[58.52]
[53.52]
[50.52]
[53.77]
[41.06]
[38.17]
[35.45]
[50.08]
[57.71]
[43.73]
[61.41]
[54.5]
[42.43]
[96.98]
[93.31]
[95.73]
[93.08]
[91.61]
[94.94]
[85.74]
[88.4]
[98.74]
[90.94]
[95.37]
[98.5]
[45.13]
[47.61]
[67.66]
[39.1]
[71.69]
[37.29]
[69.59]
[19.53]
[12.7]
[49.99]
[27.12]
[31.05]
[19.21]
[28.46]
[14.31]
[9.94]
[17.83]
[28.86]
[44.83]
[46.46]
[52.06]
[24.01]
[9.42]
[50.97]
[57.23]
[44.2]
[37.8]
[12.15]
[9.41]
[10.47]
[20.43]
[33.31]
[48.25]
[44.01]
[55.45]
[12.7]
[10.36]
[51.64]
[50.92]
[50.38]
[49.93]
[49.1]
[13.79]
[10.13]
[29.22]
[34.2]
[23.2]
[39.35]
[38.77]
[14.08]
[10.2]
[32.49]
[35.58]
[33.86]
[32.24]
[29.9]
[23.23]
[16.87]
[24.9]
[28.37]
[17.49]
[16.74]
[47.53]
[16.06]
[15.03]
[32.65]
[36.66]
[33.79]
[32.62]
[31.6]
[12.79]
[8.68]
[29.3]
[28.48]
[33.01]
[32.79]
[29.71]
[12.11]
[7.79]
[7.39]
[5.3]
[5.33]
[5.36]
[5.41]
[5.44]
[5.46]
[5.48]
[5.51]
[5.52]
[5.54]
[5.55]
[5.56]
[5.57]
[5.58]
[5.41]
[5.59]
[5.59]
[5.59]
[5.59]
[5.59]
[5.59]
[5.52]
[9.82]
[15.53]
[16.95]
[20.82]
[11.7]
[14.18]
[15.4]
[23.39]
[19.41]
[16.47]
[11.42]
[6.71]
[12.54]
[12.67]
[10.63]
[11.37]
[12.05]
[14.44]
[14.47]
[12.32]
[14.46]
[13.82]
[14.57]
[14.58]
[8.47]
[14.78]
[14.81]
[14.47]
[5.31]
[5.31]
[5.29]
[6.65]
[12.03]
[10.97]
[11.68]
[7.09]
[5.32]
[5.32]
[5.33]
[5.32]
[5.32]
[7.66]
[5.32]
[5.32]
[5.32]
[5.29]
[5.21]
[5.09]
[5.1]
[5.1]
[5.1]
[5.11]
[5.11]
[5.1]
[5.12]
[5.22]
[5.48]
[5.49]
[5.27]
[5.12]
[5.13]
[5.12]
[5.12]
[5.11]
[5.16]
[8.76]
[8.76]
[8.94]
[8.95]
[8.95]
[10.8]
[10.34]
[8.93]
[12.82]
[12.41]
[9.78]
[12.71]
[13.05]
[9.78]
[9.61]
[13.47]
[13.71]
[13.82]
[13.8]
[20.11]
[12.1]
[10.21]
[15.44]
[19.36]
[24.22]
[16.35]
[13.82]
[12.91]
[11.05]
[11.21]
[12.63]
[12.73]
[13.93]
[14.]
[12.75]
[12.72]
[14.06]
[13.64]
[13.18]
[14.13]
[14.47]
[12.97]
[12.08]
[13.53]
[13.92]
[14.]
[14.03]
[13.47]
[12.53]
[12.61]
[12.89]
[13.87]
[13.64]
[12.29]
[13.75]
[12.77]
[12.77]
[13.97]
[13.97]
[12.95]
[15.58]
[14.78]
[14.97]
[14.82]
[14.67]
[14.69]
[14.7]
[14.81]
[14.7]
[17.5]
[18.04]
[19.37]
[14.58]
[14.62]
[14.69]
[14.75]
[14.6]
[14.39]
[14.42]
[14.49]
[14.55]
[14.59]
[14.62]
[14.6]
[14.31]
[14.23]
[14.12]
[14.15]
[14.3]
[14.52]
[14.49]
[14.43]
[14.23]
[14.17]
[14.28]
[14.37]
[14.29]
[14.2]
[14.09]
[14.11]
[14.23]
[14.04]
[14.13]
[14.15]
[14.07]
[14.02]
[13.88]
[13.88]
[13.78]
[13.82]
[13.92]
[14.08]
[13.97]
[13.86]
[13.82]
[13.83]
[13.99]
[14.01]
[13.84]
[13.78]
[13.71]
[13.96]
[14.1]
[13.99]
[13.72]
[16.98]
[13.92]
[13.67]
[13.53]
[13.42]
[13.41]
[13.36]
[14.17]
[14.52]
[14.48]
[14.44]
[14.41]
[14.38]
[14.37]
[14.35]
[14.34]
[14.31]
[15.25]
[14.32]
[14.31]
[14.29]
[14.29]
[14.58]
[14.56]
[12.15]
[11.95]
[11.88]
[11.87]
[11.82]
[13.39]
[11.95]
[11.94]
[11.89]
[11.86]
[11.86]
[11.84]
[11.83]
[11.81]
[11.86]
[11.86]
[11.8]
[11.8]
[11.79]
[11.78]
[11.77]
[11.96]
[11.94]
[11.9]
[11.85]
[11.35]
[11.83]
[11.8]
[12.]
[12.06]
[12.03]
[9.66]
[9.6]
[9.59]
[9.63]
[9.74]
[9.73]
[9.68]
[9.68]
[9.7]
[9.68]
[9.68]
[9.67]
[9.67]
[9.73]
[9.77]
[9.75]
[9.77]
[9.77]
[9.77]
[9.74]
[9.74]
[9.73]
[9.72]
[9.75]
[9.75]
[9.79]
[9.77]
[9.77]
[9.78]
[9.77]
[9.09]
[9.09]
[8.91]
[8.69]
[8.69]
[8.66]
[8.69]
[8.7]
[8.7]
[8.66]
[8.67]
[8.77]
[8.78]
[8.78]
[8.77]
[8.78]
[8.77]
[8.74]
[8.74]
[8.77]
[8.77]
[8.77]
[8.76]
[8.77]
[8.76]
[8.77]
[8.77]
[8.76]
[8.76]
[8.77]
[8.71]
[8.26]
[8.23]
[8.06]
[8.02]
[8.01]
[8.04]
[8.06]
[8.04]
[8.05]
[8.06]
[8.05]
[8.05]
[8.07]
[8.07]
[8.06]
[8.04]
[8.08]
[8.07]
[8.07]
[8.03]
[8.1]
[8.09]
[8.1]
[8.11]
[8.1]
[8.11]
[8.12]
[8.11]
[8.11]
[8.13]
[6.13]
[6.11]
[5.91]
[5.29]
[5.35]
[5.29]
[5.31]
[5.3]
[5.3]
[5.3]
[5.31]
[5.3]
[5.27]
[5.29]
[5.29]
[5.29]
[5.3]
[5.3]
[5.34]
[5.31]
[5.31]
[5.32]
[5.32]
[5.31]
[5.33]
[5.32]
[5.32]
[5.31]
[5.33]
[5.32]
[5.34]
[5.34]
[5.89]
[5.74]
[5.51]
[5.5]
[7.49]
[7.16]
[5.55]
[5.56]
[5.48]
[5.43]
[5.41]
[5.42]
[5.48]
[5.44]
[5.44]
[5.44]
[7.99]
[5.37]
[5.4]
[5.41]
[5.38]
[5.38]
[5.39]
[5.38]
[5.38]
[5.43]
[5.4]
[5.41]
[5.42]
[5.41]
[5.41]
[5.41]
[5.41]
[5.42]
[5.44]
[5.44]
[5.45]
[5.47]
[5.47]
[5.4]
[5.42]
[5.44]
[5.46]
[5.47]
[5.46]
[5.46]
[5.47]
[5.47]
[5.42]
[5.48]
[5.49]
[5.48]
[5.46]
[5.46]
[5.5]
[5.51]
[5.48]
[5.46]
[9.04]
[9.13]
[9.13]
[9.16]
[9.17]
[9.17]
[9.19]
[9.21]
[9.24]
[9.24]
[9.22]
[9.2]
[9.27]
[9.28]
[9.28]
[9.29]
[9.32]
[9.33]
[9.33]
[9.34]
[9.36]
[9.37]
[9.38]
[9.41]
[9.41]
[9.41]
[9.41]
[9.42]
[9.83]
[9.49]
[9.52]
[12.18]
[12.29]
[12.29]
[12.33]
[12.37]
[12.42]
[12.45]
[12.39]
[15.27]
[16.55]
[14.11]
[12.06]
[12.15]
[12.22]
[12.2]
[14.89]
[12.24]
[12.29]
[12.3]
[12.82]
[12.19]
[12.16]
[12.29]
[12.32]
[12.3]
[12.41]
[12.47]
[12.46]
[12.66]
[12.65]
[14.68]
[15.59]
[15.66]
[15.62]
[15.61]
[15.62]
[15.55]
[15.55]
[15.53]
[15.48]
[15.58]
[15.63]
[15.67]
[15.73]
[15.76]
[15.69]
[15.74]
[15.74]
[15.7]
[15.75]
[15.81]
[15.74]
[15.69]
[15.67]
[15.67]
[15.69]
[15.71]
[15.78]
[15.82]
[15.85]
[15.84]
[15.82]
[15.81]
[15.68]
[15.65]
[15.45]
[15.76]
[15.72]
[15.72]
[15.72]
[15.86]
[15.62]
[15.55]
[15.84]
[15.47]
[15.85]
[15.91]
[15.89]
[15.6]
[15.96]
[15.99]
[15.84]
[15.77]
[15.99]
[15.57]
[15.56]
[15.78]
[15.69]
[15.67]
[15.63]
[15.75]
[15.5]
[15.92]
[15.96]
[15.99]
[16.2]
[15.99]
[15.99]
[15.96]
[15.93]
[15.94]
[15.96]
[15.89]
[15.75]
[15.57]
[14.85]
[16.98]
[17.18]
[17.15]
[16.64]
[16.94]
[16.89]
[16.85]
[16.85]
[16.82]
[22.09]
[48.14]
[54.09]
[52.25]
[50.82]
[26.21]
[24.32]
[46.38]
[54.6]
[55.32]
[58.59]
[42.22]
[59.61]
[52.27]
[91.07]
[134.99]
[99.13]
[93.08]
[89.49]
[90.15]
[90.7]
[92.91]
[90.54]
[92.41]
[91.17]
[89.85]
[54.37]
[55.31]
[91.98]
[89.63]
[92.51]
[92.65]
[53.92]
[58.15]
[118.86]
[121.02]
[128.01]
[129.11]
[130.04]
[130.07]
[129.96]
[130.52]
[93.73]
[94.19]
[93.43]
[94.32]
[94.03]
[49.04]
[42.92]
[63.69]
[56.03]
[54.7]
[38.34]
[11.79]
[11.72]
[12.96]
[33.11]
[57.23]
[47.44]
[52.93]
[38.46]
[13.38]
[10.84]
[32.12]
[12.86]
[13.04]
[11.96]
[9.06]
[9.09]
[9.87]
[13.99]
[13.87]
[12.77]
[11.54]
[13.62]
[10.08]
[9.89]
[11.66]
[11.41]
[10.97]
[12.27]
[12.58]
[13.52]
[14.11]
[18.19]
[19.12]
[13.6]
[13.55]
[13.48]
[13.43]
[13.64]
[13.07]
[13.76]
[13.75]
[12.85]
[13.71]
[11.22]
[9.92]
[11.7]
[12.05]
[15.5]
[15.5]
[20.41]
[11.86]
[11.21]
[12.16]
[10.03]
[8.58]
[11.93]
[24.96]
[9.81]
[9.12]
[11.89]
[11.97]
[19.72]
[18.14]
[16.04]
[11.71]
[13.74]
[39.18]
[46.43]
[42.22]
[40.7]
[29.17]
[11.6]
[7.7]
[7.77]
[5.18]
[5.21]
[5.24]
[5.27]
[5.28]
[5.29]
[5.31]
[5.33]
[5.34]
[5.35]
[5.36]
[5.37]
[5.38]
[5.39]