0.894823116287466, 0.9015942353143922, -0.02093936361947384, 197.41606732362808[12.526733]
[9.700515]
[8.333773]
[10.233438]
[9.343681]
[5.9314046]
[5.1280174]
[5.248926]
[5.221626]
[5.1899595]
[5.2126718]
[5.085578]
[5.161763]
[7.280518]
[7.9395814]
[7.895548]
[7.89319]
[7.9850125]
[9.807849]
[10.92799]
[10.037551]
[8.9334755]
[8.577816]
[8.483692]
[8.382371]
[8.36184]
[8.357088]
[8.369104]
[8.238693]
[8.2000675]
[8.0783]
[8.058959]
[8.2364025]
[8.34632]
[8.200046]
[8.282639]
[8.309944]
[8.147578]
[11.895797]
[9.4212055]
[8.499624]
[8.941754]
[9.401578]
[9.336311]
[10.75757]
[11.0701275]
[10.8874235]
[10.940271]
[10.690908]
[11.123605]
[11.4759445]
[11.482836]
[11.045853]
[11.069805]
[10.965825]
[10.845102]
[10.8473]
[10.855384]
[10.804661]
[10.71533]
[10.708901]
[10.612395]
[10.664712]
[10.661421]
[10.779717]
[10.735541]
[11.183327]
[11.414681]
[11.095962]
[11.121873]
[13.666041]
[8.935597]
[9.952903]
[10.697184]
[36.177887]
[14.720691]
[12.353375]
[12.349948]
[12.297028]
[12.411923]
[12.509878]
[12.4119625]
[12.578981]
[12.637864]
[12.59548]
[12.576533]
[12.64886]
[12.627402]
[12.645952]
[12.757828]
[12.807373]
[13.06054]
[12.927958]
[12.746854]
[12.818928]
[12.796655]
[12.751989]
[12.612546]
[12.495892]
[12.636442]
[12.915415]
[13.015568]
[13.166688]
[13.478091]
[13.438181]
[14.004007]
[19.964933]
[21.381128]
[21.389034]
[36.01602]
[57.870113]
[44.42005]
[73.042854]
[81.31838]
[84.237366]
[91.61997]
[130.6373]
[93.75514]
[71.43395]
[59.89437]
[60.918407]
[58.848827]
[54.447594]
[51.380707]
[52.1823]
[49.138943]
[41.22697]
[48.574215]
[51.29948]
[49.773895]
[48.26832]
[52.326057]
[31.331867]
[27.751675]
[42.625652]
[49.9312]
[45.599438]
[49.625843]
[45.453674]
[21.475216]
[21.455116]
[44.476955]
[47.143703]
[67.939064]
[97.74759]
[139.10133]
[156.90088]
[174.10843]
[206.08736]
[170.87196]
[145.76459]
[143.29877]
[130.96567]
[108.027794]
[88.3092]
[111.43148]
[114.39347]
[116.102806]
[117.081566]
[122.62755]
[102.039314]
[97.67926]
[95.477844]
[94.80475]
[89.06877]
[88.535805]
[91.31035]
[67.020004]
[63.675484]
[73.988686]
[75.34433]
[72.204346]
[69.12764]
[69.93363]
[60.79959]
[57.665165]
[53.60306]
[56.450768]
[42.80586]
[55.31171]
[55.74347]
[48.03325]
[45.074306]
[58.118206]
[53.118565]
[47.76692]
[44.46256]
[45.519657]
[38.306328]
[39.26773]
[43.058475]
[58.40991]
[66.416504]
[58.49982]
[64.51046]
[58.03092]
[53.32748]
[90.21046]
[95.65676]
[91.88974]
[85.35194]
[81.0212]
[81.534676]
[77.8603]
[81.86322]
[91.263855]
[87.56516]
[92.053856]
[98.33469]
[73.84082]
[69.14688]
[79.07713]
[60.088318]
[71.02676]
[50.806927]
[64.00208]
[35.692726]
[26.60421]
[47.309875]
[36.019604]
[35.636623]
[29.202158]
[32.50243]
[24.750427]
[18.916304]
[22.765406]
[30.762798]
[38.6201]
[39.63556]
[42.58032]
[28.944326]
[20.880236]
[43.63583]
[49.944744]
[41.588837]
[37.093193]
[25.841581]
[21.3292]
[21.936197]
[27.327883]
[34.45307]
[41.40251]
[38.893517]
[44.93254]
[22.355867]
[17.03147]
[42.00314]
[42.712936]
[40.927895]
[41.468586]
[40.10777]
[20.742014]
[17.92668]
[30.657976]
[33.80544]
[27.25818]
[33.956768]
[33.44129]
[20.549814]
[14.0820875]
[27.625347]
[30.340155]
[29.359768]
[27.528929]
[26.088676]
[22.24067]
[17.546171]
[21.965658]
[25.024395]
[19.887365]
[19.150717]
[38.82458]
[24.128555]
[17.565973]
[28.139439]
[30.269575]
[28.609507]
[27.215693]
[26.478882]
[15.740854]
[10.305826]
[22.750257]
[23.819855]
[25.036016]
[25.785854]
[24.343058]
[14.388596]
[9.009787]
[8.272745]
[7.069649]
[6.745789]
[6.802863]
[7.1489863]
[7.153583]
[6.8569617]
[6.7104063]
[6.645902]
[6.6928763]
[6.638379]
[6.5430264]
[6.420185]
[6.368385]
[6.376763]
[6.283582]
[6.2937727]
[6.195817]
[6.1432195]
[6.1432195]
[6.1432195]
[6.1432195]
[6.059804]
[8.1097555]
[13.716503]
[14.201325]
[16.112007]
[11.164644]
[11.34249]
[12.478123]
[17.683868]
[16.451712]
[13.904553]
[10.4021225]
[6.9132004]
[9.532197]
[10.438563]
[9.13329]
[9.269156]
[9.784984]
[11.410745]
[11.901029]
[10.481751]
[11.391666]
[19.181744]
[13.907151]
[11.957407]
[8.2921505]
[11.188656]
[12.221546]
[11.880953]
[6.5162487]
[5.2776]
[5.3164673]
[6.0722184]
[9.200227]
[9.504438]
[9.535619]
[6.956437]
[5.36084]
[5.1792674]
[5.204944]
[5.232281]
[5.1061735]
[6.450853]
[5.5007215]
[5.0674405]
[5.1881967]
[5.093446]
[5.1216455]
[4.8425508]
[5.480824]
[5.6816034]
[5.4528337]
[5.4217167]
[5.2365723]
[5.1407933]
[5.1476917]
[5.232922]
[5.298934]
[5.3219485]
[5.139249]
[5.3590236]
[5.1631026]
[5.110233]
[5.1513057]
[5.1455607]
[5.2021136]
[7.103081]
[7.591813]
[12.167596]
[8.7187805]
[7.7576656]
[8.613227]
[8.671762]
[7.779701]
[10.396542]
[10.1333]
[8.555534]
[9.7741165]
[10.415581]
[8.766332]
[8.364476]
[10.676243]
[11.142455]
[11.170172]
[10.968106]
[16.044718]
[11.258815]
[9.016907]
[11.65251]
[15.607171]
[18.505383]
[13.525114]
[11.417855]
[10.46771]
[9.193614]
[9.029393]
[9.903627]
[10.242129]
[11.023674]
[11.2613945]
[10.540974]
[10.357541]
[11.131224]
[11.169711]
[10.9125395]
[11.401022]
[11.725346]
[10.83424]
[10.065248]
[10.837885]
[11.28054]
[11.39365]
[11.433685]
[11.069957]
[10.367342]
[10.321696]
[10.856897]
[11.410302]
[11.298835]
[10.347509]
[11.858576]
[10.817942]
[10.566242]
[11.304092]
[11.486988]
[10.778884]
[12.454555]
[12.32871]
[12.346673]
[12.278665]
[12.168623]
[12.17967]
[12.184509]
[12.318254]
[12.269966]
[13.825938]
[16.161613]
[15.130926]
[12.102905]
[12.12175]
[12.319287]
[12.860148]
[12.613398]
[12.316412]
[12.32518]
[12.429359]
[12.640515]
[12.746475]
[12.784547]
[12.86226]
[12.753566]
[12.676183]
[12.648701]
[12.761214]
[12.731736]
[12.713977]
[12.582114]
[12.49583]
[12.439579]
[12.319097]
[12.257248]
[12.282769]
[12.102503]
[11.907602]
[11.792944]
[11.757232]
[11.802722]
[11.665687]
[11.672956]
[11.7510605]
[11.851169]
[11.713355]
[11.493312]
[11.53969]
[11.3111925]
[11.189302]
[11.315944]
[11.33783]
[11.177871]
[11.0816965]
[11.026252]
[10.956433]
[11.120564]
[11.382882]
[11.5599]
[11.765537]
[11.83413]
[12.100532]
[12.67296]
[13.258686]
[14.136101]
[18.228241]
[26.375843]
[42.057285]
[12.750608]
[12.985969]
[13.196012]
[12.621904]
[13.258896]
[13.678597]
[13.709192]
[13.730428]
[13.645175]
[13.335729]
[13.220682]
[13.279547]
[13.174738]
[12.851294]
[13.418637]
[12.885613]
[12.596672]
[12.565019]
[12.354978]
[11.922915]
[12.8455925]
[11.532333]
[10.868349]
[10.843129]
[11.096322]
[11.181395]
[12.153752]
[11.422845]
[10.955831]
[10.753871]
[10.64411]
[10.506747]
[10.478898]
[10.577531]
[10.407951]
[10.2392235]
[10.243477]
[10.194807]
[10.162353]
[10.12543]
[10.1320305]
[10.097441]
[10.590797]
[11.614065]
[12.169267]
[12.049453]
[12.152314]
[11.229413]
[10.87487]
[10.849922]
[10.761849]
[10.803316]
[9.919047]
[9.573846]
[9.527325]
[9.215978]
[9.329281]
[9.213455]
[9.275026]
[9.155104]
[9.232236]
[9.10785]
[9.01903]
[9.169944]
[8.9660425]
[9.114498]
[8.996933]
[9.071541]
[9.033219]
[9.060418]
[8.994261]
[8.996004]
[8.910641]
[8.950846]
[8.858336]
[8.880159]
[8.889245]
[8.932833]
[8.869143]
[8.824565]
[8.904411]
[8.781815]
[8.557738]
[8.385327]
[8.330649]
[8.083893]
[7.945724]
[8.08819]
[8.1377125]
[8.113539]
[8.04619]
[7.8530645]
[7.925913]
[7.8693886]
[9.043217]
[9.271469]
[8.956168]
[8.717578]
[8.480594]
[8.349284]
[8.275854]
[8.104347]
[8.259595]
[8.153197]
[8.082284]
[8.109087]
[7.9490914]
[7.90378]
[8.207086]
[8.385601]
[8.105258]
[8.401104]
[8.452402]
[7.998509]
[7.69692]
[7.561466]
[7.5338283]
[7.398717]
[7.502536]
[7.5562706]
[7.4860253]
[7.383313]
[7.4448185]
[7.4251285]
[7.403243]
[7.4065804]
[7.306727]
[7.364786]
[7.2654204]
[7.262861]
[7.146476]
[7.115144]
[7.1582093]
[7.041489]
[6.9967647]
[7.049391]
[7.0775805]
[7.0009313]
[7.0521584]
[7.0680118]
[7.2340198]
[7.2832055]
[7.3165636]
[6.249059]
[5.9030256]
[5.6795263]
[5.311757]
[5.1700664]
[5.2007427]
[5.1308937]
[5.1200476]
[5.164454]
[5.111596]
[5.1099863]
[5.077993]
[5.05527]
[5.057037]
[4.9868827]
[4.9574237]
[5.0055504]
[4.893626]
[4.9471765]
[4.985811]
[4.9560957]
[4.9481597]
[4.9244385]
[4.9139676]
[4.920481]
[4.9127374]
[4.9043827]
[4.8955736]
[4.898696]
[4.8337045]
[4.875793]
[4.821899]
[5.1308875]
[5.1059093]
[8.011769]
[5.680554]
[6.2146883]
[6.5403433]
[5.210957]
[4.905152]
[4.8672895]
[4.8192096]
[5.0341234]
[4.8483033]
[5.00301]
[4.844141]
[4.984664]
[4.8303976]
[6.6142764]
[5.40928]
[4.9802523]
[4.9670587]
[4.9542947]
[4.941497]
[4.9286714]
[4.7310066]
[4.8626795]
[4.810626]
[6.495533]
[5.1557245]
[4.6861563]
[4.825815]
[4.713185]
[4.6698656]
[4.79611]
[4.7008204]
[4.767627]
[4.7882104]
[4.686113]
[4.7407312]
[4.6971555]
[4.630216]
[4.638083]
[4.7086678]
[4.6684647]
[4.6854396]
[4.656388]
[4.632498]
[4.6453457]
[4.6602116]
[4.6068015]
[4.621757]
[4.643383]
[4.6288757]
[4.6079993]
[4.614081]
[4.6200123]
[4.624628]
[4.612574]
[4.577942]
[7.2841334]
[7.5358253]
[7.8644996]
[7.547409]
[7.834916]
[7.9492645]
[7.9007025]
[7.8673973]
[8.440225]
[7.969633]
[8.389996]
[7.920592]
[8.340144]
[7.8720617]
[8.292265]
[8.420116]
[7.77067]
[7.625488]
[7.633239]
[7.6424828]
[7.661477]
[7.737782]
[7.7568765]
[8.154944]
[8.003721]
[8.552957]
[8.455219]
[8.231772]
[8.973495]
[9.121795]
[9.049594]
[10.729847]
[10.870662]
[10.781116]
[11.059276]
[10.59201]
[10.878227]
[11.146817]
[11.038288]
[13.196385]
[14.188219]
[12.44694]
[10.154727]
[10.49376]
[10.3962345]
[10.666546]
[13.140008]
[10.358556]
[10.359068]
[10.274927]
[10.542525]
[9.748609]
[9.807284]
[10.085309]
[10.443252]
[10.78106]
[10.995239]
[10.805917]
[10.57631]
[10.390429]
[10.259049]
[10.773969]
[10.863002]
[10.861617]
[10.935298]
[10.6128235]
[10.745422]
[10.527779]
[10.800982]
[11.346002]
[14.232279]
[9.633979]
[18.069138]
[11.780279]
[15.132539]
[11.35751]
[14.21591]
[15.463101]
[14.9553385]
[14.709052]
[14.572149]
[14.348762]
[14.033885]
[13.835916]
[13.662118]
[14.643583]
[14.645172]
[14.790157]
[14.180947]
[13.571839]
[14.484234]
[15.399994]
[14.684255]
[13.244642]
[12.875499]
[11.422461]
[14.0458975]
[13.919456]
[15.09648]
[15.847544]
[15.26669]
[14.885265]
[15.530787]
[15.094959]
[14.956616]
[14.676493]
[14.917111]
[15.217643]
[15.158388]
[14.902426]
[15.047956]
[15.1191]
[15.007383]
[14.912118]
[14.965892]
[15.026019]
[15.559588]
[15.305527]
[15.2104025]
[14.959213]
[14.827859]
[14.747288]
[14.694222]
[15.053124]
[15.151684]
[15.351126]
[15.862377]
[15.27125]
[15.063223]
[15.001083]
[15.043018]
[15.192524]
[15.214433]
[15.659935]
[21.166954]
[25.484673]
[21.730917]
[31.076183]
[26.859917]
[26.20208]
[23.885265]
[20.462927]
[6.5476384]
[13.925296]
[17.00914]
[16.8211]
[20.219343]
[35.904648]
[41.07321]
[45.952667]
[51.42604]
[43.820827]
[40.724083]
[60.00081]
[66.7381]
[67.22951]
[65.920044]
[53.841583]
[67.578094]
[83.06165]
[96.93179]
[120.24479]
[112.43114]
[116.2144]
[104.76999]
[100.677505]
[98.75544]
[100.444695]
[95.674126]
[92.9955]
[88.28865]
[85.08544]
[66.24084]
[69.09733]
[90.813255]
[89.57498]
[86.12785]
[86.834496]
[73.85889]
[83.604576]
[111.12765]
[121.72068]
[134.68842]
[132.6022]
[131.37224]
[131.31766]
[133.21562]
[128.02612]
[104.43705]
[96.80901]
[96.66315]
[97.52074]
[92.572685]
[60.661945]
[50.79676]
[60.608143]
[55.766876]
[52.292118]
[41.077007]
[25.642681]
[20.844221]
[21.588026]
[34.442585]
[48.066128]
[42.967136]
[44.62666]
[36.43389]
[22.220528]
[16.68667]
[30.677603]
[21.586077]
[17.803446]
[17.109915]
[15.034566]
[14.2921715]
[14.341125]
[16.616951]
[16.903797]
[15.871901]
[14.726017]
[15.562682]
[13.741833]
[13.142543]
[14.323592]
[14.408442]
[13.78654]
[14.149967]
[14.345357]
[14.663654]
[14.934294]
[17.239197]
[18.185843]
[14.681024]
[13.767329]
[14.244391]
[14.808499]
[14.966033]
[14.276776]
[14.289577]
[14.272409]
[13.609909]
[13.92452]
[12.552562]
[11.29096]
[12.194998]
[13.210225]
[15.688607]
[16.243662]
[19.258678]
[15.276626]
[14.264424]
[15.017359]
[13.51986]
[11.808955]
[13.085498]
[21.05509]
[13.485685]
[10.548351]
[11.930867]
[12.140618]
[16.363234]
[16.458601]
[14.757809]
[11.884267]
[12.257973]
[27.551956]
[31.817938]
[29.943262]
[28.633083]
[22.905874]
[13.701829]
[11.052567]
[11.036284]
[8.996382]
[8.172615]
[7.771652]
[7.5059266]
[7.056497]
[6.7918277]
[7.002436]
[7.150289]
[7.0053945]
[6.788764]
[6.8325753]
[6.730051]
[6.6017933][10.25]
[9.45]
[13.02]
[10.69]
[5.31]
[5.25]
[5.26]
[5.31]
[5.31]
[5.3]
[5.29]
[5.3]
[9.25]
[9.31]
[9.28]
[9.29]
[9.27]
[9.26]
[9.25]
[9.26]
[9.26]
[9.27]
[9.25]
[9.25]
[9.32]
[9.28]
[9.26]
[9.22]
[9.21]
[9.23]
[9.23]
[9.06]
[9.24]
[9.25]
[9.24]
[9.29]
[9.55]
[9.28]
[9.27]
[9.27]
[9.25]
[9.24]
[9.28]
[12.21]
[12.29]
[12.32]
[12.27]
[12.3]
[12.29]
[12.25]
[12.25]
[12.25]
[12.29]
[12.3]
[12.3]
[12.31]
[12.36]
[12.34]
[12.35]
[12.36]
[12.37]
[12.39]
[12.39]
[12.4]
[12.36]
[12.39]
[12.4]
[12.41]
[12.52]
[12.25]
[12.25]
[12.03]
[12.31]
[26.75]
[15.2]
[15.05]
[15.12]
[15.03]
[15.09]
[15.17]
[15.22]
[15.41]
[15.4]
[15.43]
[15.24]
[15.14]
[15.08]
[15.29]
[15.3]
[15.23]
[15.22]
[15.17]
[15.21]
[15.24]
[15.21]
[15.26]
[15.09]
[15.03]
[14.94]
[15.09]
[15.28]
[15.3]
[15.52]
[15.38]
[15.46]
[15.26]
[15.55]
[15.54]
[15.27]
[22.36]
[17.87]
[15.85]
[42.75]
[82.22]
[94.05]
[93.25]
[90.97]
[55.68]
[49.63]
[58.09]
[56.67]
[54.59]
[53.59]
[58.05]
[53.08]
[41.74]
[57.88]
[58.89]
[56.17]
[56.45]
[59.98]
[24.57]
[23.68]
[48.95]
[58.59]
[52.66]
[61.65]
[55.39]
[15.63]
[15.57]
[49.45]
[48.02]
[57.5]
[95.04]
[91.35]
[127.12]
[159.08]
[215.85]
[192.9]
[144.63]
[136.75]
[131.02]
[99.64]
[86.83]
[129.19]
[131.03]
[129.73]
[130.49]
[130.52]
[92.3]
[87.76]
[90.33]
[91.84]
[90.24]
[92.4]
[96.82]
[52.74]
[45.22]
[55.96]
[60.38]
[51.61]
[55.5]
[62.81]
[54.04]
[56.12]
[53.08]
[60.33]
[38.11]
[64.66]
[62.07]
[50.21]
[45.53]
[67.12]
[58.52]
[53.52]
[50.52]
[53.77]
[41.06]
[38.17]
[35.45]
[50.08]
[57.71]
[43.73]
[61.41]
[54.5]
[42.43]
[96.98]
[93.31]
[95.73]
[93.08]
[91.61]
[94.94]
[85.74]
[88.4]
[98.74]
[90.94]
[95.37]
[98.5]
[45.13]
[47.61]
[67.66]
[39.1]
[71.69]
[37.29]
[69.59]
[19.53]
[12.7]
[49.99]
[27.12]
[31.05]
[19.21]
[28.46]
[14.31]
[9.94]
[17.83]
[28.86]
[44.83]
[46.46]
[52.06]
[24.01]
[9.42]
[50.97]
[57.23]
[44.2]
[37.8]
[12.15]
[9.41]
[10.47]
[20.43]
[33.31]
[48.25]
[44.01]
[55.45]
[12.7]
[10.36]
[51.64]
[50.92]
[50.38]
[49.93]
[49.1]
[13.79]
[10.13]
[29.22]
[34.2]
[23.2]
[39.35]
[38.77]
[14.08]
[10.2]
[32.49]
[35.58]
[33.86]
[32.24]
[29.9]
[23.23]
[16.87]
[24.9]
[28.37]
[17.49]
[16.74]
[47.53]
[16.06]
[15.03]
[32.65]
[36.66]
[33.79]
[32.62]
[31.6]
[12.79]
[8.68]
[29.3]
[28.48]
[33.01]
[32.79]
[29.71]
[12.11]
[7.79]
[7.39]
[5.3]
[5.33]
[5.36]
[5.41]
[5.44]
[5.46]
[5.48]
[5.51]
[5.52]
[5.54]
[5.55]
[5.56]
[5.57]
[5.58]
[5.41]
[5.59]
[5.59]
[5.59]
[5.59]
[5.59]
[5.59]
[5.52]
[9.82]
[15.53]
[16.95]
[20.82]
[11.7]
[14.18]
[15.4]
[23.39]
[19.41]
[16.47]
[11.42]
[6.71]
[12.54]
[12.67]
[10.63]
[11.37]
[12.05]
[14.44]
[14.47]
[12.32]
[14.46]
[13.82]
[14.57]
[14.58]
[8.47]
[14.78]
[14.81]
[14.47]
[5.31]
[5.31]
[5.29]
[6.65]
[12.03]
[10.97]
[11.68]
[7.09]
[5.32]
[5.32]
[5.33]
[5.32]
[5.32]
[7.66]
[5.32]
[5.32]
[5.32]
[5.29]
[5.21]
[5.09]
[5.1]
[5.1]
[5.1]
[5.11]
[5.11]
[5.1]
[5.12]
[5.22]
[5.48]
[5.49]
[5.27]
[5.12]
[5.13]
[5.12]
[5.12]
[5.11]
[5.16]
[8.76]
[8.76]
[8.94]
[8.95]
[8.95]
[10.8]
[10.34]
[8.93]
[12.82]
[12.41]
[9.78]
[12.71]
[13.05]
[9.78]
[9.61]
[13.47]
[13.71]
[13.82]
[13.8]
[20.11]
[12.1]
[10.21]
[15.44]
[19.36]
[24.22]
[16.35]
[13.82]
[12.91]
[11.05]
[11.21]
[12.63]
[12.73]
[13.93]
[14.]
[12.75]
[12.72]
[14.06]
[13.64]
[13.18]
[14.13]
[14.47]
[12.97]
[12.08]
[13.53]
[13.92]
[14.]
[14.03]
[13.47]
[12.53]
[12.61]
[12.89]
[13.87]
[13.64]
[12.29]
[13.75]
[12.77]
[12.77]
[13.97]
[13.97]
[12.95]
[15.58]
[14.78]
[14.97]
[14.82]
[14.67]
[14.69]
[14.7]
[14.81]
[14.7]
[17.5]
[18.04]
[19.37]
[14.58]
[14.62]
[14.69]
[14.75]
[14.6]
[14.39]
[14.42]
[14.49]
[14.55]
[14.59]
[14.62]
[14.6]
[14.31]
[14.23]
[14.12]
[14.15]
[14.3]
[14.52]
[14.49]
[14.43]
[14.23]
[14.17]
[14.28]
[14.37]
[14.29]
[14.2]
[14.09]
[14.11]
[14.23]
[14.04]
[14.13]
[14.15]
[14.07]
[14.02]
[13.88]
[13.88]
[13.78]
[13.82]
[13.92]
[14.08]
[13.97]
[13.86]
[13.82]
[13.83]
[13.99]
[14.01]
[13.84]
[13.78]
[13.71]
[13.96]
[14.1]
[13.99]
[13.72]
[16.98]
[13.92]
[13.67]
[13.53]
[13.42]
[13.41]
[13.36]
[14.17]
[14.52]
[14.48]
[14.44]
[14.41]
[14.38]
[14.37]
[14.35]
[14.34]
[14.31]
[15.25]
[14.32]
[14.31]
[14.29]
[14.29]
[14.58]
[14.56]
[12.15]
[11.95]
[11.88]
[11.87]
[11.82]
[13.39]
[11.95]
[11.94]
[11.89]
[11.86]
[11.86]
[11.84]
[11.83]
[11.81]
[11.86]
[11.86]
[11.8]
[11.8]
[11.79]
[11.78]
[11.77]
[11.96]
[11.94]
[11.9]
[11.85]
[11.35]
[11.83]
[11.8]
[12.]
[12.06]
[12.03]
[9.66]
[9.6]
[9.59]
[9.63]
[9.74]
[9.73]
[9.68]
[9.68]
[9.7]
[9.68]
[9.68]
[9.67]
[9.67]
[9.73]
[9.77]
[9.75]
[9.77]
[9.77]
[9.77]
[9.74]
[9.74]
[9.73]
[9.72]
[9.75]
[9.75]
[9.79]
[9.77]
[9.77]
[9.78]
[9.77]
[9.09]
[9.09]
[8.91]
[8.69]
[8.69]
[8.66]
[8.69]
[8.7]
[8.7]
[8.66]
[8.67]
[8.77]
[8.78]
[8.78]
[8.77]
[8.78]
[8.77]
[8.74]
[8.74]
[8.77]
[8.77]
[8.77]
[8.76]
[8.77]
[8.76]
[8.77]
[8.77]
[8.76]
[8.76]
[8.77]
[8.71]
[8.26]
[8.23]
[8.06]
[8.02]
[8.01]
[8.04]
[8.06]
[8.04]
[8.05]
[8.06]
[8.05]
[8.05]
[8.07]
[8.07]
[8.06]
[8.04]
[8.08]
[8.07]
[8.07]
[8.03]
[8.1]
[8.09]
[8.1]
[8.11]
[8.1]
[8.11]
[8.12]
[8.11]
[8.11]
[8.13]
[6.13]
[6.11]
[5.91]
[5.29]
[5.35]
[5.29]
[5.31]
[5.3]
[5.3]
[5.3]
[5.31]
[5.3]
[5.27]
[5.29]
[5.29]
[5.29]
[5.3]
[5.3]
[5.34]
[5.31]
[5.31]
[5.32]
[5.32]
[5.31]
[5.33]
[5.32]
[5.32]
[5.31]
[5.33]
[5.32]
[5.34]
[5.34]
[5.89]
[5.74]
[5.51]
[5.5]
[7.49]
[7.16]
[5.55]
[5.56]
[5.48]
[5.43]
[5.41]
[5.42]
[5.48]
[5.44]
[5.44]
[5.44]
[7.99]
[5.37]
[5.4]
[5.41]
[5.38]
[5.38]
[5.39]
[5.38]
[5.38]
[5.43]
[5.4]
[5.41]
[5.42]
[5.41]
[5.41]
[5.41]
[5.41]
[5.42]
[5.44]
[5.44]
[5.45]
[5.47]
[5.47]
[5.4]
[5.42]
[5.44]
[5.46]
[5.47]
[5.46]
[5.46]
[5.47]
[5.47]
[5.42]
[5.48]
[5.49]
[5.48]
[5.46]
[5.46]
[5.5]
[5.51]
[5.48]
[5.46]
[9.04]
[9.13]
[9.13]
[9.16]
[9.17]
[9.17]
[9.19]
[9.21]
[9.24]
[9.24]
[9.22]
[9.2]
[9.27]
[9.28]
[9.28]
[9.29]
[9.32]
[9.33]
[9.33]
[9.34]
[9.36]
[9.37]
[9.38]
[9.41]
[9.41]
[9.41]
[9.41]
[9.42]
[9.83]
[9.49]
[9.52]
[12.18]
[12.29]
[12.29]
[12.33]
[12.37]
[12.42]
[12.45]
[12.39]
[15.27]
[16.55]
[14.11]
[12.06]
[12.15]
[12.22]
[12.2]
[14.89]
[12.24]
[12.29]
[12.3]
[12.82]
[12.19]
[12.16]
[12.29]
[12.32]
[12.3]
[12.41]
[12.47]
[12.46]
[12.66]
[12.65]
[14.68]
[15.59]
[15.66]
[15.62]
[15.61]
[15.62]
[15.55]
[15.55]
[15.53]
[15.48]
[15.58]
[15.63]
[15.67]
[15.73]
[15.76]
[15.69]
[15.74]
[15.74]
[15.7]
[15.75]
[15.81]
[15.74]
[15.69]
[15.67]
[15.67]
[15.69]
[15.71]
[15.78]
[15.82]
[15.85]
[15.84]
[15.82]
[15.81]
[15.68]
[15.65]
[15.45]
[15.76]
[15.72]
[15.72]
[15.72]
[15.86]
[15.62]
[15.55]
[15.84]
[15.47]
[15.85]
[15.91]
[15.89]
[15.6]
[15.96]
[15.99]
[15.84]
[15.77]
[15.99]
[15.57]
[15.56]
[15.78]
[15.69]
[15.67]
[15.63]
[15.75]
[15.5]
[15.92]
[15.96]
[15.99]
[16.2]
[15.99]
[15.99]
[15.96]
[15.93]
[15.94]
[15.96]
[15.89]
[15.75]
[15.57]
[14.85]
[16.98]
[17.18]
[17.15]
[16.64]
[16.94]
[16.89]
[16.85]
[16.85]
[16.82]
[22.09]
[48.14]
[54.09]
[52.25]
[50.82]
[26.21]
[24.32]
[46.38]
[54.6]
[55.32]
[58.59]
[42.22]
[59.61]
[52.27]
[91.07]
[134.99]
[99.13]
[93.08]
[89.49]
[90.15]
[90.7]
[92.91]
[90.54]
[92.41]
[91.17]
[89.85]
[54.37]
[55.31]
[91.98]
[89.63]
[92.51]
[92.65]
[53.92]
[58.15]
[118.86]
[121.02]
[128.01]
[129.11]
[130.04]
[130.07]
[129.96]
[130.52]
[93.73]
[94.19]
[93.43]
[94.32]
[94.03]
[49.04]
[42.92]
[63.69]
[56.03]
[54.7]
[38.34]
[11.79]
[11.72]
[12.96]
[33.11]
[57.23]
[47.44]
[52.93]
[38.46]
[13.38]
[10.84]
[32.12]
[12.86]
[13.04]
[11.96]
[9.06]
[9.09]
[9.87]
[13.99]
[13.87]
[12.77]
[11.54]
[13.62]
[10.08]
[9.89]
[11.66]
[11.41]
[10.97]
[12.27]
[12.58]
[13.52]
[14.11]
[18.19]
[19.12]
[13.6]
[13.55]
[13.48]
[13.43]
[13.64]
[13.07]
[13.76]
[13.75]
[12.85]
[13.71]
[11.22]
[9.92]
[11.7]
[12.05]
[15.5]
[15.5]
[20.41]
[11.86]
[11.21]
[12.16]
[10.03]
[8.58]
[11.93]
[24.96]
[9.81]
[9.12]
[11.89]
[11.97]
[19.72]
[18.14]
[16.04]
[11.71]
[13.74]
[39.18]
[46.43]
[42.22]
[40.7]
[29.17]
[11.6]
[7.7]
[7.77]
[5.18]
[5.21]
[5.24]
[5.27]
[5.28]
[5.29]
[5.31]
[5.33]
[5.34]
[5.35]
[5.36]
[5.37]
[5.38]
[5.39]