0.8945834384305518, 0.9034980324962166, -7.61219856363089, 197.64087591643494[14.939956]
[11.876676]
[10.564268]
[12.735517]
[11.609883]
[7.799793]
[7.1198244]
[7.1848564]
[7.1671023]
[7.1445785]
[7.1276994]
[7.0516133]
[7.0858912]
[9.565488]
[10.176016]
[10.101358]
[10.151269]
[10.298137]
[11.379236]
[12.747385]
[11.889196]
[11.076089]
[10.784641]
[10.692798]
[10.598146]
[10.596999]
[10.584311]
[10.56652]
[10.435137]
[10.379311]
[10.290883]
[10.329373]
[10.431545]
[10.520659]
[10.413874]
[10.47206]
[10.467285]
[10.4471655]
[14.681794]
[11.503985]
[10.697207]
[11.140541]
[11.486519]
[11.4132805]
[13.164834]
[13.437632]
[13.298317]
[13.336672]
[13.179122]
[13.53258]
[13.856854]
[13.804607]
[13.419837]
[13.453625]
[13.329634]
[13.236637]
[13.238562]
[13.299466]
[13.204122]
[13.1592655]
[13.168454]
[13.19907]
[13.094198]
[13.138934]
[13.152247]
[13.032507]
[13.48256]
[13.880572]
[13.472838]
[13.620938]
[16.381065]
[10.810851]
[12.420754]
[13.14755]
[38.118546]
[16.611752]
[15.126078]
[15.161369]
[15.065648]
[15.048826]
[15.173415]
[15.355898]
[15.2718935]
[15.280269]
[15.399861]
[15.115556]
[15.022388]
[15.1879]
[15.4951]
[15.262863]
[15.218754]
[14.985279]
[15.626905]
[15.68542]
[15.273652]
[15.390752]
[15.478077]
[15.26654]
[15.2355795]
[14.654311]
[14.894064]
[15.551325]
[15.187416]
[15.306602]
[15.325628]
[14.729286]
[20.812002]
[22.069286]
[22.805151]
[33.34237]
[53.338917]
[37.945023]
[73.64935]
[74.04937]
[86.40874]
[94.97058]
[132.02963]
[97.31005]
[73.1211]
[61.533375]
[63.366783]
[60.9554]
[56.62118]
[52.525814]
[53.576717]
[49.812733]
[41.592842]
[49.635845]
[51.587036]
[49.115612]
[50.250603]
[52.74405]
[32.904163]
[30.506613]
[43.233276]
[49.15467]
[44.7689]
[48.403385]
[43.95498]
[24.331247]
[25.479353]
[46.392056]
[50.557896]
[67.6852]
[100.46904]
[145.53656]
[159.95123]
[174.33481]
[210.74857]
[176.6906]
[145.97083]
[142.29497]
[129.39322]
[105.9854]
[89.91983]
[114.45031]
[118.78441]
[120.711784]
[121.89395]
[127.94172]
[105.86464]
[98.369865]
[94.9169]
[94.51184]
[91.07366]
[90.94681]
[95.36169]
[68.030235]
[63.570015]
[73.03476]
[74.84531]
[71.275566]
[70.34054]
[71.7722]
[62.956028]
[59.937817]
[56.081154]
[58.00084]
[44.33492]
[56.150776]
[56.43347]
[50.01543]
[47.308605]
[58.080074]
[52.5485]
[46.85474]
[43.63416]
[45.139618]
[41.806087]
[43.07089]
[46.207527]
[58.32496]
[67.9023]
[60.49184]
[66.196014]
[60.173645]
[54.91845]
[91.84756]
[95.35542]
[92.711334]
[87.43339]
[83.014595]
[83.93809]
[80.459755]
[84.9843]
[93.96307]
[91.51738]
[96.11505]
[100.08509]
[69.47183]
[67.99869]
[77.60614]
[60.49944]
[73.414154]
[52.973186]
[66.20954]
[39.401844]
[31.214108]
[48.876682]
[38.263134]
[37.142654]
[30.582575]
[33.52188]
[26.05629]
[20.767237]
[25.091724]
[30.494337]
[37.25899]
[37.79269]
[41.600903]
[31.36081]
[22.904518]
[43.876057]
[48.660637]
[41.45896]
[39.14845]
[27.40862]
[25.198074]
[25.568247]
[29.652845]
[34.07411]
[39.642082]
[37.61213]
[41.89597]
[22.43553]
[18.721487]
[39.64956]
[39.725597]
[39.164425]
[38.320137]
[36.945576]
[22.68197]
[20.396837]
[31.770031]
[33.672817]
[26.872723]
[32.415005]
[31.810154]
[19.738579]
[15.582176]
[27.291561]
[29.053389]
[27.77574]
[26.794987]
[25.413916]
[22.198788]
[18.743952]
[22.825493]
[24.86701]
[20.206753]
[20.845013]
[38.461563]
[23.077967]
[18.841703]
[27.25277]
[29.011713]
[27.342115]
[26.546993]
[25.518703]
[16.378218]
[12.42009]
[23.90777]
[23.45694]
[25.287668]
[25.437986]
[24.153843]
[15.334029]
[11.117017]
[10.400884]
[8.980576]
[8.706311]
[8.835517]
[9.075961]
[9.0337305]
[8.833609]
[8.72108]
[8.708239]
[8.729073]
[8.688887]
[8.601699]
[8.514744]
[8.485039]
[8.494109]
[8.380664]
[8.404312]
[8.33374]
[8.298959]
[8.298959]
[8.298959]
[8.298959]
[8.188415]
[10.632849]
[16.39636]
[16.30934]
[17.998688]
[13.3452015]
[14.012099]
[15.025867]
[19.287014]
[17.578054]
[15.932093]
[12.765387]
[9.044341]
[12.1951065]
[12.9151945]
[11.532019]
[11.74476]
[12.289828]
[13.990293]
[14.3527975]
[12.865577]
[13.909074]
[20.906063]
[15.220889]
[14.496141]
[10.41735]
[13.971397]
[14.757706]
[14.325761]
[8.346178]
[7.271237]
[7.2913294]
[8.114886]
[11.654334]
[11.922718]
[11.947378]
[8.960797]
[7.2967525]
[7.1296206]
[7.1487923]
[7.1374645]
[7.0618978]
[8.577236]
[7.3641825]
[7.025544]
[7.092149]
[7.0307665]
[7.007362]
[6.947463]
[7.3673205]
[7.514619]
[7.3421326]
[7.2723613]
[7.1239843]
[7.0506854]
[7.0588264]
[7.117684]
[7.227065]
[7.2492976]
[7.138698]
[7.21156]
[7.0579147]
[7.023701]
[7.049931]
[7.042354]
[7.066609]
[9.306892]
[9.81992]
[15.027549]
[11.106885]
[9.89702]
[11.332607]
[11.04159]
[10.040065]
[13.395232]
[12.916513]
[10.811016]
[12.591187]
[13.233937]
[10.962115]
[10.489157]
[13.260656]
[14.231241]
[14.125327]
[14.078989]
[18.792738]
[13.339126]
[10.964354]
[14.895966]
[18.447443]
[21.340822]
[15.989454]
[14.095961]
[13.293953]
[11.749204]
[11.733471]
[12.789992]
[12.973705]
[13.951954]
[14.175994]
[13.17738]
[13.075952]
[14.254588]
[13.759937]
[13.416079]
[14.478718]
[14.657575]
[13.382216]
[12.5502615]
[13.813621]
[14.327826]
[14.059059]
[13.991067]
[13.442155]
[12.83661]
[12.318037]
[12.873306]
[14.22516]
[14.566146]
[12.43342]
[13.579518]
[13.696879]
[13.743667]
[14.347208]
[14.331743]
[13.427939]
[15.407834]
[14.541781]
[14.501659]
[14.388146]
[14.228636]
[14.024356]
[13.787693]
[13.934137]
[13.781302]
[15.397641]
[17.793562]
[16.832592]
[13.976045]
[14.285433]
[14.677361]
[15.263891]
[15.517898]
[14.848604]
[14.642627]
[14.593465]
[14.6915045]
[14.812414]
[14.79068]
[14.846126]
[14.690519]
[14.572807]
[14.5154505]
[14.611959]
[14.642825]
[14.703101]
[14.625469]
[14.585424]
[14.532429]
[14.396575]
[14.391537]
[14.470548]
[14.29875]
[14.161037]
[14.091744]
[14.078728]
[14.14627]
[13.997752]
[14.025927]
[14.10439]
[14.144274]
[13.960897]
[13.796592]
[13.858224]
[13.625442]
[13.586029]
[13.717665]
[13.725331]
[13.580821]
[13.49281]
[13.434905]
[13.368031]
[13.436541]
[13.58916]
[13.644732]
[13.750126]
[13.765642]
[13.982547]
[14.411191]
[14.964151]
[14.625056]
[14.786763]
[21.554956]
[15.805184]
[14.946468]
[11.36294]
[13.387761]
[14.424934]
[15.182437]
[15.805001]
[15.796852]
[15.631528]
[15.445558]
[15.186263]
[15.1557]
[15.141425]
[15.07698]
[14.963341]
[15.597485]
[15.01929]
[14.8809595]
[14.833729]
[14.77747]
[14.317475]
[14.97753]
[13.251964]
[12.509291]
[12.406067]
[12.365071]
[12.144659]
[13.346061]
[12.264126]
[12.096262]
[12.053988]
[12.173352]
[12.200482]
[11.8029175]
[12.128099]
[12.253694]
[12.413887]
[12.323075]
[12.346777]
[12.398884]
[12.420674]
[12.239398]
[11.966674]
[11.781343]
[12.365507]
[12.737258]
[13.538252]
[13.793572]
[12.66381]
[12.93003]
[13.03062]
[13.039612]
[12.384073]
[10.950649]
[11.359633]
[11.353023]
[11.209474]
[11.369402]
[11.284183]
[11.358033]
[11.256325]
[11.352623]
[11.240228]
[11.184349]
[11.311095]
[11.13293]
[11.286327]
[11.18312]
[11.234842]
[11.217415]
[11.244386]
[11.183024]
[11.174048]
[11.095978]
[11.105326]
[11.02028]
[11.002649]
[11.008133]
[11.079355]
[10.998552]
[10.907352]
[11.030819]
[10.896071]
[10.5474825]
[10.472854]
[10.378381]
[10.125532]
[9.948918]
[10.052587]
[10.184657]
[10.17324]
[10.117233]
[9.859072]
[9.850661]
[9.819512]
[10.823084]
[11.093582]
[10.912374]
[10.736135]
[10.55036]
[10.436646]
[10.367257]
[10.241638]
[10.361319]
[10.252738]
[10.174628]
[10.249051]
[10.058513]
[9.924198]
[10.196451]
[10.482288]
[10.260273]
[10.488739]
[10.505074]
[10.018747]
[9.760104]
[9.590394]
[9.558154]
[9.432434]
[9.485451]
[9.570606]
[9.524704]
[9.380649]
[9.451495]
[9.4117565]
[9.37343]
[9.379572]
[9.411342]
[9.3025465]
[9.355291]
[9.331902]
[9.326709]
[9.255351]
[9.15772]
[9.33478]
[9.22838]
[9.122943]
[9.197366]
[9.267426]
[9.156753]
[9.198517]
[9.146671]
[9.27751]
[9.353311]
[8.022453]
[7.7707353]
[7.621298]
[7.0834446]
[7.046196]
[6.946898]
[7.0046244]
[6.972752]
[6.909026]
[6.9923506]
[6.9698396]
[6.932228]
[6.911515]
[6.914855]
[6.9501057]
[6.8888516]
[6.8312135]
[6.953126]
[6.8539553]
[6.8149734]
[6.9278984]
[6.9006233]
[6.8706336]
[6.863533]
[6.8729978]
[6.8694544]
[6.8642]
[6.858411]
[6.86464]
[6.900495]
[6.8148694]
[6.880813]
[7.175124]
[7.166288]
[10.70423]
[7.672337]
[8.6149645]
[8.927186]
[7.2757573]
[6.9737062]
[6.9473934]
[6.898891]
[7.200803]
[6.913606]
[7.167664]
[6.912952]
[7.15265]
[6.902714]
[9.058794]
[7.5906096]
[7.1195993]
[7.0807595]
[7.043173]
[7.005814]
[6.968657]
[6.7182674]
[6.9183807]
[6.7438374]
[8.981433]
[7.079528]
[6.637619]
[6.7814374]
[6.5607505]
[6.5673213]
[6.6930285]
[6.4929767]
[6.6254373]
[6.5528636]
[6.421063]
[6.5418243]
[6.396203]
[6.389155]
[6.375015]
[6.436372]
[6.2989984]
[6.3803596]
[6.2521048]
[6.2928042]
[6.290409]
[6.288831]
[6.1375427]
[6.2158995]
[6.223801]
[6.114122]
[6.161605]
[6.144733]
[6.0591774]
[6.125517]
[6.014581]
[5.9969945]
[8.813655]
[8.89373]
[9.25946]
[8.993719]
[9.306034]
[9.44082]
[9.430562]
[9.425241]
[10.042263]
[9.613776]
[10.064128]
[9.635887]
[10.085025]
[9.657381]
[10.106964]
[10.287404]
[9.773488]
[9.728717]
[9.762235]
[9.810224]
[9.870795]
[9.880892]
[9.86307]
[10.264111]
[10.070722]
[10.611828]
[10.482419]
[10.197705]
[10.98095]
[11.172134]
[11.184496]
[12.961864]
[13.102263]
[13.033567]
[13.411657]
[12.891512]
[13.26508]
[13.621193]
[13.526837]
[15.920886]
[16.837173]
[15.030402]
[12.621015]
[13.028361]
[12.931808]
[13.254246]
[15.832251]
[12.872616]
[12.926047]
[12.833073]
[13.131429]
[12.231063]
[12.181023]
[12.363983]
[12.620479]
[12.801465]
[12.960121]
[12.816865]
[12.479861]
[12.372166]
[12.21995]
[12.814783]
[12.880551]
[12.827365]
[12.833367]
[12.42243]
[12.508891]
[12.17923]
[12.349018]
[12.738762]
[11.540519]
[12.180114]
[21.96961]
[15.649701]
[16.544588]
[13.3447075]
[15.729497]
[16.10495]
[15.983836]
[15.840379]
[15.528617]
[15.158486]
[14.913412]
[14.741288]
[14.54844]
[15.160116]
[15.444128]
[15.774923]
[16.511496]
[16.533257]
[16.944681]
[16.448261]
[16.020296]
[15.496369]
[15.5211115]
[16.957176]
[13.929755]
[17.200811]
[16.554695]
[16.457737]
[16.999895]
[17.227402]
[15.643214]
[16.726715]
[17.010464]
[16.396326]
[17.283405]
[17.659039]
[17.270712]
[17.127514]
[17.257572]
[17.293251]
[17.30994]
[17.287975]
[17.340136]
[17.772757]
[18.460365]
[17.541458]
[17.185421]
[17.114113]
[16.78196]
[16.48392]
[16.23611]
[16.57774]
[16.654638]
[17.553213]
[17.57475]
[16.857323]
[16.429577]
[16.14878]
[16.483194]
[16.332186]
[16.910671]
[17.283838]
[22.552687]
[24.818726]
[19.44331]
[29.564508]
[30.363604]
[28.209911]
[27.073093]
[23.691357]
[6.474877]
[17.537855]
[19.528225]
[18.841162]
[22.018515]
[37.314938]
[43.16748]
[48.435974]
[52.550045]
[43.987907]
[41.065117]
[57.04149]
[64.50109]
[64.78948]
[65.22849]
[55.27596]
[67.20676]
[85.32006]
[94.73002]
[122.29656]
[110.24383]
[118.084045]
[103.99429]
[102.35489]
[100.065254]
[101.15309]
[96.32101]
[93.29725]
[89.963425]
[88.23329]
[67.17701]
[70.267815]
[89.72272]
[88.67277]
[88.99122]
[90.388756]
[75.80096]
[84.904686]
[112.51677]
[120.61018]
[134.19331]
[134.13261]
[130.81268]
[130.35483]
[131.59586]
[128.5543]
[102.08309]
[100.75793]
[97.502174]
[96.65269]
[94.34725]
[63.01085]
[52.913155]
[62.88923]
[58.051647]
[54.49218]
[43.649246]
[27.826601]
[24.941013]
[25.289366]
[35.522137]
[47.484974]
[42.149338]
[43.930683]
[36.19469]
[22.429123]
[18.550535]
[31.467262]
[22.046005]
[19.375883]
[18.60523]
[15.9776]
[15.368776]
[15.665265]
[18.251747]
[18.303246]
[17.38016]
[16.361776]
[17.429558]
[15.335865]
[14.944252]
[16.202805]
[16.156088]
[15.620173]
[16.20222]
[16.372042]
[16.76207]
[17.049543]
[19.207636]
[19.710005]
[16.529884]
[16.132854]
[16.501411]
[16.859385]
[16.958714]
[16.36465]
[16.536911]
[16.501497]
[15.859009]
[16.293444]
[14.7799635]
[13.550981]
[14.670265]
[15.532591]
[17.880365]
[18.097855]
[20.816864]
[16.655447]
[16.074535]
[16.758085]
[15.189008]
[13.645443]
[15.372168]
[22.479305]
[14.791885]
[12.84146]
[14.442925]
[14.610846]
[18.83934]
[18.289974]
[16.949102]
[14.330266]
[14.964207]
[26.67859]
[29.76768]
[28.28966]
[27.442406]
[22.795883]
[15.618297]
[12.935136]
[12.647458]
[10.500222]
[9.871618]
[9.605019]
[9.409931]
[9.011731]
[8.930013]
[9.065926]
[9.202017]
[9.013446]
[8.923725]
[8.940871]
[8.830126]
[8.78236][10.25]
[9.45]
[13.02]
[10.69]
[5.31]
[5.25]
[5.26]
[5.31]
[5.31]
[5.3]
[5.29]
[5.3]
[9.25]
[9.31]
[9.28]
[9.29]
[9.27]
[9.26]
[9.25]
[9.26]
[9.26]
[9.27]
[9.25]
[9.25]
[9.32]
[9.28]
[9.26]
[9.22]
[9.21]
[9.23]
[9.23]
[9.06]
[9.24]
[9.25]
[9.24]
[9.29]
[9.55]
[9.28]
[9.27]
[9.27]
[9.25]
[9.24]
[9.28]
[12.21]
[12.29]
[12.32]
[12.27]
[12.3]
[12.29]
[12.25]
[12.25]
[12.25]
[12.29]
[12.3]
[12.3]
[12.31]
[12.36]
[12.34]
[12.35]
[12.36]
[12.37]
[12.39]
[12.39]
[12.4]
[12.36]
[12.39]
[12.4]
[12.41]
[12.52]
[12.25]
[12.25]
[12.03]
[12.31]
[26.75]
[15.2]
[15.05]
[15.12]
[15.03]
[15.09]
[15.17]
[15.22]
[15.41]
[15.4]
[15.43]
[15.24]
[15.14]
[15.08]
[15.29]
[15.3]
[15.23]
[15.22]
[15.17]
[15.21]
[15.24]
[15.21]
[15.26]
[15.09]
[15.03]
[14.94]
[15.09]
[15.28]
[15.3]
[15.52]
[15.38]
[15.46]
[15.26]
[15.55]
[15.54]
[15.27]
[22.36]
[17.87]
[15.85]
[42.75]
[82.22]
[94.05]
[93.25]
[90.97]
[55.68]
[49.63]
[58.09]
[56.67]
[54.59]
[53.59]
[58.05]
[53.08]
[41.74]
[57.88]
[58.89]
[56.17]
[56.45]
[59.98]
[24.57]
[23.68]
[48.95]
[58.59]
[52.66]
[61.65]
[55.39]
[15.63]
[15.57]
[49.45]
[48.02]
[57.5]
[95.04]
[91.35]
[127.12]
[159.08]
[215.85]
[192.9]
[144.63]
[136.75]
[131.02]
[99.64]
[86.83]
[129.19]
[131.03]
[129.73]
[130.49]
[130.52]
[92.3]
[87.76]
[90.33]
[91.84]
[90.24]
[92.4]
[96.82]
[52.74]
[45.22]
[55.96]
[60.38]
[51.61]
[55.5]
[62.81]
[54.04]
[56.12]
[53.08]
[60.33]
[38.11]
[64.66]
[62.07]
[50.21]
[45.53]
[67.12]
[58.52]
[53.52]
[50.52]
[53.77]
[41.06]
[38.17]
[35.45]
[50.08]
[57.71]
[43.73]
[61.41]
[54.5]
[42.43]
[96.98]
[93.31]
[95.73]
[93.08]
[91.61]
[94.94]
[85.74]
[88.4]
[98.74]
[90.94]
[95.37]
[98.5]
[45.13]
[47.61]
[67.66]
[39.1]
[71.69]
[37.29]
[69.59]
[19.53]
[12.7]
[49.99]
[27.12]
[31.05]
[19.21]
[28.46]
[14.31]
[9.94]
[17.83]
[28.86]
[44.83]
[46.46]
[52.06]
[24.01]
[9.42]
[50.97]
[57.23]
[44.2]
[37.8]
[12.15]
[9.41]
[10.47]
[20.43]
[33.31]
[48.25]
[44.01]
[55.45]
[12.7]
[10.36]
[51.64]
[50.92]
[50.38]
[49.93]
[49.1]
[13.79]
[10.13]
[29.22]
[34.2]
[23.2]
[39.35]
[38.77]
[14.08]
[10.2]
[32.49]
[35.58]
[33.86]
[32.24]
[29.9]
[23.23]
[16.87]
[24.9]
[28.37]
[17.49]
[16.74]
[47.53]
[16.06]
[15.03]
[32.65]
[36.66]
[33.79]
[32.62]
[31.6]
[12.79]
[8.68]
[29.3]
[28.48]
[33.01]
[32.79]
[29.71]
[12.11]
[7.79]
[7.39]
[5.3]
[5.33]
[5.36]
[5.41]
[5.44]
[5.46]
[5.48]
[5.51]
[5.52]
[5.54]
[5.55]
[5.56]
[5.57]
[5.58]
[5.41]
[5.59]
[5.59]
[5.59]
[5.59]
[5.59]
[5.59]
[5.52]
[9.82]
[15.53]
[16.95]
[20.82]
[11.7]
[14.18]
[15.4]
[23.39]
[19.41]
[16.47]
[11.42]
[6.71]
[12.54]
[12.67]
[10.63]
[11.37]
[12.05]
[14.44]
[14.47]
[12.32]
[14.46]
[13.82]
[14.57]
[14.58]
[8.47]
[14.78]
[14.81]
[14.47]
[5.31]
[5.31]
[5.29]
[6.65]
[12.03]
[10.97]
[11.68]
[7.09]
[5.32]
[5.32]
[5.33]
[5.32]
[5.32]
[7.66]
[5.32]
[5.32]
[5.32]
[5.29]
[5.21]
[5.09]
[5.1]
[5.1]
[5.1]
[5.11]
[5.11]
[5.1]
[5.12]
[5.22]
[5.48]
[5.49]
[5.27]
[5.12]
[5.13]
[5.12]
[5.12]
[5.11]
[5.16]
[8.76]
[8.76]
[8.94]
[8.95]
[8.95]
[10.8]
[10.34]
[8.93]
[12.82]
[12.41]
[9.78]
[12.71]
[13.05]
[9.78]
[9.61]
[13.47]
[13.71]
[13.82]
[13.8]
[20.11]
[12.1]
[10.21]
[15.44]
[19.36]
[24.22]
[16.35]
[13.82]
[12.91]
[11.05]
[11.21]
[12.63]
[12.73]
[13.93]
[14.]
[12.75]
[12.72]
[14.06]
[13.64]
[13.18]
[14.13]
[14.47]
[12.97]
[12.08]
[13.53]
[13.92]
[14.]
[14.03]
[13.47]
[12.53]
[12.61]
[12.89]
[13.87]
[13.64]
[12.29]
[13.75]
[12.77]
[12.77]
[13.97]
[13.97]
[12.95]
[15.58]
[14.78]
[14.97]
[14.82]
[14.67]
[14.69]
[14.7]
[14.81]
[14.7]
[17.5]
[18.04]
[19.37]
[14.58]
[14.62]
[14.69]
[14.75]
[14.6]
[14.39]
[14.42]
[14.49]
[14.55]
[14.59]
[14.62]
[14.6]
[14.31]
[14.23]
[14.12]
[14.15]
[14.3]
[14.52]
[14.49]
[14.43]
[14.23]
[14.17]
[14.28]
[14.37]
[14.29]
[14.2]
[14.09]
[14.11]
[14.23]
[14.04]
[14.13]
[14.15]
[14.07]
[14.02]
[13.88]
[13.88]
[13.78]
[13.82]
[13.92]
[14.08]
[13.97]
[13.86]
[13.82]
[13.83]
[13.99]
[14.01]
[13.84]
[13.78]
[13.71]
[13.96]
[14.1]
[13.99]
[13.72]
[16.98]
[13.92]
[13.67]
[13.53]
[13.42]
[13.41]
[13.36]
[14.17]
[14.52]
[14.48]
[14.44]
[14.41]
[14.38]
[14.37]
[14.35]
[14.34]
[14.31]
[15.25]
[14.32]
[14.31]
[14.29]
[14.29]
[14.58]
[14.56]
[12.15]
[11.95]
[11.88]
[11.87]
[11.82]
[13.39]
[11.95]
[11.94]
[11.89]
[11.86]
[11.86]
[11.84]
[11.83]
[11.81]
[11.86]
[11.86]
[11.8]
[11.8]
[11.79]
[11.78]
[11.77]
[11.96]
[11.94]
[11.9]
[11.85]
[11.35]
[11.83]
[11.8]
[12.]
[12.06]
[12.03]
[9.66]
[9.6]
[9.59]
[9.63]
[9.74]
[9.73]
[9.68]
[9.68]
[9.7]
[9.68]
[9.68]
[9.67]
[9.67]
[9.73]
[9.77]
[9.75]
[9.77]
[9.77]
[9.77]
[9.74]
[9.74]
[9.73]
[9.72]
[9.75]
[9.75]
[9.79]
[9.77]
[9.77]
[9.78]
[9.77]
[9.09]
[9.09]
[8.91]
[8.69]
[8.69]
[8.66]
[8.69]
[8.7]
[8.7]
[8.66]
[8.67]
[8.77]
[8.78]
[8.78]
[8.77]
[8.78]
[8.77]
[8.74]
[8.74]
[8.77]
[8.77]
[8.77]
[8.76]
[8.77]
[8.76]
[8.77]
[8.77]
[8.76]
[8.76]
[8.77]
[8.71]
[8.26]
[8.23]
[8.06]
[8.02]
[8.01]
[8.04]
[8.06]
[8.04]
[8.05]
[8.06]
[8.05]
[8.05]
[8.07]
[8.07]
[8.06]
[8.04]
[8.08]
[8.07]
[8.07]
[8.03]
[8.1]
[8.09]
[8.1]
[8.11]
[8.1]
[8.11]
[8.12]
[8.11]
[8.11]
[8.13]
[6.13]
[6.11]
[5.91]
[5.29]
[5.35]
[5.29]
[5.31]
[5.3]
[5.3]
[5.3]
[5.31]
[5.3]
[5.27]
[5.29]
[5.29]
[5.29]
[5.3]
[5.3]
[5.34]
[5.31]
[5.31]
[5.32]
[5.32]
[5.31]
[5.33]
[5.32]
[5.32]
[5.31]
[5.33]
[5.32]
[5.34]
[5.34]
[5.89]
[5.74]
[5.51]
[5.5]
[7.49]
[7.16]
[5.55]
[5.56]
[5.48]
[5.43]
[5.41]
[5.42]
[5.48]
[5.44]
[5.44]
[5.44]
[7.99]
[5.37]
[5.4]
[5.41]
[5.38]
[5.38]
[5.39]
[5.38]
[5.38]
[5.43]
[5.4]
[5.41]
[5.42]
[5.41]
[5.41]
[5.41]
[5.41]
[5.42]
[5.44]
[5.44]
[5.45]
[5.47]
[5.47]
[5.4]
[5.42]
[5.44]
[5.46]
[5.47]
[5.46]
[5.46]
[5.47]
[5.47]
[5.42]
[5.48]
[5.49]
[5.48]
[5.46]
[5.46]
[5.5]
[5.51]
[5.48]
[5.46]
[9.04]
[9.13]
[9.13]
[9.16]
[9.17]
[9.17]
[9.19]
[9.21]
[9.24]
[9.24]
[9.22]
[9.2]
[9.27]
[9.28]
[9.28]
[9.29]
[9.32]
[9.33]
[9.33]
[9.34]
[9.36]
[9.37]
[9.38]
[9.41]
[9.41]
[9.41]
[9.41]
[9.42]
[9.83]
[9.49]
[9.52]
[12.18]
[12.29]
[12.29]
[12.33]
[12.37]
[12.42]
[12.45]
[12.39]
[15.27]
[16.55]
[14.11]
[12.06]
[12.15]
[12.22]
[12.2]
[14.89]
[12.24]
[12.29]
[12.3]
[12.82]
[12.19]
[12.16]
[12.29]
[12.32]
[12.3]
[12.41]
[12.47]
[12.46]
[12.66]
[12.65]
[14.68]
[15.59]
[15.66]
[15.62]
[15.61]
[15.62]
[15.55]
[15.55]
[15.53]
[15.48]
[15.58]
[15.63]
[15.67]
[15.73]
[15.76]
[15.69]
[15.74]
[15.74]
[15.7]
[15.75]
[15.81]
[15.74]
[15.69]
[15.67]
[15.67]
[15.69]
[15.71]
[15.78]
[15.82]
[15.85]
[15.84]
[15.82]
[15.81]
[15.68]
[15.65]
[15.45]
[15.76]
[15.72]
[15.72]
[15.72]
[15.86]
[15.62]
[15.55]
[15.84]
[15.47]
[15.85]
[15.91]
[15.89]
[15.6]
[15.96]
[15.99]
[15.84]
[15.77]
[15.99]
[15.57]
[15.56]
[15.78]
[15.69]
[15.67]
[15.63]
[15.75]
[15.5]
[15.92]
[15.96]
[15.99]
[16.2]
[15.99]
[15.99]
[15.96]
[15.93]
[15.94]
[15.96]
[15.89]
[15.75]
[15.57]
[14.85]
[16.98]
[17.18]
[17.15]
[16.64]
[16.94]
[16.89]
[16.85]
[16.85]
[16.82]
[22.09]
[48.14]
[54.09]
[52.25]
[50.82]
[26.21]
[24.32]
[46.38]
[54.6]
[55.32]
[58.59]
[42.22]
[59.61]
[52.27]
[91.07]
[134.99]
[99.13]
[93.08]
[89.49]
[90.15]
[90.7]
[92.91]
[90.54]
[92.41]
[91.17]
[89.85]
[54.37]
[55.31]
[91.98]
[89.63]
[92.51]
[92.65]
[53.92]
[58.15]
[118.86]
[121.02]
[128.01]
[129.11]
[130.04]
[130.07]
[129.96]
[130.52]
[93.73]
[94.19]
[93.43]
[94.32]
[94.03]
[49.04]
[42.92]
[63.69]
[56.03]
[54.7]
[38.34]
[11.79]
[11.72]
[12.96]
[33.11]
[57.23]
[47.44]
[52.93]
[38.46]
[13.38]
[10.84]
[32.12]
[12.86]
[13.04]
[11.96]
[9.06]
[9.09]
[9.87]
[13.99]
[13.87]
[12.77]
[11.54]
[13.62]
[10.08]
[9.89]
[11.66]
[11.41]
[10.97]
[12.27]
[12.58]
[13.52]
[14.11]
[18.19]
[19.12]
[13.6]
[13.55]
[13.48]
[13.43]
[13.64]
[13.07]
[13.76]
[13.75]
[12.85]
[13.71]
[11.22]
[9.92]
[11.7]
[12.05]
[15.5]
[15.5]
[20.41]
[11.86]
[11.21]
[12.16]
[10.03]
[8.58]
[11.93]
[24.96]
[9.81]
[9.12]
[11.89]
[11.97]
[19.72]
[18.14]
[16.04]
[11.71]
[13.74]
[39.18]
[46.43]
[42.22]
[40.7]
[29.17]
[11.6]
[7.7]
[7.77]
[5.18]
[5.21]
[5.24]
[5.27]
[5.28]
[5.29]
[5.31]
[5.33]
[5.34]
[5.35]
[5.36]
[5.37]
[5.38]
[5.39]