0.891349030575727, 0.8993756890394672, -3.1789882258656985, 200.6499932758371[13.326351]
[10.712791]
[9.711801]
[11.610952]
[10.5997925]
[7.2625275]
[6.7602386]
[6.764573]
[6.7658978]
[6.749607]
[6.695137]
[6.6842103]
[6.664951]
[9.008995]
[9.357894]
[9.380111]
[9.546102]
[10.439731]
[11.656386]
[11.787844]
[10.8099]
[10.231512]
[10.044934]
[9.928049]
[9.867258]
[9.882656]
[9.868354]
[9.796443]
[9.698685]
[9.589146]
[9.616941]
[9.747427]
[9.726755]
[9.741612]
[9.755445]
[9.729337]
[9.646369]
[10.034172]
[13.568027]
[10.721722]
[10.388152]
[10.779432]
[10.871239]
[10.639104]
[12.156578]
[12.296659]
[12.312299]
[12.255809]
[12.44728]
[12.754334]
[12.834098]
[12.556534]
[12.415194]
[12.318812]
[12.221962]
[12.187037]
[12.188978]
[12.158812]
[12.090089]
[12.075673]
[12.0843115]
[12.026468]
[12.03856]
[12.079204]
[12.14814]
[12.3597145]
[12.674314]
[12.620582]
[12.506177]
[12.528716]
[14.999758]
[9.937011]
[11.559497]
[12.086082]
[36.791363]
[17.274788]
[13.805737]
[13.802319]
[13.742027]
[13.80622]
[13.9198]
[13.929279]
[13.990869]
[14.0458355]
[14.063517]
[13.929905]
[13.950932]
[14.002328]
[14.130491]
[14.090181]
[14.124703]
[14.219934]
[14.379077]
[14.246869]
[14.136193]
[14.19036]
[14.186827]
[14.016932]
[13.944602]
[13.836087]
[14.20489]
[14.424077]
[14.363646]
[14.704122]
[14.745546]
[14.709168]
[20.343315]
[24.582478]
[19.549303]
[35.90384]
[62.884262]
[26.440035]
[69.30359]
[74.46457]
[66.73254]
[92.71577]
[136.72696]
[96.606316]
[69.66554]
[59.42459]
[62.809437]
[60.47897]
[55.793766]
[52.019665]
[53.806255]
[50.337936]
[41.335316]
[50.566963]
[53.242992]
[51.031425]
[51.1164]
[54.553715]
[30.916458]
[27.353237]
[43.293247]
[51.07722]
[47.226044]
[51.37318]
[46.780266]
[22.394388]
[22.578747]
[45.330692]
[49.653183]
[75.98601]
[108.01462]
[143.88574]
[157.71065]
[169.50777]
[202.4859]
[169.50542]
[140.31322]
[141.07405]
[129.02402]
[106.20464]
[90.39985]
[111.88181]
[111.96725]
[112.9853]
[117.87466]
[125.064674]
[112.97014]
[100.989555]
[95.68678]
[95.19168]
[92.41878]
[91.74903]
[95.31068]
[72.17063]
[66.60606]
[73.91205]
[74.02049]
[70.140915]
[69.66188]
[70.85019]
[61.880074]
[59.079205]
[55.058136]
[57.644054]
[42.32764]
[56.552338]
[57.03807]
[49.28518]
[45.912426]
[59.15467]
[53.885906]
[48.450005]
[45.190117]
[46.91531]
[40.322083]
[41.15405]
[43.758953]
[60.35723]
[67.89474]
[59.005222]
[65.87511]
[58.889053]
[53.677956]
[94.667076]
[98.06222]
[92.36892]
[86.35166]
[82.65698]
[82.61318]
[80.754776]
[85.875]
[94.85819]
[91.55697]
[98.12385]
[103.32566]
[74.13381]
[71.30519]
[77.15046]
[57.154694]
[73.42377]
[50.999424]
[66.05244]
[35.58358]
[25.570677]
[46.901352]
[34.64609]
[33.944958]
[26.53121]
[30.253456]
[22.381626]
[18.181032]
[21.856453]
[27.93961]
[37.259457]
[38.811943]
[42.720264]
[27.866323]
[19.65534]
[43.039707]
[49.91074]
[41.3943]
[37.03722]
[23.076635]
[20.773207]
[20.886898]
[25.38934]
[31.575016]
[39.997807]
[37.81792]
[44.2557]
[19.585125]
[16.473736]
[40.38919]
[41.795975]
[40.18549]
[40.997253]
[39.328526]
[19.279015]
[18.09382]
[29.029776]
[32.07117]
[24.835804]
[32.416634]
[32.533]
[17.831877]
[14.0850315]
[26.009752]
[29.271866]
[28.013521]
[26.466328]
[24.751192]
[20.466574]
[16.500303]
[20.939976]
[23.799335]
[18.370913]
[18.976704]
[39.21106]
[21.617556]
[17.371443]
[26.61219]
[29.935236]
[28.116722]
[26.881079]
[25.691418]
[14.603638]
[11.398528]
[22.417667]
[22.623144]
[23.845442]
[25.130081]
[23.67487]
[13.914603]
[10.285604]
[9.694187]
[8.493985]
[8.206912]
[8.505129]
[8.628494]
[8.485177]
[8.3276]
[8.16291]
[8.222129]
[8.1656065]
[8.144357]
[8.006015]
[7.943685]
[7.915473]
[7.9229193]
[7.814833]
[7.7893515]
[7.7390027]
[7.707517]
[7.707517]
[7.707517]
[7.707517]
[7.5515137]
[9.544564]
[14.244283]
[13.696279]
[15.11712]
[11.553669]
[12.4078245]
[13.173468]
[16.53749]
[15.165507]
[13.969583]
[11.342271]
[8.326098]
[11.075423]
[11.620935]
[10.440853]
[10.659479]
[11.173537]
[12.688157]
[12.857315]
[11.584136]
[12.545032]
[18.301659]
[13.786476]
[13.015219]
[9.547401]
[12.741855]
[13.025004]
[12.782624]
[7.723852]
[6.8771834]
[6.891136]
[7.5808077]
[10.7582445]
[10.805891]
[10.897086]
[8.315135]
[6.877171]
[6.7406483]
[6.757272]
[6.7086883]
[6.6973295]
[8.071075]
[6.8911057]
[6.671619]
[6.677808]
[6.6702547]
[6.5960793]
[6.7890606]
[7.061194]
[7.103739]
[6.9765654]
[6.8420143]
[6.7393994]
[6.680483]
[6.6895375]
[6.712875]
[6.8442564]
[6.861418]
[6.8484116]
[6.7580338]
[6.6971803]
[6.6622324]
[6.682044]
[6.6749434]
[6.66529]
[8.780456]
[9.060431]
[13.727905]
[9.947809]
[9.219316]
[10.345537]
[10.146009]
[9.260682]
[12.248451]
[11.645473]
[9.958829]
[11.531512]
[11.999375]
[10.105172]
[9.809233]
[12.299808]
[12.754303]
[12.716231]
[12.608579]
[16.376831]
[12.070617]
[10.368792]
[13.573556]
[16.458363]
[19.195072]
[14.223338]
[12.192763]
[11.667831]
[10.562823]
[10.522838]
[11.346225]
[11.592165]
[12.331111]
[12.344527]
[11.820112]
[11.778297]
[12.474276]
[12.297612]
[12.360094]
[12.832632]
[12.945251]
[12.049141]
[11.499695]
[12.300911]
[12.479478]
[12.4078245]
[12.300442]
[11.926038]
[11.509977]
[11.76832]
[12.005639]
[13.082878]
[12.9534]
[11.608143]
[12.615891]
[12.444479]
[12.241361]
[12.854128]
[12.835291]
[12.099397]
[13.775748]
[13.308527]
[13.380262]
[13.290001]
[13.135707]
[13.032897]
[12.856586]
[13.032871]
[12.857543]
[14.292967]
[16.735117]
[15.819281]
[12.547746]
[12.49718]
[13.059]
[13.138874]
[13.197731]
[12.889292]
[12.825721]
[12.867396]
[12.846075]
[12.955949]
[12.888149]
[12.932936]
[12.703208]
[12.514822]
[12.41863]
[12.475472]
[12.44102]
[12.552852]
[12.458753]
[12.445303]
[12.434161]
[12.408471]
[12.335313]
[12.4735565]
[12.37679]
[12.16742]
[12.111511]
[12.130648]
[12.261891]
[12.203217]
[12.248616]
[12.407228]
[12.607272]
[12.571712]
[12.274976]
[12.418014]
[12.216978]
[11.839585]
[12.021569]
[11.998859]
[11.728015]
[11.566011]
[11.439706]
[11.305832]
[11.201271]
[11.407841]
[11.466108]
[11.5297575]
[11.532145]
[11.506036]
[12.019453]
[12.478739]
[14.423339]
[17.94799]
[16.531693]
[12.4238]
[12.211778]
[11.962431]
[12.377114]
[13.462053]
[13.806842]
[13.778991]
[13.942739]
[13.955749]
[13.682962]
[13.18715]
[12.923933]
[13.102493]
[13.117264]
[13.023579]
[13.672331]
[13.110416]
[13.065505]
[13.030116]
[13.128973]
[12.619473]
[13.046201]
[11.650698]
[11.171778]
[11.047724]
[11.71653]
[11.464237]
[12.36122]
[11.63537]
[11.604256]
[11.531788]
[11.556827]
[11.538188]
[11.466232]
[11.644901]
[11.611118]
[11.657661]
[11.602466]
[11.594945]
[11.5737705]
[11.551418]
[11.508277]
[11.529436]
[11.504669]
[12.339925]
[12.957593]
[12.90835]
[13.113963]
[12.471594]
[12.596416]
[12.61266]
[12.600056]
[12.416503]
[11.162508]
[11.323189]
[11.158236]
[11.000122]
[11.053594]
[10.983382]
[10.948864]
[10.866563]
[10.857476]
[10.767204]
[10.733551]
[10.736177]
[10.648572]
[10.688492]
[10.6616955]
[10.658942]
[10.645377]
[10.623391]
[10.579615]
[10.505368]
[10.44955]
[10.397046]
[10.33312]
[10.340551]
[10.343432]
[10.329617]
[10.268545]
[10.283884]
[10.30281]
[10.330271]
[9.958065]
[9.8843565]
[9.720875]
[9.4987135]
[9.504104]
[9.572838]
[9.601632]
[9.52781]
[9.434883]
[9.4354]
[9.622821]
[10.027612]
[10.6855955]
[10.72174]
[10.418771]
[10.184883]
[10.004779]
[9.875143]
[9.774514]
[9.745009]
[9.727481]
[9.638025]
[9.604826]
[9.516536]
[9.453201]
[9.580769]
[9.807318]
[9.914857]
[9.882206]
[9.972182]
[9.847773]
[9.362914]
[9.200173]
[9.060288]
[8.961247]
[8.939613]
[8.993635]
[8.97828]
[8.876487]
[8.853039]
[8.847206]
[8.808236]
[8.791196]
[8.7964325]
[8.753513]
[8.740743]
[8.717883]
[8.698652]
[8.642628]
[8.597574]
[8.60079]
[8.604335]
[8.525789]
[8.553827]
[8.60048]
[8.554787]
[8.551257]
[8.603171]
[8.666077]
[8.74786]
[8.751286]
[7.5180407]
[7.2746596]
[7.0717416]
[6.63507]
[6.5900416]
[6.551072]
[6.5621963]
[6.5222616]
[6.5415893]
[6.548595]
[6.518707]
[6.508089]
[6.485869]
[6.4915714]
[6.407752]
[6.330048]
[6.422791]
[6.278197]
[6.2688193]
[6.40525]
[6.3628826]
[6.2960095]
[6.282679]
[6.265779]
[6.2699924]
[6.256228]
[6.2418413]
[6.2272716]
[6.227334]
[6.125539]
[6.15263]
[6.1143856]
[6.4366326]
[6.4055023]
[9.648504]
[6.7465158]
[7.7049203]
[7.8358984]
[6.338994]
[6.1310463]
[6.069355]
[6.0065374]
[6.247284]
[5.985548]
[6.2060866]
[5.9689245]
[6.17134]
[5.9401197]
[8.030452]
[6.423093]
[6.0902615]
[6.067875]
[6.0460567]
[6.024274]
[6.0024567]
[5.7742224]
[5.956235]
[5.8921723]
[7.938727]
[6.0543838]
[5.733774]
[5.8714023]
[5.703158]
[5.696097]
[5.817164]
[5.6709356]
[5.7779236]
[5.7460904]
[5.6431885]
[5.7249966]
[5.6358237]
[5.5964823]
[5.592918]
[5.654012]
[5.5778437]
[5.6199155]
[5.5503416]
[5.5629992]
[5.5638776]
[5.555247]
[5.4656997]
[5.5265613]
[5.515692]
[5.47445]
[5.488859]
[5.460348]
[5.445558]
[5.468325]
[5.4003673]
[5.3812194]
[8.48967]
[8.397515]
[8.7893]
[8.386129]
[8.727393]
[8.781328]
[8.711792]
[8.662412]
[9.226614]
[8.678418]
[9.143933]
[8.594182]
[9.061331]
[8.510128]
[8.9803095]
[9.016106]
[8.3806095]
[8.3136425]
[8.309811]
[8.30608]
[8.31308]
[8.353774]
[8.286069]
[8.570264]
[8.281266]
[8.795051]
[8.542498]
[8.310032]
[8.943369]
[8.919213]
[8.895018]
[10.195989]
[10.411734]
[10.378472]
[10.786489]
[10.393452]
[10.717991]
[11.208726]
[11.2517805]
[13.823868]
[14.732973]
[13.24395]
[11.012356]
[10.948475]
[10.937152]
[11.116033]
[13.274372]
[10.920013]
[10.613163]
[10.457641]
[10.625666]
[9.839263]
[9.647976]
[9.707888]
[10.063441]
[10.245109]
[10.485607]
[10.030377]
[9.476258]
[9.511895]
[9.464515]
[10.470417]
[10.982781]
[11.21644]
[11.480124]
[11.222847]
[11.44408]
[11.277838]
[11.571074]
[12.145765]
[12.945771]
[16.715557]
[19.713446]
[13.158831]
[14.039996]
[11.318257]
[13.4796295]
[13.896178]
[13.980777]
[13.913285]
[13.94011]
[13.907349]
[13.880689]
[13.82971]
[13.8110485]
[13.795665]
[13.946879]
[14.577771]
[14.762153]
[14.864219]
[15.079918]
[15.147419]
[14.919132]
[14.77598]
[14.042208]
[13.538411]
[13.205331]
[13.595908]
[14.092041]
[14.2787285]
[15.594985]
[15.903008]
[15.008637]
[14.629627]
[15.834647]
[15.062597]
[15.519669]
[16.001623]
[15.727447]
[15.118726]
[15.304248]
[15.202917]
[15.114503]
[15.037499]
[15.041427]
[15.984343]
[17.498934]
[16.622137]
[15.560693]
[15.022381]
[14.604001]
[14.40603]
[14.388505]
[14.881167]
[14.889241]
[15.994417]
[16.239395]
[15.000093]
[14.752719]
[14.664823]
[14.996011]
[15.046702]
[15.410619]
[16.240526]
[22.105392]
[27.39898]
[18.667465]
[24.792608]
[26.839909]
[22.1709]
[22.416052]
[20.348347]
[6.807679]
[16.43672]
[18.141672]
[17.843485]
[21.111118]
[38.958797]
[44.46698]
[51.663506]
[54.281586]
[46.36478]
[39.61767]
[54.603092]
[67.34692]
[63.457394]
[64.20091]
[53.584824]
[76.52936]
[96.01923]
[96.721596]
[120.25504]
[112.09508]
[120.374756]
[107.38307]
[100.47904]
[100.19546]
[100.47851]
[97.253426]
[95.10042]
[90.22572]
[88.40403]
[69.94823]
[73.585815]
[90.68288]
[88.5677]
[89.04451]
[90.61754]
[82.96488]
[94.41094]
[113.450424]
[122.803925]
[138.92043]
[133.92258]
[131.23175]
[130.63861]
[132.86508]
[129.44238]
[102.92008]
[102.64288]
[99.763916]
[97.97759]
[95.99988]
[62.439068]
[51.137474]
[62.56727]
[57.873825]
[54.256756]
[41.957157]
[23.422504]
[20.700369]
[21.085135]
[32.701534]
[48.702126]
[43.51383]
[45.811733]
[36.755856]
[20.336157]
[17.08535]
[29.585974]
[19.868162]
[17.826128]
[17.268476]
[15.218828]
[14.666621]
[14.739827]
[16.746187]
[16.593668]
[15.630245]
[14.665909]
[15.44923]
[13.626071]
[13.397673]
[14.4045725]
[14.30529]
[13.686334]
[13.965918]
[14.012999]
[14.212286]
[14.318654]
[16.277735]
[16.697472]
[13.631477]
[13.282743]
[13.743741]
[14.3851595]
[14.494988]
[13.797892]
[13.837177]
[13.75202]
[13.177427]
[13.502021]
[12.260782]
[11.305257]
[12.20269]
[13.004827]
[15.239991]
[15.377772]
[17.988058]
[14.205571]
[14.10551]
[14.867959]
[13.307287]
[11.914686]
[13.075318]
[19.59007]
[12.017757]
[10.640396]
[11.936266]
[11.838471]
[15.509549]
[14.929958]
[13.677819]
[11.35336]
[12.068229]
[24.067749]
[27.036442]
[26.182743]
[25.67349]
[20.005241]
[12.9017105]
[12.022749]
[11.94783]
[9.896708]
[9.315894]
[9.000968]
[8.763766]
[8.221044]
[8.134959]
[8.354152]
[8.488176]
[8.2061405]
[8.060379]
[8.1059885]
[7.9707007]
[7.8369136][10.25]
[9.45]
[13.02]
[10.69]
[5.31]
[5.25]
[5.26]
[5.31]
[5.31]
[5.3]
[5.29]
[5.3]
[9.25]
[9.31]
[9.28]
[9.29]
[9.27]
[9.26]
[9.25]
[9.26]
[9.26]
[9.27]
[9.25]
[9.25]
[9.32]
[9.28]
[9.26]
[9.22]
[9.21]
[9.23]
[9.23]
[9.06]
[9.24]
[9.25]
[9.24]
[9.29]
[9.55]
[9.28]
[9.27]
[9.27]
[9.25]
[9.24]
[9.28]
[12.21]
[12.29]
[12.32]
[12.27]
[12.3]
[12.29]
[12.25]
[12.25]
[12.25]
[12.29]
[12.3]
[12.3]
[12.31]
[12.36]
[12.34]
[12.35]
[12.36]
[12.37]
[12.39]
[12.39]
[12.4]
[12.36]
[12.39]
[12.4]
[12.41]
[12.52]
[12.25]
[12.25]
[12.03]
[12.31]
[26.75]
[15.2]
[15.05]
[15.12]
[15.03]
[15.09]
[15.17]
[15.22]
[15.41]
[15.4]
[15.43]
[15.24]
[15.14]
[15.08]
[15.29]
[15.3]
[15.23]
[15.22]
[15.17]
[15.21]
[15.24]
[15.21]
[15.26]
[15.09]
[15.03]
[14.94]
[15.09]
[15.28]
[15.3]
[15.52]
[15.38]
[15.46]
[15.26]
[15.55]
[15.54]
[15.27]
[22.36]
[17.87]
[15.85]
[42.75]
[82.22]
[94.05]
[93.25]
[90.97]
[55.68]
[49.63]
[58.09]
[56.67]
[54.59]
[53.59]
[58.05]
[53.08]
[41.74]
[57.88]
[58.89]
[56.17]
[56.45]
[59.98]
[24.57]
[23.68]
[48.95]
[58.59]
[52.66]
[61.65]
[55.39]
[15.63]
[15.57]
[49.45]
[48.02]
[57.5]
[95.04]
[91.35]
[127.12]
[159.08]
[215.85]
[192.9]
[144.63]
[136.75]
[131.02]
[99.64]
[86.83]
[129.19]
[131.03]
[129.73]
[130.49]
[130.52]
[92.3]
[87.76]
[90.33]
[91.84]
[90.24]
[92.4]
[96.82]
[52.74]
[45.22]
[55.96]
[60.38]
[51.61]
[55.5]
[62.81]
[54.04]
[56.12]
[53.08]
[60.33]
[38.11]
[64.66]
[62.07]
[50.21]
[45.53]
[67.12]
[58.52]
[53.52]
[50.52]
[53.77]
[41.06]
[38.17]
[35.45]
[50.08]
[57.71]
[43.73]
[61.41]
[54.5]
[42.43]
[96.98]
[93.31]
[95.73]
[93.08]
[91.61]
[94.94]
[85.74]
[88.4]
[98.74]
[90.94]
[95.37]
[98.5]
[45.13]
[47.61]
[67.66]
[39.1]
[71.69]
[37.29]
[69.59]
[19.53]
[12.7]
[49.99]
[27.12]
[31.05]
[19.21]
[28.46]
[14.31]
[9.94]
[17.83]
[28.86]
[44.83]
[46.46]
[52.06]
[24.01]
[9.42]
[50.97]
[57.23]
[44.2]
[37.8]
[12.15]
[9.41]
[10.47]
[20.43]
[33.31]
[48.25]
[44.01]
[55.45]
[12.7]
[10.36]
[51.64]
[50.92]
[50.38]
[49.93]
[49.1]
[13.79]
[10.13]
[29.22]
[34.2]
[23.2]
[39.35]
[38.77]
[14.08]
[10.2]
[32.49]
[35.58]
[33.86]
[32.24]
[29.9]
[23.23]
[16.87]
[24.9]
[28.37]
[17.49]
[16.74]
[47.53]
[16.06]
[15.03]
[32.65]
[36.66]
[33.79]
[32.62]
[31.6]
[12.79]
[8.68]
[29.3]
[28.48]
[33.01]
[32.79]
[29.71]
[12.11]
[7.79]
[7.39]
[5.3]
[5.33]
[5.36]
[5.41]
[5.44]
[5.46]
[5.48]
[5.51]
[5.52]
[5.54]
[5.55]
[5.56]
[5.57]
[5.58]
[5.41]
[5.59]
[5.59]
[5.59]
[5.59]
[5.59]
[5.59]
[5.52]
[9.82]
[15.53]
[16.95]
[20.82]
[11.7]
[14.18]
[15.4]
[23.39]
[19.41]
[16.47]
[11.42]
[6.71]
[12.54]
[12.67]
[10.63]
[11.37]
[12.05]
[14.44]
[14.47]
[12.32]
[14.46]
[13.82]
[14.57]
[14.58]
[8.47]
[14.78]
[14.81]
[14.47]
[5.31]
[5.31]
[5.29]
[6.65]
[12.03]
[10.97]
[11.68]
[7.09]
[5.32]
[5.32]
[5.33]
[5.32]
[5.32]
[7.66]
[5.32]
[5.32]
[5.32]
[5.29]
[5.21]
[5.09]
[5.1]
[5.1]
[5.1]
[5.11]
[5.11]
[5.1]
[5.12]
[5.22]
[5.48]
[5.49]
[5.27]
[5.12]
[5.13]
[5.12]
[5.12]
[5.11]
[5.16]
[8.76]
[8.76]
[8.94]
[8.95]
[8.95]
[10.8]
[10.34]
[8.93]
[12.82]
[12.41]
[9.78]
[12.71]
[13.05]
[9.78]
[9.61]
[13.47]
[13.71]
[13.82]
[13.8]
[20.11]
[12.1]
[10.21]
[15.44]
[19.36]
[24.22]
[16.35]
[13.82]
[12.91]
[11.05]
[11.21]
[12.63]
[12.73]
[13.93]
[14.]
[12.75]
[12.72]
[14.06]
[13.64]
[13.18]
[14.13]
[14.47]
[12.97]
[12.08]
[13.53]
[13.92]
[14.]
[14.03]
[13.47]
[12.53]
[12.61]
[12.89]
[13.87]
[13.64]
[12.29]
[13.75]
[12.77]
[12.77]
[13.97]
[13.97]
[12.95]
[15.58]
[14.78]
[14.97]
[14.82]
[14.67]
[14.69]
[14.7]
[14.81]
[14.7]
[17.5]
[18.04]
[19.37]
[14.58]
[14.62]
[14.69]
[14.75]
[14.6]
[14.39]
[14.42]
[14.49]
[14.55]
[14.59]
[14.62]
[14.6]
[14.31]
[14.23]
[14.12]
[14.15]
[14.3]
[14.52]
[14.49]
[14.43]
[14.23]
[14.17]
[14.28]
[14.37]
[14.29]
[14.2]
[14.09]
[14.11]
[14.23]
[14.04]
[14.13]
[14.15]
[14.07]
[14.02]
[13.88]
[13.88]
[13.78]
[13.82]
[13.92]
[14.08]
[13.97]
[13.86]
[13.82]
[13.83]
[13.99]
[14.01]
[13.84]
[13.78]
[13.71]
[13.96]
[14.1]
[13.99]
[13.72]
[16.98]
[13.92]
[13.67]
[13.53]
[13.42]
[13.41]
[13.36]
[14.17]
[14.52]
[14.48]
[14.44]
[14.41]
[14.38]
[14.37]
[14.35]
[14.34]
[14.31]
[15.25]
[14.32]
[14.31]
[14.29]
[14.29]
[14.58]
[14.56]
[12.15]
[11.95]
[11.88]
[11.87]
[11.82]
[13.39]
[11.95]
[11.94]
[11.89]
[11.86]
[11.86]
[11.84]
[11.83]
[11.81]
[11.86]
[11.86]
[11.8]
[11.8]
[11.79]
[11.78]
[11.77]
[11.96]
[11.94]
[11.9]
[11.85]
[11.35]
[11.83]
[11.8]
[12.]
[12.06]
[12.03]
[9.66]
[9.6]
[9.59]
[9.63]
[9.74]
[9.73]
[9.68]
[9.68]
[9.7]
[9.68]
[9.68]
[9.67]
[9.67]
[9.73]
[9.77]
[9.75]
[9.77]
[9.77]
[9.77]
[9.74]
[9.74]
[9.73]
[9.72]
[9.75]
[9.75]
[9.79]
[9.77]
[9.77]
[9.78]
[9.77]
[9.09]
[9.09]
[8.91]
[8.69]
[8.69]
[8.66]
[8.69]
[8.7]
[8.7]
[8.66]
[8.67]
[8.77]
[8.78]
[8.78]
[8.77]
[8.78]
[8.77]
[8.74]
[8.74]
[8.77]
[8.77]
[8.77]
[8.76]
[8.77]
[8.76]
[8.77]
[8.77]
[8.76]
[8.76]
[8.77]
[8.71]
[8.26]
[8.23]
[8.06]
[8.02]
[8.01]
[8.04]
[8.06]
[8.04]
[8.05]
[8.06]
[8.05]
[8.05]
[8.07]
[8.07]
[8.06]
[8.04]
[8.08]
[8.07]
[8.07]
[8.03]
[8.1]
[8.09]
[8.1]
[8.11]
[8.1]
[8.11]
[8.12]
[8.11]
[8.11]
[8.13]
[6.13]
[6.11]
[5.91]
[5.29]
[5.35]
[5.29]
[5.31]
[5.3]
[5.3]
[5.3]
[5.31]
[5.3]
[5.27]
[5.29]
[5.29]
[5.29]
[5.3]
[5.3]
[5.34]
[5.31]
[5.31]
[5.32]
[5.32]
[5.31]
[5.33]
[5.32]
[5.32]
[5.31]
[5.33]
[5.32]
[5.34]
[5.34]
[5.89]
[5.74]
[5.51]
[5.5]
[7.49]
[7.16]
[5.55]
[5.56]
[5.48]
[5.43]
[5.41]
[5.42]
[5.48]
[5.44]
[5.44]
[5.44]
[7.99]
[5.37]
[5.4]
[5.41]
[5.38]
[5.38]
[5.39]
[5.38]
[5.38]
[5.43]
[5.4]
[5.41]
[5.42]
[5.41]
[5.41]
[5.41]
[5.41]
[5.42]
[5.44]
[5.44]
[5.45]
[5.47]
[5.47]
[5.4]
[5.42]
[5.44]
[5.46]
[5.47]
[5.46]
[5.46]
[5.47]
[5.47]
[5.42]
[5.48]
[5.49]
[5.48]
[5.46]
[5.46]
[5.5]
[5.51]
[5.48]
[5.46]
[9.04]
[9.13]
[9.13]
[9.16]
[9.17]
[9.17]
[9.19]
[9.21]
[9.24]
[9.24]
[9.22]
[9.2]
[9.27]
[9.28]
[9.28]
[9.29]
[9.32]
[9.33]
[9.33]
[9.34]
[9.36]
[9.37]
[9.38]
[9.41]
[9.41]
[9.41]
[9.41]
[9.42]
[9.83]
[9.49]
[9.52]
[12.18]
[12.29]
[12.29]
[12.33]
[12.37]
[12.42]
[12.45]
[12.39]
[15.27]
[16.55]
[14.11]
[12.06]
[12.15]
[12.22]
[12.2]
[14.89]
[12.24]
[12.29]
[12.3]
[12.82]
[12.19]
[12.16]
[12.29]
[12.32]
[12.3]
[12.41]
[12.47]
[12.46]
[12.66]
[12.65]
[14.68]
[15.59]
[15.66]
[15.62]
[15.61]
[15.62]
[15.55]
[15.55]
[15.53]
[15.48]
[15.58]
[15.63]
[15.67]
[15.73]
[15.76]
[15.69]
[15.74]
[15.74]
[15.7]
[15.75]
[15.81]
[15.74]
[15.69]
[15.67]
[15.67]
[15.69]
[15.71]
[15.78]
[15.82]
[15.85]
[15.84]
[15.82]
[15.81]
[15.68]
[15.65]
[15.45]
[15.76]
[15.72]
[15.72]
[15.72]
[15.86]
[15.62]
[15.55]
[15.84]
[15.47]
[15.85]
[15.91]
[15.89]
[15.6]
[15.96]
[15.99]
[15.84]
[15.77]
[15.99]
[15.57]
[15.56]
[15.78]
[15.69]
[15.67]
[15.63]
[15.75]
[15.5]
[15.92]
[15.96]
[15.99]
[16.2]
[15.99]
[15.99]
[15.96]
[15.93]
[15.94]
[15.96]
[15.89]
[15.75]
[15.57]
[14.85]
[16.98]
[17.18]
[17.15]
[16.64]
[16.94]
[16.89]
[16.85]
[16.85]
[16.82]
[22.09]
[48.14]
[54.09]
[52.25]
[50.82]
[26.21]
[24.32]
[46.38]
[54.6]
[55.32]
[58.59]
[42.22]
[59.61]
[52.27]
[91.07]
[134.99]
[99.13]
[93.08]
[89.49]
[90.15]
[90.7]
[92.91]
[90.54]
[92.41]
[91.17]
[89.85]
[54.37]
[55.31]
[91.98]
[89.63]
[92.51]
[92.65]
[53.92]
[58.15]
[118.86]
[121.02]
[128.01]
[129.11]
[130.04]
[130.07]
[129.96]
[130.52]
[93.73]
[94.19]
[93.43]
[94.32]
[94.03]
[49.04]
[42.92]
[63.69]
[56.03]
[54.7]
[38.34]
[11.79]
[11.72]
[12.96]
[33.11]
[57.23]
[47.44]
[52.93]
[38.46]
[13.38]
[10.84]
[32.12]
[12.86]
[13.04]
[11.96]
[9.06]
[9.09]
[9.87]
[13.99]
[13.87]
[12.77]
[11.54]
[13.62]
[10.08]
[9.89]
[11.66]
[11.41]
[10.97]
[12.27]
[12.58]
[13.52]
[14.11]
[18.19]
[19.12]
[13.6]
[13.55]
[13.48]
[13.43]
[13.64]
[13.07]
[13.76]
[13.75]
[12.85]
[13.71]
[11.22]
[9.92]
[11.7]
[12.05]
[15.5]
[15.5]
[20.41]
[11.86]
[11.21]
[12.16]
[10.03]
[8.58]
[11.93]
[24.96]
[9.81]
[9.12]
[11.89]
[11.97]
[19.72]
[18.14]
[16.04]
[11.71]
[13.74]
[39.18]
[46.43]
[42.22]
[40.7]
[29.17]
[11.6]
[7.7]
[7.77]
[5.18]
[5.21]
[5.24]
[5.27]
[5.28]
[5.29]
[5.31]
[5.33]
[5.34]
[5.35]
[5.36]
[5.37]
[5.38]
[5.39]