0.8893929004365687, 0.9003042073631663, 4.062510275513467, 202.4481668955694[10.757617]
[8.254662]
[7.11076]
[8.925826]
[8.061093]
[4.765626]
[4.0556064]
[4.0987797]
[4.0627217]
[4.0637145]
[4.026961]
[3.9761002]
[4.014638]
[6.247973]
[6.828245]
[6.794873]
[6.960109]
[7.6970415]
[9.184785]
[10.121085]
[8.29819]
[7.6985974]
[7.4754963]
[7.3957763]
[7.3060513]
[7.33463]
[7.329422]
[7.273115]
[7.152286]
[7.088174]
[7.0512667]
[7.2081127]
[7.2576337]
[7.2470746]
[7.219568]
[7.2629795]
[7.1924486]
[7.448131]
[11.0934105]
[8.411587]
[7.9224854]
[8.390584]
[8.497859]
[8.220848]
[9.665127]
[9.930671]
[9.880771]
[9.903205]
[9.992469]
[10.462384]
[10.557561]
[10.297694]
[10.009286]
[10.018424]
[9.866721]
[9.832162]
[9.840683]
[9.853864]
[9.763484]
[9.75328]
[9.770456]
[9.756541]
[9.708393]
[9.792753]
[9.838697]
[10.002835]
[10.464694]
[10.516546]
[10.196347]
[10.342554]
[12.676593]
[7.9541044]
[9.168174]
[9.8373165]
[35.574562]
[17.23855]
[11.680306]
[11.640212]
[11.596963]
[11.642295]
[11.809639]
[11.877437]
[11.835889]
[11.951291]
[11.999977]
[11.818161]
[11.888308]
[12.038157]
[12.206411]
[12.073666]
[12.175095]
[12.193045]
[12.671473]
[12.462593]
[12.214534]
[12.364559]
[12.356401]
[12.161344]
[12.09452]
[11.809023]
[12.313558]
[12.7600565]
[12.672513]
[13.174253]
[13.388636]
[13.618714]
[16.814877]
[20.370682]
[19.242592]
[30.45283]
[47.2618]
[23.395996]
[62.339245]
[61.18535]
[82.51873]
[94.72717]
[121.845665]
[100.76616]
[72.12314]
[59.939]
[62.219845]
[60.125336]
[54.798138]
[50.932957]
[52.234753]
[49.168793]
[40.171276]
[48.07124]
[51.268513]
[48.666367]
[49.563602]
[52.51588]
[30.68428]
[25.588957]
[40.555126]
[47.896656]
[44.72242]
[48.163624]
[44.631985]
[22.714933]
[22.566507]
[43.236988]
[49.05402]
[74.15642]
[104.15669]
[135.28348]
[159.18756]
[170.34866]
[205.76724]
[180.61209]
[150.02222]
[142.50146]
[129.69186]
[106.084915]
[89.0273]
[109.068405]
[114.61387]
[115.991295]
[119.596634]
[128.35725]
[110.207634]
[100.216995]
[95.23923]
[92.927864]
[90.43324]
[89.00067]
[92.46581]
[73.87879]
[67.74949]
[74.71195]
[75.30276]
[71.6566]
[70.23374]
[70.50567]
[61.89084]
[58.44406]
[54.559216]
[56.49795]
[42.77524]
[54.03974]
[55.784748]
[49.625286]
[46.15978]
[56.2903]
[51.89746]
[46.3848]
[43.099743]
[44.559956]
[41.33185]
[41.840187]
[45.812855]
[62.75416]
[68.25439]
[60.31366]
[65.478874]
[58.201897]
[57.58354]
[96.874886]
[95.7442]
[90.37558]
[83.91935]
[79.842926]
[80.546036]
[78.47736]
[83.7977]
[91.65514]
[89.092705]
[97.68364]
[101.789444]
[74.67453]
[69.79996]
[77.20288]
[58.331112]
[71.73912]
[52.637596]
[63.64179]
[37.328854]
[24.284803]
[44.628258]
[34.673817]
[32.18873]
[24.577087]
[27.851233]
[20.2083]
[15.016791]
[18.79831]
[25.599604]
[34.911877]
[37.07489]
[41.129005]
[29.227892]
[17.19055]
[39.79983]
[47.592396]
[40.629284]
[37.329723]
[22.338177]
[18.594936]
[17.477386]
[22.031487]
[29.206205]
[37.69965]
[36.736664]
[41.638916]
[19.964262]
[14.17263]
[36.838314]
[39.340363]
[39.30371]
[38.853817]
[37.215126]
[20.161554]
[15.564418]
[26.013563]
[29.967154]
[23.388863]
[29.834164]
[30.6965]
[16.85461]
[11.456326]
[23.201244]
[27.347027]
[26.161736]
[24.673883]
[22.970594]
[18.794815]
[14.721544]
[18.694412]
[21.720583]
[16.97379]
[17.238955]
[36.142784]
[20.504232]
[14.601979]
[23.737833]
[27.492317]
[26.005667]
[24.690968]
[23.37164]
[13.046727]
[8.588517]
[19.190971]
[20.414005]
[22.812704]
[23.727312]
[21.954071]
[12.091211]
[7.5032983]
[6.7341566]
[5.4842134]
[5.140419]
[5.3681355]
[5.597746]
[5.393071]
[5.1928325]
[5.0759473]
[5.0932612]
[5.0930634]
[5.022484]
[4.9134097]
[4.821535]
[4.8116665]
[4.818222]
[4.71011]
[4.684003]
[4.617646]
[4.602382]
[4.602382]
[4.602382]
[4.602382]
[4.4588046]
[6.431098]
[11.455781]
[11.771736]
[13.498226]
[9.359305]
[9.643327]
[10.455315]
[14.735171]
[13.689159]
[11.800706]
[8.751638]
[5.566278]
[8.121163]
[8.775025]
[7.687942]
[7.8423076]
[8.348963]
[9.844458]
[10.13158]
[8.883755]
[9.794045]
[16.841785]
[11.961851]
[10.399048]
[7.014107]
[9.943038]
[10.591826]
[10.371357]
[5.3335147]
[4.167286]
[4.1715097]
[4.8749747]
[7.969211]
[8.273589]
[8.3162775]
[5.8184214]
[4.270249]
[4.0753603]
[4.0890265]
[4.057136]
[4.0085807]
[5.403451]
[4.3160048]
[4.0069423]
[4.0582466]
[4.0022717]
[3.983496]
[4.0287113]
[4.5024033]
[4.4717383]
[4.3063803]
[4.226656]
[4.072932]
[4.0411735]
[4.0513043]
[4.089437]
[4.1966243]
[4.2442675]
[4.19811]
[4.2174096]
[4.021717]
[4.054296]
[4.0634837]
[4.058294]
[4.0627565]
[6.118177]
[6.609173]
[11.15237]
[7.8592405]
[6.742138]
[7.94138]
[7.7312565]
[6.9212832]
[9.728499]
[9.354608]
[7.66554]
[9.144589]
[9.675581]
[7.871388]
[7.4884753]
[9.890986]
[10.614874]
[10.478284]
[10.424299]
[15.005596]
[10.420634]
[8.072902]
[11.327079]
[14.811317]
[18.68839]
[13.584587]
[10.734858]
[9.917071]
[8.654356]
[8.631268]
[9.491495]
[9.6995535]
[10.545468]
[10.718455]
[9.960625]
[9.918494]
[10.814508]
[10.483534]
[10.366043]
[11.151737]
[11.295402]
[10.271004]
[9.646026]
[10.63722]
[10.967037]
[10.914383]
[10.972515]
[10.528233]
[9.935229]
[9.643297]
[10.258007]
[11.817928]
[11.528057]
[9.979932]
[11.134826]
[11.490303]
[10.867128]
[11.248759]
[11.286537]
[10.487642]
[12.225504]
[11.870529]
[11.838709]
[11.803368]
[11.741769]
[11.696053]
[11.574291]
[11.770216]
[11.693374]
[13.51047]
[16.606249]
[16.003418]
[12.294463]
[11.568695]
[11.9070835]
[11.722092]
[12.270933]
[12.075199]
[11.908082]
[11.913318]
[11.835995]
[12.009714]
[11.992523]
[11.993302]
[11.836155]
[11.794436]
[11.526491]
[11.40402]
[11.3858795]
[11.507899]
[11.464844]
[11.456845]
[11.426299]
[11.330197]
[11.313963]
[11.451278]
[11.33514]
[11.193549]
[11.1529045]
[11.163491]
[11.275079]
[11.187542]
[11.223589]
[11.35692]
[11.454554]
[11.315654]
[11.13318]
[11.239804]
[11.046147]
[10.999534]
[11.21011]
[11.27474]
[11.187266]
[11.130761]
[11.101841]
[11.078053]
[11.19171]
[11.377592]
[11.345002]
[11.34]
[11.297897]
[11.428308]
[11.780886]
[12.340995]
[12.084972]
[11.619864]
[4.971632]
[48.676064]
[10.50341]
[10.469304]
[11.26394]
[11.682058]
[12.593495]
[12.815814]
[12.5822115]
[12.688121]
[12.714905]
[12.8750925]
[12.643577]
[12.456949]
[12.570184]
[12.651094]
[13.111734]
[12.50266]
[12.373122]
[12.28406]
[12.350124]
[11.759298]
[12.100717]
[10.75853]
[10.492725]
[10.150366]
[10.242178]
[10.817023]
[11.851637]
[11.222417]
[10.93761]
[10.69483]
[10.618985]
[10.479324]
[10.289779]
[10.556404]
[10.462886]
[10.423624]
[10.26456]
[10.216374]
[10.136488]
[10.04835]
[9.926223]
[9.938212]
[10.177528]
[10.829904]
[11.767307]
[12.190824]
[12.084793]
[11.362555]
[11.332945]
[11.077042]
[11.0030365]
[10.968168]
[9.9366455]
[9.813487]
[9.243493]
[8.980304]
[8.920298]
[8.80971]
[8.813239]
[8.672656]
[8.701487]
[8.557399]
[8.527535]
[8.557116]
[8.396989]
[8.499156]
[8.398516]
[8.448462]
[8.397561]
[8.394942]
[8.321768]
[8.286305]
[8.19854]
[8.182901]
[8.091393]
[8.0935335]
[8.100904]
[8.12628]
[8.041234]
[8.016294]
[8.105071]
[8.032619]
[7.7445636]
[7.625069]
[7.507673]
[7.253161]
[7.17353]
[7.298347]
[7.353839]
[7.2947264]
[7.210362]
[7.0809693]
[7.2562366]
[7.55345]
[8.55424]
[8.42561]
[8.145774]
[7.8870015]
[7.6856704]
[7.554338]
[7.4511123]
[7.375566]
[7.440292]
[7.2977376]
[7.2598996]
[7.254288]
[7.095722]
[7.1681685]
[7.4919953]
[7.6283536]
[7.486826]
[7.697096]
[7.554374]
[7.063132]
[6.8334923]
[6.6979933]
[6.6293516]
[6.540487]
[6.6220384]
[6.6497207]
[6.5628686]
[6.475446]
[6.539364]
[6.476162]
[6.463225]
[6.4724865]
[6.4711432]
[6.3982534]
[6.446197]
[6.3993073]
[6.3854375]
[6.3145537]
[6.281651]
[6.3935738]
[6.2642446]
[6.2440915]
[6.3287783]
[6.346149]
[6.2724304]
[6.346384]
[6.346092]
[6.4927964]
[6.5296516]
[5.294503]
[5.0028644]
[4.8265834]
[4.3159685]
[4.282192]
[4.1846924]
[4.253804]
[4.201651]
[4.1679745]
[4.2487197]
[4.2048736]
[4.1864653]
[4.167383]
[4.1729393]
[4.198562]
[4.13355]
[4.107079]
[4.213366]
[4.1011553]
[4.1165686]
[4.2108197]
[4.16284]
[4.152839]
[4.148535]
[4.1608524]
[4.1606307]
[4.1576376]
[4.1547036]
[4.163759]
[4.1911464]
[4.112679]
[4.1951094]
[4.468735]
[4.4879384]
[7.690877]
[5.027848]
[5.8638177]
[6.130161]
[4.629419]
[4.3243556]
[4.291093]
[4.244568]
[4.5434046]
[4.2693024]
[4.5275254]
[4.2777658]
[4.523247]
[4.276223]
[6.324838]
[4.97669]
[4.5263233]
[4.519016]
[4.512431]
[4.505818]
[4.4991093]
[4.23286]
[4.4670143]
[4.1689205]
[6.393776]
[4.7092576]
[4.241957]
[4.460938]
[4.2527237]
[4.243468]
[4.447491]
[4.2556024]
[4.4316254]
[4.425044]
[4.257799]
[4.422639]
[4.277243]
[4.2520156]
[4.2592587]
[4.407462]
[4.2665334]
[4.3973403]
[4.263432]
[4.28381]
[4.299871]
[4.389689]
[4.2303567]
[4.288803]
[4.3868217]
[4.265308]
[4.2921915]
[4.3691483]
[4.267843]
[4.389819]
[4.338177]
[4.240224]
[7.2097297]
[7.335425]
[7.6726747]
[7.3376966]
[7.651522]
[7.7354245]
[7.6913567]
[7.6573157]
[8.207538]
[7.7717223]
[8.186922]
[7.752737]
[8.164424]
[7.7320933]
[8.141606]
[8.255622]
[7.6589684]
[7.617265]
[7.6488333]
[7.6687984]
[7.697452]
[7.7890224]
[7.7459273]
[8.093296]
[7.8310413]
[8.292303]
[8.022165]
[7.595918]
[8.148196]
[8.19023]
[8.178985]
[9.494438]
[9.747758]
[9.7060795]
[10.101207]
[9.716442]
[10.01227]
[10.49432]
[10.5352955]
[13.001956]
[14.680076]
[13.212721]
[10.31285]
[10.134396]
[10.174726]
[10.537371]
[13.411509]
[11.110523]
[10.438738]
[10.382752]
[10.729932]
[9.952235]
[9.725005]
[9.869241]
[10.062732]
[10.117952]
[10.229874]
[10.094216]
[9.993145]
[10.189245]
[10.259164]
[11.6355915]
[12.210532]
[12.26699]
[12.312258]
[11.984412]
[11.827801]
[11.212649]
[10.97795]
[11.235874]
[12.062504]
[12.639229]
[19.191967]
[8.663007]
[12.895303]
[10.659319]
[12.525954]
[13.683671]
[13.808986]
[13.772899]
[13.745666]
[13.730448]
[13.65822]
[13.509985]
[13.385905]
[13.340935]
[12.776703]
[12.662909]
[12.238869]
[12.539715]
[12.656651]
[13.219811]
[13.6134405]
[13.948562]
[13.71017]
[14.78912]
[14.676264]
[12.192471]
[13.049091]
[14.288827]
[15.962727]
[15.785182]
[14.431406]
[14.76868]
[15.026108]
[14.64078]
[15.318146]
[15.3091755]
[15.106446]
[14.44424]
[14.375339]
[14.16981]
[13.87822]
[13.666718]
[13.789448]
[13.892767]
[15.01303]
[14.015795]
[14.458646]
[14.241822]
[14.068152]
[14.003799]
[13.594773]
[13.957546]
[14.148527]
[13.777132]
[15.05866]
[14.817265]
[14.500675]
[14.413929]
[14.137411]
[14.663504]
[14.320449]
[14.842284]
[18.687088]
[21.029602]
[17.7386]
[23.505728]
[24.387007]
[22.798027]
[21.425308]
[19.128208]
[4.871644]
[13.748321]
[16.25141]
[15.882105]
[18.989828]
[35.80062]
[42.96492]
[47.266384]
[53.920197]
[43.523407]
[38.335632]
[54.437836]
[65.064514]
[64.5046]
[63.537895]
[54.540916]
[71.11429]
[84.607925]
[96.02942]
[122.73167]
[113.07066]
[113.78144]
[106.37503]
[101.16326]
[98.33675]
[100.174164]
[96.465996]
[92.431175]
[88.01272]
[85.524475]
[72.68079]
[74.92186]
[88.24023]
[86.74842]
[85.755135]
[88.046295]
[82.603745]
[87.58673]
[113.3104]
[122.03368]
[136.03683]
[135.81032]
[129.72537]
[129.55586]
[132.01326]
[129.07826]
[102.73594]
[101.856445]
[98.88231]
[95.558754]
[93.51097]
[63.84808]
[51.698273]
[60.799744]
[57.081318]
[53.16758]
[41.932514]
[22.522085]
[18.124586]
[17.947659]
[29.767353]
[45.376507]
[41.771397]
[43.26176]
[35.592636]
[18.892904]
[14.148493]
[26.699959]
[17.889132]
[14.874033]
[14.227979]
[12.159419]
[11.400341]
[11.504275]
[13.686083]
[13.866122]
[12.917519]
[11.934318]
[12.706249]
[11.017621]
[10.544296]
[11.603026]
[11.556234]
[10.902296]
[11.3507805]
[11.528719]
[11.759603]
[12.084114]
[14.082693]
[14.786033]
[11.800855]
[11.198181]
[11.804052]
[12.186007]
[12.045532]
[11.423436]
[11.537093]
[11.540698]
[10.922702]
[11.2954]
[9.971713]
[8.83068]
[9.845931]
[10.84008]
[12.9000225]
[13.211197]
[16.008425]
[12.48667]
[11.764188]
[12.066703]
[10.519668]
[9.072019]
[10.317352]
[17.216803]
[10.472803]
[8.233075]
[9.391823]
[9.561015]
[13.306139]
[13.297454]
[11.964469]
[9.462681]
[9.8384285]
[22.459785]
[28.602903]
[27.980255]
[26.5316]
[20.59836]
[12.877923]
[9.425341]
[8.6303835]
[6.731972]
[5.9541783]
[5.6739287]
[5.4359303]
[4.917567]
[4.9790063]
[5.1396117]
[5.2365894]
[4.933897]
[4.899578]
[4.9414535]
[4.735305]
[4.750043][10.25]
[9.45]
[13.02]
[10.69]
[5.31]
[5.25]
[5.26]
[5.31]
[5.31]
[5.3]
[5.29]
[5.3]
[9.25]
[9.31]
[9.28]
[9.29]
[9.27]
[9.26]
[9.25]
[9.26]
[9.26]
[9.27]
[9.25]
[9.25]
[9.32]
[9.28]
[9.26]
[9.22]
[9.21]
[9.23]
[9.23]
[9.06]
[9.24]
[9.25]
[9.24]
[9.29]
[9.55]
[9.28]
[9.27]
[9.27]
[9.25]
[9.24]
[9.28]
[12.21]
[12.29]
[12.32]
[12.27]
[12.3]
[12.29]
[12.25]
[12.25]
[12.25]
[12.29]
[12.3]
[12.3]
[12.31]
[12.36]
[12.34]
[12.35]
[12.36]
[12.37]
[12.39]
[12.39]
[12.4]
[12.36]
[12.39]
[12.4]
[12.41]
[12.52]
[12.25]
[12.25]
[12.03]
[12.31]
[26.75]
[15.2]
[15.05]
[15.12]
[15.03]
[15.09]
[15.17]
[15.22]
[15.41]
[15.4]
[15.43]
[15.24]
[15.14]
[15.08]
[15.29]
[15.3]
[15.23]
[15.22]
[15.17]
[15.21]
[15.24]
[15.21]
[15.26]
[15.09]
[15.03]
[14.94]
[15.09]
[15.28]
[15.3]
[15.52]
[15.38]
[15.46]
[15.26]
[15.55]
[15.54]
[15.27]
[22.36]
[17.87]
[15.85]
[42.75]
[82.22]
[94.05]
[93.25]
[90.97]
[55.68]
[49.63]
[58.09]
[56.67]
[54.59]
[53.59]
[58.05]
[53.08]
[41.74]
[57.88]
[58.89]
[56.17]
[56.45]
[59.98]
[24.57]
[23.68]
[48.95]
[58.59]
[52.66]
[61.65]
[55.39]
[15.63]
[15.57]
[49.45]
[48.02]
[57.5]
[95.04]
[91.35]
[127.12]
[159.08]
[215.85]
[192.9]
[144.63]
[136.75]
[131.02]
[99.64]
[86.83]
[129.19]
[131.03]
[129.73]
[130.49]
[130.52]
[92.3]
[87.76]
[90.33]
[91.84]
[90.24]
[92.4]
[96.82]
[52.74]
[45.22]
[55.96]
[60.38]
[51.61]
[55.5]
[62.81]
[54.04]
[56.12]
[53.08]
[60.33]
[38.11]
[64.66]
[62.07]
[50.21]
[45.53]
[67.12]
[58.52]
[53.52]
[50.52]
[53.77]
[41.06]
[38.17]
[35.45]
[50.08]
[57.71]
[43.73]
[61.41]
[54.5]
[42.43]
[96.98]
[93.31]
[95.73]
[93.08]
[91.61]
[94.94]
[85.74]
[88.4]
[98.74]
[90.94]
[95.37]
[98.5]
[45.13]
[47.61]
[67.66]
[39.1]
[71.69]
[37.29]
[69.59]
[19.53]
[12.7]
[49.99]
[27.12]
[31.05]
[19.21]
[28.46]
[14.31]
[9.94]
[17.83]
[28.86]
[44.83]
[46.46]
[52.06]
[24.01]
[9.42]
[50.97]
[57.23]
[44.2]
[37.8]
[12.15]
[9.41]
[10.47]
[20.43]
[33.31]
[48.25]
[44.01]
[55.45]
[12.7]
[10.36]
[51.64]
[50.92]
[50.38]
[49.93]
[49.1]
[13.79]
[10.13]
[29.22]
[34.2]
[23.2]
[39.35]
[38.77]
[14.08]
[10.2]
[32.49]
[35.58]
[33.86]
[32.24]
[29.9]
[23.23]
[16.87]
[24.9]
[28.37]
[17.49]
[16.74]
[47.53]
[16.06]
[15.03]
[32.65]
[36.66]
[33.79]
[32.62]
[31.6]
[12.79]
[8.68]
[29.3]
[28.48]
[33.01]
[32.79]
[29.71]
[12.11]
[7.79]
[7.39]
[5.3]
[5.33]
[5.36]
[5.41]
[5.44]
[5.46]
[5.48]
[5.51]
[5.52]
[5.54]
[5.55]
[5.56]
[5.57]
[5.58]
[5.41]
[5.59]
[5.59]
[5.59]
[5.59]
[5.59]
[5.59]
[5.52]
[9.82]
[15.53]
[16.95]
[20.82]
[11.7]
[14.18]
[15.4]
[23.39]
[19.41]
[16.47]
[11.42]
[6.71]
[12.54]
[12.67]
[10.63]
[11.37]
[12.05]
[14.44]
[14.47]
[12.32]
[14.46]
[13.82]
[14.57]
[14.58]
[8.47]
[14.78]
[14.81]
[14.47]
[5.31]
[5.31]
[5.29]
[6.65]
[12.03]
[10.97]
[11.68]
[7.09]
[5.32]
[5.32]
[5.33]
[5.32]
[5.32]
[7.66]
[5.32]
[5.32]
[5.32]
[5.29]
[5.21]
[5.09]
[5.1]
[5.1]
[5.1]
[5.11]
[5.11]
[5.1]
[5.12]
[5.22]
[5.48]
[5.49]
[5.27]
[5.12]
[5.13]
[5.12]
[5.12]
[5.11]
[5.16]
[8.76]
[8.76]
[8.94]
[8.95]
[8.95]
[10.8]
[10.34]
[8.93]
[12.82]
[12.41]
[9.78]
[12.71]
[13.05]
[9.78]
[9.61]
[13.47]
[13.71]
[13.82]
[13.8]
[20.11]
[12.1]
[10.21]
[15.44]
[19.36]
[24.22]
[16.35]
[13.82]
[12.91]
[11.05]
[11.21]
[12.63]
[12.73]
[13.93]
[14.]
[12.75]
[12.72]
[14.06]
[13.64]
[13.18]
[14.13]
[14.47]
[12.97]
[12.08]
[13.53]
[13.92]
[14.]
[14.03]
[13.47]
[12.53]
[12.61]
[12.89]
[13.87]
[13.64]
[12.29]
[13.75]
[12.77]
[12.77]
[13.97]
[13.97]
[12.95]
[15.58]
[14.78]
[14.97]
[14.82]
[14.67]
[14.69]
[14.7]
[14.81]
[14.7]
[17.5]
[18.04]
[19.37]
[14.58]
[14.62]
[14.69]
[14.75]
[14.6]
[14.39]
[14.42]
[14.49]
[14.55]
[14.59]
[14.62]
[14.6]
[14.31]
[14.23]
[14.12]
[14.15]
[14.3]
[14.52]
[14.49]
[14.43]
[14.23]
[14.17]
[14.28]
[14.37]
[14.29]
[14.2]
[14.09]
[14.11]
[14.23]
[14.04]
[14.13]
[14.15]
[14.07]
[14.02]
[13.88]
[13.88]
[13.78]
[13.82]
[13.92]
[14.08]
[13.97]
[13.86]
[13.82]
[13.83]
[13.99]
[14.01]
[13.84]
[13.78]
[13.71]
[13.96]
[14.1]
[13.99]
[13.72]
[16.98]
[13.92]
[13.67]
[13.53]
[13.42]
[13.41]
[13.36]
[14.17]
[14.52]
[14.48]
[14.44]
[14.41]
[14.38]
[14.37]
[14.35]
[14.34]
[14.31]
[15.25]
[14.32]
[14.31]
[14.29]
[14.29]
[14.58]
[14.56]
[12.15]
[11.95]
[11.88]
[11.87]
[11.82]
[13.39]
[11.95]
[11.94]
[11.89]
[11.86]
[11.86]
[11.84]
[11.83]
[11.81]
[11.86]
[11.86]
[11.8]
[11.8]
[11.79]
[11.78]
[11.77]
[11.96]
[11.94]
[11.9]
[11.85]
[11.35]
[11.83]
[11.8]
[12.]
[12.06]
[12.03]
[9.66]
[9.6]
[9.59]
[9.63]
[9.74]
[9.73]
[9.68]
[9.68]
[9.7]
[9.68]
[9.68]
[9.67]
[9.67]
[9.73]
[9.77]
[9.75]
[9.77]
[9.77]
[9.77]
[9.74]
[9.74]
[9.73]
[9.72]
[9.75]
[9.75]
[9.79]
[9.77]
[9.77]
[9.78]
[9.77]
[9.09]
[9.09]
[8.91]
[8.69]
[8.69]
[8.66]
[8.69]
[8.7]
[8.7]
[8.66]
[8.67]
[8.77]
[8.78]
[8.78]
[8.77]
[8.78]
[8.77]
[8.74]
[8.74]
[8.77]
[8.77]
[8.77]
[8.76]
[8.77]
[8.76]
[8.77]
[8.77]
[8.76]
[8.76]
[8.77]
[8.71]
[8.26]
[8.23]
[8.06]
[8.02]
[8.01]
[8.04]
[8.06]
[8.04]
[8.05]
[8.06]
[8.05]
[8.05]
[8.07]
[8.07]
[8.06]
[8.04]
[8.08]
[8.07]
[8.07]
[8.03]
[8.1]
[8.09]
[8.1]
[8.11]
[8.1]
[8.11]
[8.12]
[8.11]
[8.11]
[8.13]
[6.13]
[6.11]
[5.91]
[5.29]
[5.35]
[5.29]
[5.31]
[5.3]
[5.3]
[5.3]
[5.31]
[5.3]
[5.27]
[5.29]
[5.29]
[5.29]
[5.3]
[5.3]
[5.34]
[5.31]
[5.31]
[5.32]
[5.32]
[5.31]
[5.33]
[5.32]
[5.32]
[5.31]
[5.33]
[5.32]
[5.34]
[5.34]
[5.89]
[5.74]
[5.51]
[5.5]
[7.49]
[7.16]
[5.55]
[5.56]
[5.48]
[5.43]
[5.41]
[5.42]
[5.48]
[5.44]
[5.44]
[5.44]
[7.99]
[5.37]
[5.4]
[5.41]
[5.38]
[5.38]
[5.39]
[5.38]
[5.38]
[5.43]
[5.4]
[5.41]
[5.42]
[5.41]
[5.41]
[5.41]
[5.41]
[5.42]
[5.44]
[5.44]
[5.45]
[5.47]
[5.47]
[5.4]
[5.42]
[5.44]
[5.46]
[5.47]
[5.46]
[5.46]
[5.47]
[5.47]
[5.42]
[5.48]
[5.49]
[5.48]
[5.46]
[5.46]
[5.5]
[5.51]
[5.48]
[5.46]
[9.04]
[9.13]
[9.13]
[9.16]
[9.17]
[9.17]
[9.19]
[9.21]
[9.24]
[9.24]
[9.22]
[9.2]
[9.27]
[9.28]
[9.28]
[9.29]
[9.32]
[9.33]
[9.33]
[9.34]
[9.36]
[9.37]
[9.38]
[9.41]
[9.41]
[9.41]
[9.41]
[9.42]
[9.83]
[9.49]
[9.52]
[12.18]
[12.29]
[12.29]
[12.33]
[12.37]
[12.42]
[12.45]
[12.39]
[15.27]
[16.55]
[14.11]
[12.06]
[12.15]
[12.22]
[12.2]
[14.89]
[12.24]
[12.29]
[12.3]
[12.82]
[12.19]
[12.16]
[12.29]
[12.32]
[12.3]
[12.41]
[12.47]
[12.46]
[12.66]
[12.65]
[14.68]
[15.59]
[15.66]
[15.62]
[15.61]
[15.62]
[15.55]
[15.55]
[15.53]
[15.48]
[15.58]
[15.63]
[15.67]
[15.73]
[15.76]
[15.69]
[15.74]
[15.74]
[15.7]
[15.75]
[15.81]
[15.74]
[15.69]
[15.67]
[15.67]
[15.69]
[15.71]
[15.78]
[15.82]
[15.85]
[15.84]
[15.82]
[15.81]
[15.68]
[15.65]
[15.45]
[15.76]
[15.72]
[15.72]
[15.72]
[15.86]
[15.62]
[15.55]
[15.84]
[15.47]
[15.85]
[15.91]
[15.89]
[15.6]
[15.96]
[15.99]
[15.84]
[15.77]
[15.99]
[15.57]
[15.56]
[15.78]
[15.69]
[15.67]
[15.63]
[15.75]
[15.5]
[15.92]
[15.96]
[15.99]
[16.2]
[15.99]
[15.99]
[15.96]
[15.93]
[15.94]
[15.96]
[15.89]
[15.75]
[15.57]
[14.85]
[16.98]
[17.18]
[17.15]
[16.64]
[16.94]
[16.89]
[16.85]
[16.85]
[16.82]
[22.09]
[48.14]
[54.09]
[52.25]
[50.82]
[26.21]
[24.32]
[46.38]
[54.6]
[55.32]
[58.59]
[42.22]
[59.61]
[52.27]
[91.07]
[134.99]
[99.13]
[93.08]
[89.49]
[90.15]
[90.7]
[92.91]
[90.54]
[92.41]
[91.17]
[89.85]
[54.37]
[55.31]
[91.98]
[89.63]
[92.51]
[92.65]
[53.92]
[58.15]
[118.86]
[121.02]
[128.01]
[129.11]
[130.04]
[130.07]
[129.96]
[130.52]
[93.73]
[94.19]
[93.43]
[94.32]
[94.03]
[49.04]
[42.92]
[63.69]
[56.03]
[54.7]
[38.34]
[11.79]
[11.72]
[12.96]
[33.11]
[57.23]
[47.44]
[52.93]
[38.46]
[13.38]
[10.84]
[32.12]
[12.86]
[13.04]
[11.96]
[9.06]
[9.09]
[9.87]
[13.99]
[13.87]
[12.77]
[11.54]
[13.62]
[10.08]
[9.89]
[11.66]
[11.41]
[10.97]
[12.27]
[12.58]
[13.52]
[14.11]
[18.19]
[19.12]
[13.6]
[13.55]
[13.48]
[13.43]
[13.64]
[13.07]
[13.76]
[13.75]
[12.85]
[13.71]
[11.22]
[9.92]
[11.7]
[12.05]
[15.5]
[15.5]
[20.41]
[11.86]
[11.21]
[12.16]
[10.03]
[8.58]
[11.93]
[24.96]
[9.81]
[9.12]
[11.89]
[11.97]
[19.72]
[18.14]
[16.04]
[11.71]
[13.74]
[39.18]
[46.43]
[42.22]
[40.7]
[29.17]
[11.6]
[7.7]
[7.77]
[5.18]
[5.21]
[5.24]
[5.27]
[5.28]
[5.29]
[5.31]
[5.33]
[5.34]
[5.35]
[5.36]
[5.37]
[5.38]
[5.39]