0.8931319536662538, 0.9005504336334238, -0.2769387768119658, 198.9968866132364[12.134364]
[9.774003]
[8.65296]
[10.453331]
[9.635111]
[6.3943067]
[5.669757]
[5.670346]
[5.591837]
[5.62015]
[5.5427628]
[5.51352]
[5.550605]
[7.669447]
[8.292243]
[8.251478]
[8.491951]
[10.005972]
[11.704648]
[10.820189]
[9.108653]
[8.9826565]
[8.859708]
[8.82091]
[8.717724]
[8.7781315]
[8.767653]
[8.677314]
[8.54428]
[8.484811]
[8.460866]
[8.701681]
[8.695759]
[8.577639]
[8.606103]
[8.654556]
[8.515392]
[8.940391]
[12.631787]
[9.755918]
[9.523641]
[9.9874]
[9.807595]
[9.367846]
[10.82779]
[11.218998]
[11.239571]
[11.278928]
[11.413725]
[11.990155]
[11.826936]
[11.440189]
[11.244873]
[11.340837]
[11.136558]
[11.178268]
[11.180678]
[11.172954]
[11.074819]
[11.095703]
[11.107946]
[11.07413]
[11.031776]
[11.149961]
[11.163717]
[11.404098]
[11.85391]
[11.612631]
[11.317785]
[11.598071]
[13.947994]
[9.222505]
[10.323553]
[11.049916]
[36.90064]
[14.64452]
[12.963571]
[12.96658]
[12.882098]
[12.933338]
[13.082202]
[13.12306]
[13.047809]
[13.091082]
[13.14325]
[12.982426]
[13.093022]
[13.318448]
[13.474366]
[13.322534]
[13.418413]
[13.445419]
[13.847975]
[13.469881]
[13.39907]
[13.612484]
[13.536897]
[13.384052]
[13.336897]
[13.035799]
[13.690997]
[13.846132]
[13.76504]
[14.459838]
[14.568232]
[15.137809]
[20.11001]
[22.862787]
[19.927458]
[36.915718]
[61.37533]
[39.148613]
[79.52312]
[85.475296]
[78.70867]
[88.44799]
[134.97525]
[94.38266]
[67.47622]
[60.132015]
[61.848854]
[59.212578]
[54.14044]
[50.05123]
[51.15664]
[47.606743]
[39.327015]
[47.54469]
[49.720463]
[47.32226]
[47.959164]
[50.9975]
[30.099812]
[27.67689]
[41.27619]
[47.168045]
[43.110035]
[47.08409]
[42.732513]
[22.102184]
[25.169397]
[44.81689]
[48.277645]
[75.68096]
[104.69015]
[149.19577]
[175.71895]
[181.52254]
[212.03854]
[179.65852]
[139.69283]
[142.45273]
[128.02782]
[103.1481]
[87.79148]
[110.947495]
[114.67515]
[116.2973]
[119.97825]
[127.3617]
[107.11803]
[98.51358]
[93.165665]
[91.93618]
[89.71173]
[89.39649]
[92.888535]
[70.68792]
[63.69243]
[73.54518]
[72.197205]
[69.86929]
[67.56002]
[69.77694]
[60.93972]
[57.676014]
[53.343155]
[55.359356]
[41.277504]
[53.86208]
[54.00456]
[47.212406]
[44.406906]
[56.083477]
[50.39863]
[45.151653]
[42.00202]
[43.50093]
[38.85315]
[40.422325]
[44.651943]
[61.345333]
[65.52483]
[59.16793]
[65.08089]
[57.642117]
[55.350105]
[94.44731]
[93.18841]
[90.23272]
[83.23543]
[79.04647]
[80.0932]
[77.28189]
[83.00057]
[92.4775]
[88.90788]
[97.08389]
[99.244896]
[70.788155]
[68.30062]
[75.551674]
[57.72942]
[72.85205]
[50.80547]
[64.59286]
[35.864735]
[26.816282]
[46.49684]
[34.782204]
[34.02192]
[27.5828]
[30.59566]
[23.297005]
[18.172358]
[21.638416]
[28.042648]
[35.36748]
[36.24153]
[39.939182]
[28.210314]
[20.875275]
[41.57921]
[46.810207]
[39.22071]
[36.175083]
[24.68267]
[21.429688]
[21.333393]
[24.883556]
[31.448662]
[37.8212]
[35.748344]
[40.781693]
[20.600822]
[17.5876]
[38.08602]
[38.44253]
[37.86242]
[37.420853]
[36.07816]
[20.766033]
[19.326328]
[28.898537]
[31.285433]
[24.736889]
[30.717436]
[30.365555]
[18.380661]
[14.111829]
[25.193079]
[27.495045]
[26.003536]
[24.764858]
[23.124197]
[19.724512]
[16.82818]
[20.40976]
[22.575306]
[18.638351]
[20.123926]
[36.756065]
[21.42476]
[16.793106]
[25.296173]
[27.403069]
[25.512608]
[24.456686]
[23.090912]
[14.778341]
[11.06769]
[21.08368]
[20.510923]
[22.640427]
[23.044449]
[21.519705]
[13.722392]
[9.785003]
[8.961238]
[7.813945]
[7.464802]
[7.780282]
[8.069024]
[7.672284]
[7.4827523]
[7.4051147]
[7.4521236]
[7.471938]
[7.3469963]
[7.2363744]
[7.1278234]
[7.158607]
[7.167035]
[7.0643606]
[6.991109]
[6.9138]
[6.9313087]
[6.9313087]
[6.9313087]
[6.9313087]
[6.744907]
[8.421027]
[13.44921]
[13.516176]
[14.9417925]
[11.541212]
[11.688466]
[12.414679]
[16.054684]
[14.5970335]
[13.362754]
[10.69693]
[7.529939]
[9.908547]
[10.545699]
[9.538772]
[9.646887]
[10.149143]
[11.695292]
[11.9598]
[10.649248]
[11.599024]
[17.675655]
[12.716458]
[12.177203]
[8.698629]
[11.612911]
[12.289821]
[12.154868]
[7.0656276]
[5.82765]
[5.7934775]
[6.3823643]
[9.409631]
[9.829626]
[9.871934]
[7.387742]
[5.854767]
[5.6215115]
[5.6171265]
[5.5480185]
[5.518615]
[6.8552513]
[5.787821]
[5.5253906]
[5.54904]
[5.4827905]
[5.4639688]
[5.7017345]
[6.2503963]
[5.924363]
[5.7713733]
[5.6822524]
[5.5102644]
[5.535085]
[5.5418415]
[5.543304]
[5.6376877]
[5.710406]
[5.752127]
[5.693286]
[5.420761]
[5.5497637]
[5.526084]
[5.5180573]
[5.486642]
[7.451704]
[7.977998]
[12.720284]
[9.337347]
[8.090348]
[9.297894]
[9.08463]
[8.313299]
[11.157394]
[10.8336935]
[9.082143]
[10.557176]
[11.104757]
[9.259296]
[8.822057]
[11.22953]
[11.986401]
[11.848203]
[11.901557]
[15.807066]
[11.19692]
[9.442039]
[12.781124]
[15.587422]
[18.6684]
[13.4236965]
[11.76988]
[11.289467]
[9.974422]
[9.8977]
[10.815829]
[11.09651]
[11.887635]
[11.945235]
[11.300579]
[11.280296]
[12.157689]
[11.744053]
[11.703305]
[12.48364]
[12.490924]
[11.525312]
[10.895642]
[11.882843]
[12.238807]
[12.060857]
[12.053747]
[11.655812]
[11.204827]
[10.966111]
[11.859922]
[12.965035]
[12.287459]
[11.0555725]
[12.667346]
[12.4437475]
[11.461154]
[12.210458]
[12.427122]
[11.652992]
[13.395692]
[12.826735]
[12.788815]
[12.744443]
[12.701973]
[12.649889]
[12.494572]
[12.679547]
[12.616468]
[13.807622]
[15.599245]
[14.323094]
[11.760412]
[12.290566]
[12.569089]
[13.236519]
[13.399725]
[12.818026]
[12.364997]
[12.065799]
[12.03471]
[11.932478]
[11.824461]
[11.791701]
[11.601849]
[11.383345]
[11.337847]
[11.280492]
[11.319402]
[11.335386]
[11.259358]
[11.208375]
[11.196034]
[11.116792]
[11.122178]
[11.174452]
[11.044493]
[10.9021635]
[10.81007]
[10.818319]
[10.908841]
[10.812473]
[10.868264]
[10.977523]
[11.102483]
[11.025921]
[10.8706]
[10.897581]
[10.734831]
[10.663875]
[10.770334]
[10.8632]
[10.750183]
[10.669266]
[10.643338]
[10.614268]
[10.696312]
[10.831686]
[10.881577]
[10.98615]
[11.028766]
[11.371014]
[11.869695]
[12.880369]
[16.041227]
[24.909304]
[40.51704]
[16.169985]
[7.037734]
[12.662219]
[13.225734]
[13.519851]
[13.967256]
[14.033398]
[13.932869]
[14.001583]
[13.825862]
[13.696579]
[13.442694]
[13.42896]
[13.561225]
[13.534965]
[14.055306]
[13.536552]
[13.407373]
[13.314167]
[13.386452]
[12.765294]
[13.285824]
[11.931388]
[11.467773]
[11.219491]
[11.69272]
[11.893664]
[12.690433]
[12.13684]
[11.690429]
[11.485216]
[11.448796]
[11.299445]
[11.287688]
[11.5558405]
[11.288151]
[11.251652]
[11.117377]
[11.111436]
[10.987655]
[10.899682]
[10.842501]
[11.007168]
[11.803832]
[13.018139]
[13.583859]
[13.239034]
[12.729808]
[12.399345]
[12.330727]
[11.899499]
[11.994562]
[12.403952]
[11.801773]
[11.051198]
[10.14694]
[10.102552]
[10.017213]
[9.861904]
[9.7752695]
[9.631425]
[9.68308]
[9.535277]
[9.587663]
[9.564726]
[9.428628]
[9.559572]
[9.443927]
[9.548671]
[9.456768]
[9.468914]
[9.393272]
[9.370853]
[9.280114]
[9.279129]
[9.184486]
[9.223061]
[9.230305]
[9.230737]
[9.142596]
[9.172926]
[9.240275]
[9.172158]
[8.918346]
[8.71967]
[8.59928]
[8.339073]
[8.3475275]
[8.488913]
[8.446267]
[8.360453]
[8.283799]
[8.256976]
[8.588137]
[9.857849]
[10.317113]
[9.28973]
[9.113174]
[8.887256]
[8.760115]
[8.671062]
[8.573202]
[8.560279]
[8.611261]
[8.423522]
[8.457505]
[8.39934]
[8.258256]
[8.496678]
[8.84376]
[8.785827]
[8.689664]
[8.936526]
[8.613996]
[8.159601]
[7.9968057]
[7.908756]
[7.8119707]
[7.747299]
[7.8654923]
[7.834153]
[7.716019]
[7.6783442]
[7.7518005]
[7.650051]
[7.6656537]
[7.671602]
[7.644362]
[7.586948]
[7.643061]
[7.558579]
[7.552764]
[7.4758234]
[7.4888153]
[7.55811]
[7.395314]
[7.447967]
[7.527153]
[7.4897213]
[7.4288726]
[7.5283237]
[7.527558]
[7.6700788]
[7.6404886]
[6.4362507]
[6.107048]
[5.9006515]
[5.440475]
[5.4086385]
[5.322415]
[5.3897595]
[5.3083177]
[5.323333]
[5.376664]
[5.3023868]
[5.3082385]
[5.2853923]
[5.287899]
[5.287428]
[5.219365]
[5.238685]
[5.2950773]
[5.1769814]
[5.2628975]
[5.301316]
[5.2249084]
[5.238067]
[5.229572]
[5.238011]
[5.234163]
[5.226618]
[5.2200284]
[5.2254333]
[5.2290354]
[5.1690917]
[5.251602]
[5.502385]
[5.54656]
[8.820141]
[6.141289]
[6.909369]
[7.1813817]
[5.6962624]
[5.3550086]
[5.3011446]
[5.2491064]
[5.536997]
[5.277347]
[5.5283556]
[5.2778897]
[5.5165744]
[5.267857]
[7.362782]
[5.9964128]
[5.5127006]
[5.5015793]
[5.4913626]
[5.4810624]
[5.4707565]
[5.205998]
[5.421071]
[5.146302]
[7.3826575]
[5.6426435]
[5.1888537]
[5.3815174]
[5.1859345]
[5.1813855]
[5.3584843]
[5.179857]
[5.3554816]
[5.338003]
[5.1923223]
[5.338066]
[5.1861963]
[5.167086]
[5.150254]
[5.2925754]
[5.1655946]
[5.297874]
[5.1560388]
[5.1850443]
[5.1762795]
[5.258201]
[5.112542]
[5.181547]
[5.2497077]
[5.1416216]
[5.1781664]
[5.223499]
[5.138626]
[5.266468]
[5.2000785]
[5.127258]
[8.283979]
[8.492551]
[8.894946]
[8.527021]
[8.877351]
[8.986822]
[8.951171]
[8.937976]
[9.489053]
[8.947512]
[9.290791]
[8.752618]
[9.094044]
[8.559464]
[8.900662]
[8.91989]
[8.364203]
[8.238152]
[8.163232]
[8.114259]
[8.076718]
[7.9771028]
[7.887419]
[8.151962]
[7.9349656]
[8.399531]
[8.192276]
[7.949834]
[8.603548]
[8.564628]
[8.512588]
[9.625251]
[9.574885]
[9.532571]
[9.875992]
[9.443101]
[9.787719]
[10.128975]
[10.075296]
[12.39588]
[13.534764]
[11.824108]
[9.435198]
[9.786765]
[9.736772]
[10.070211]
[12.759139]
[9.930019]
[9.898108]
[9.848278]
[10.176928]
[9.369589]
[9.329532]
[9.473671]
[9.688668]
[9.947026]
[10.109124]
[10.016092]
[9.849925]
[9.894042]
[9.9482975]
[10.868198]
[10.653354]
[10.370678]
[10.164914]
[9.606665]
[9.501976]
[9.022658]
[9.141694]
[9.428652]
[12.519848]
[23.84999]
[22.083097]
[13.708343]
[13.7726755]
[10.820415]
[14.071214]
[14.611571]
[14.166107]
[13.932432]
[13.782628]
[13.444635]
[13.009309]
[12.646603]
[12.363807]
[12.931713]
[15.183373]
[15.582622]
[13.231387]
[12.984561]
[13.769327]
[15.352654]
[15.362969]
[14.579309]
[13.52423]
[13.521256]
[14.239061]
[10.796847]
[15.289392]
[16.413206]
[17.350178]
[18.047983]
[15.552899]
[16.412962]
[16.228306]
[15.709934]
[15.6600685]
[15.919426]
[16.150845]
[15.550988]
[15.854447]
[15.78141]
[15.614874]
[15.497085]
[15.678598]
[15.954637]
[17.599092]
[16.485247]
[15.679075]
[15.281633]
[14.995363]
[14.85603]
[14.559118]
[15.0234165]
[15.149583]
[15.570752]
[16.279562]
[15.368733]
[15.294927]
[15.314981]
[15.24058]
[15.741824]
[15.512006]
[16.217001]
[23.197943]
[26.713457]
[19.673561]
[29.799408]
[28.11394]
[21.706053]
[21.134792]
[20.322844]
[7.400635]
[14.820341]
[17.497969]
[16.89751]
[20.18048]
[35.727932]
[41.594173]
[47.85472]
[53.39155]
[43.6194]
[39.404697]
[56.286545]
[64.780975]
[63.44461]
[63.404175]
[54.242672]
[71.24726]
[93.687096]
[99.479294]
[116.6735]
[107.8745]
[120.15825]
[109.571556]
[97.77746]
[96.73228]
[99.52311]
[94.28423]
[91.30638]
[87.917046]
[85.514595]
[69.68511]
[70.33504]
[87.900444]
[86.23998]
[85.94437]
[87.78626]
[82.7694]
[88.80471]
[113.059715]
[113.78485]
[136.04521]
[136.0745]
[129.96396]
[128.44513]
[130.94318]
[127.231415]
[100.06056]
[99.70204]
[95.636635]
[94.725716]
[92.81497]
[61.11822]
[51.34209]
[61.320614]
[55.87239]
[52.224266]
[40.733772]
[24.973164]
[20.94594]
[21.06106]
[32.702374]
[45.773243]
[40.44227]
[42.407978]
[34.32169]
[20.955778]
[16.974007]
[29.133318]
[20.567913]
[17.45467]
[16.855932]
[14.93862]
[14.074138]
[14.145777]
[16.145994]
[16.341988]
[15.403261]
[14.482904]
[15.170198]
[13.629836]
[13.248682]
[14.212469]
[14.157833]
[13.447204]
[13.860966]
[14.066717]
[14.22958]
[14.545866]
[16.500212]
[17.164396]
[14.315222]
[13.715437]
[14.381479]
[14.802874]
[14.514321]
[13.868515]
[14.016954]
[14.027467]
[13.442774]
[13.781637]
[12.562561]
[11.43774]
[12.433533]
[13.477569]
[15.413443]
[15.616446]
[18.468096]
[15.147488]
[14.558728]
[14.703646]
[13.075842]
[11.804209]
[12.859365]
[19.592325]
[13.057011]
[10.974546]
[11.964857]
[12.071193]
[15.734602]
[15.751169]
[14.490011]
[12.001181]
[12.322521]
[23.463861]
[27.751877]
[26.461872]
[25.242508]
[19.797188]
[14.549391]
[12.45435]
[10.949105]
[9.418289]
[8.550388]
[8.332264]
[8.08579]
[7.4991226]
[7.616899]
[7.8989625]
[7.9232125]
[7.591989]
[7.5295634]
[7.67134]
[7.365543]
[7.4187346][10.25]
[9.45]
[13.02]
[10.69]
[5.31]
[5.25]
[5.26]
[5.31]
[5.31]
[5.3]
[5.29]
[5.3]
[9.25]
[9.31]
[9.28]
[9.29]
[9.27]
[9.26]
[9.25]
[9.26]
[9.26]
[9.27]
[9.25]
[9.25]
[9.32]
[9.28]
[9.26]
[9.22]
[9.21]
[9.23]
[9.23]
[9.06]
[9.24]
[9.25]
[9.24]
[9.29]
[9.55]
[9.28]
[9.27]
[9.27]
[9.25]
[9.24]
[9.28]
[12.21]
[12.29]
[12.32]
[12.27]
[12.3]
[12.29]
[12.25]
[12.25]
[12.25]
[12.29]
[12.3]
[12.3]
[12.31]
[12.36]
[12.34]
[12.35]
[12.36]
[12.37]
[12.39]
[12.39]
[12.4]
[12.36]
[12.39]
[12.4]
[12.41]
[12.52]
[12.25]
[12.25]
[12.03]
[12.31]
[26.75]
[15.2]
[15.05]
[15.12]
[15.03]
[15.09]
[15.17]
[15.22]
[15.41]
[15.4]
[15.43]
[15.24]
[15.14]
[15.08]
[15.29]
[15.3]
[15.23]
[15.22]
[15.17]
[15.21]
[15.24]
[15.21]
[15.26]
[15.09]
[15.03]
[14.94]
[15.09]
[15.28]
[15.3]
[15.52]
[15.38]
[15.46]
[15.26]
[15.55]
[15.54]
[15.27]
[22.36]
[17.87]
[15.85]
[42.75]
[82.22]
[94.05]
[93.25]
[90.97]
[55.68]
[49.63]
[58.09]
[56.67]
[54.59]
[53.59]
[58.05]
[53.08]
[41.74]
[57.88]
[58.89]
[56.17]
[56.45]
[59.98]
[24.57]
[23.68]
[48.95]
[58.59]
[52.66]
[61.65]
[55.39]
[15.63]
[15.57]
[49.45]
[48.02]
[57.5]
[95.04]
[91.35]
[127.12]
[159.08]
[215.85]
[192.9]
[144.63]
[136.75]
[131.02]
[99.64]
[86.83]
[129.19]
[131.03]
[129.73]
[130.49]
[130.52]
[92.3]
[87.76]
[90.33]
[91.84]
[90.24]
[92.4]
[96.82]
[52.74]
[45.22]
[55.96]
[60.38]
[51.61]
[55.5]
[62.81]
[54.04]
[56.12]
[53.08]
[60.33]
[38.11]
[64.66]
[62.07]
[50.21]
[45.53]
[67.12]
[58.52]
[53.52]
[50.52]
[53.77]
[41.06]
[38.17]
[35.45]
[50.08]
[57.71]
[43.73]
[61.41]
[54.5]
[42.43]
[96.98]
[93.31]
[95.73]
[93.08]
[91.61]
[94.94]
[85.74]
[88.4]
[98.74]
[90.94]
[95.37]
[98.5]
[45.13]
[47.61]
[67.66]
[39.1]
[71.69]
[37.29]
[69.59]
[19.53]
[12.7]
[49.99]
[27.12]
[31.05]
[19.21]
[28.46]
[14.31]
[9.94]
[17.83]
[28.86]
[44.83]
[46.46]
[52.06]
[24.01]
[9.42]
[50.97]
[57.23]
[44.2]
[37.8]
[12.15]
[9.41]
[10.47]
[20.43]
[33.31]
[48.25]
[44.01]
[55.45]
[12.7]
[10.36]
[51.64]
[50.92]
[50.38]
[49.93]
[49.1]
[13.79]
[10.13]
[29.22]
[34.2]
[23.2]
[39.35]
[38.77]
[14.08]
[10.2]
[32.49]
[35.58]
[33.86]
[32.24]
[29.9]
[23.23]
[16.87]
[24.9]
[28.37]
[17.49]
[16.74]
[47.53]
[16.06]
[15.03]
[32.65]
[36.66]
[33.79]
[32.62]
[31.6]
[12.79]
[8.68]
[29.3]
[28.48]
[33.01]
[32.79]
[29.71]
[12.11]
[7.79]
[7.39]
[5.3]
[5.33]
[5.36]
[5.41]
[5.44]
[5.46]
[5.48]
[5.51]
[5.52]
[5.54]
[5.55]
[5.56]
[5.57]
[5.58]
[5.41]
[5.59]
[5.59]
[5.59]
[5.59]
[5.59]
[5.59]
[5.52]
[9.82]
[15.53]
[16.95]
[20.82]
[11.7]
[14.18]
[15.4]
[23.39]
[19.41]
[16.47]
[11.42]
[6.71]
[12.54]
[12.67]
[10.63]
[11.37]
[12.05]
[14.44]
[14.47]
[12.32]
[14.46]
[13.82]
[14.57]
[14.58]
[8.47]
[14.78]
[14.81]
[14.47]
[5.31]
[5.31]
[5.29]
[6.65]
[12.03]
[10.97]
[11.68]
[7.09]
[5.32]
[5.32]
[5.33]
[5.32]
[5.32]
[7.66]
[5.32]
[5.32]
[5.32]
[5.29]
[5.21]
[5.09]
[5.1]
[5.1]
[5.1]
[5.11]
[5.11]
[5.1]
[5.12]
[5.22]
[5.48]
[5.49]
[5.27]
[5.12]
[5.13]
[5.12]
[5.12]
[5.11]
[5.16]
[8.76]
[8.76]
[8.94]
[8.95]
[8.95]
[10.8]
[10.34]
[8.93]
[12.82]
[12.41]
[9.78]
[12.71]
[13.05]
[9.78]
[9.61]
[13.47]
[13.71]
[13.82]
[13.8]
[20.11]
[12.1]
[10.21]
[15.44]
[19.36]
[24.22]
[16.35]
[13.82]
[12.91]
[11.05]
[11.21]
[12.63]
[12.73]
[13.93]
[14.]
[12.75]
[12.72]
[14.06]
[13.64]
[13.18]
[14.13]
[14.47]
[12.97]
[12.08]
[13.53]
[13.92]
[14.]
[14.03]
[13.47]
[12.53]
[12.61]
[12.89]
[13.87]
[13.64]
[12.29]
[13.75]
[12.77]
[12.77]
[13.97]
[13.97]
[12.95]
[15.58]
[14.78]
[14.97]
[14.82]
[14.67]
[14.69]
[14.7]
[14.81]
[14.7]
[17.5]
[18.04]
[19.37]
[14.58]
[14.62]
[14.69]
[14.75]
[14.6]
[14.39]
[14.42]
[14.49]
[14.55]
[14.59]
[14.62]
[14.6]
[14.31]
[14.23]
[14.12]
[14.15]
[14.3]
[14.52]
[14.49]
[14.43]
[14.23]
[14.17]
[14.28]
[14.37]
[14.29]
[14.2]
[14.09]
[14.11]
[14.23]
[14.04]
[14.13]
[14.15]
[14.07]
[14.02]
[13.88]
[13.88]
[13.78]
[13.82]
[13.92]
[14.08]
[13.97]
[13.86]
[13.82]
[13.83]
[13.99]
[14.01]
[13.84]
[13.78]
[13.71]
[13.96]
[14.1]
[13.99]
[13.72]
[16.98]
[13.92]
[13.67]
[13.53]
[13.42]
[13.41]
[13.36]
[14.17]
[14.52]
[14.48]
[14.44]
[14.41]
[14.38]
[14.37]
[14.35]
[14.34]
[14.31]
[15.25]
[14.32]
[14.31]
[14.29]
[14.29]
[14.58]
[14.56]
[12.15]
[11.95]
[11.88]
[11.87]
[11.82]
[13.39]
[11.95]
[11.94]
[11.89]
[11.86]
[11.86]
[11.84]
[11.83]
[11.81]
[11.86]
[11.86]
[11.8]
[11.8]
[11.79]
[11.78]
[11.77]
[11.96]
[11.94]
[11.9]
[11.85]
[11.35]
[11.83]
[11.8]
[12.]
[12.06]
[12.03]
[9.66]
[9.6]
[9.59]
[9.63]
[9.74]
[9.73]
[9.68]
[9.68]
[9.7]
[9.68]
[9.68]
[9.67]
[9.67]
[9.73]
[9.77]
[9.75]
[9.77]
[9.77]
[9.77]
[9.74]
[9.74]
[9.73]
[9.72]
[9.75]
[9.75]
[9.79]
[9.77]
[9.77]
[9.78]
[9.77]
[9.09]
[9.09]
[8.91]
[8.69]
[8.69]
[8.66]
[8.69]
[8.7]
[8.7]
[8.66]
[8.67]
[8.77]
[8.78]
[8.78]
[8.77]
[8.78]
[8.77]
[8.74]
[8.74]
[8.77]
[8.77]
[8.77]
[8.76]
[8.77]
[8.76]
[8.77]
[8.77]
[8.76]
[8.76]
[8.77]
[8.71]
[8.26]
[8.23]
[8.06]
[8.02]
[8.01]
[8.04]
[8.06]
[8.04]
[8.05]
[8.06]
[8.05]
[8.05]
[8.07]
[8.07]
[8.06]
[8.04]
[8.08]
[8.07]
[8.07]
[8.03]
[8.1]
[8.09]
[8.1]
[8.11]
[8.1]
[8.11]
[8.12]
[8.11]
[8.11]
[8.13]
[6.13]
[6.11]
[5.91]
[5.29]
[5.35]
[5.29]
[5.31]
[5.3]
[5.3]
[5.3]
[5.31]
[5.3]
[5.27]
[5.29]
[5.29]
[5.29]
[5.3]
[5.3]
[5.34]
[5.31]
[5.31]
[5.32]
[5.32]
[5.31]
[5.33]
[5.32]
[5.32]
[5.31]
[5.33]
[5.32]
[5.34]
[5.34]
[5.89]
[5.74]
[5.51]
[5.5]
[7.49]
[7.16]
[5.55]
[5.56]
[5.48]
[5.43]
[5.41]
[5.42]
[5.48]
[5.44]
[5.44]
[5.44]
[7.99]
[5.37]
[5.4]
[5.41]
[5.38]
[5.38]
[5.39]
[5.38]
[5.38]
[5.43]
[5.4]
[5.41]
[5.42]
[5.41]
[5.41]
[5.41]
[5.41]
[5.42]
[5.44]
[5.44]
[5.45]
[5.47]
[5.47]
[5.4]
[5.42]
[5.44]
[5.46]
[5.47]
[5.46]
[5.46]
[5.47]
[5.47]
[5.42]
[5.48]
[5.49]
[5.48]
[5.46]
[5.46]
[5.5]
[5.51]
[5.48]
[5.46]
[9.04]
[9.13]
[9.13]
[9.16]
[9.17]
[9.17]
[9.19]
[9.21]
[9.24]
[9.24]
[9.22]
[9.2]
[9.27]
[9.28]
[9.28]
[9.29]
[9.32]
[9.33]
[9.33]
[9.34]
[9.36]
[9.37]
[9.38]
[9.41]
[9.41]
[9.41]
[9.41]
[9.42]
[9.83]
[9.49]
[9.52]
[12.18]
[12.29]
[12.29]
[12.33]
[12.37]
[12.42]
[12.45]
[12.39]
[15.27]
[16.55]
[14.11]
[12.06]
[12.15]
[12.22]
[12.2]
[14.89]
[12.24]
[12.29]
[12.3]
[12.82]
[12.19]
[12.16]
[12.29]
[12.32]
[12.3]
[12.41]
[12.47]
[12.46]
[12.66]
[12.65]
[14.68]
[15.59]
[15.66]
[15.62]
[15.61]
[15.62]
[15.55]
[15.55]
[15.53]
[15.48]
[15.58]
[15.63]
[15.67]
[15.73]
[15.76]
[15.69]
[15.74]
[15.74]
[15.7]
[15.75]
[15.81]
[15.74]
[15.69]
[15.67]
[15.67]
[15.69]
[15.71]
[15.78]
[15.82]
[15.85]
[15.84]
[15.82]
[15.81]
[15.68]
[15.65]
[15.45]
[15.76]
[15.72]
[15.72]
[15.72]
[15.86]
[15.62]
[15.55]
[15.84]
[15.47]
[15.85]
[15.91]
[15.89]
[15.6]
[15.96]
[15.99]
[15.84]
[15.77]
[15.99]
[15.57]
[15.56]
[15.78]
[15.69]
[15.67]
[15.63]
[15.75]
[15.5]
[15.92]
[15.96]
[15.99]
[16.2]
[15.99]
[15.99]
[15.96]
[15.93]
[15.94]
[15.96]
[15.89]
[15.75]
[15.57]
[14.85]
[16.98]
[17.18]
[17.15]
[16.64]
[16.94]
[16.89]
[16.85]
[16.85]
[16.82]
[22.09]
[48.14]
[54.09]
[52.25]
[50.82]
[26.21]
[24.32]
[46.38]
[54.6]
[55.32]
[58.59]
[42.22]
[59.61]
[52.27]
[91.07]
[134.99]
[99.13]
[93.08]
[89.49]
[90.15]
[90.7]
[92.91]
[90.54]
[92.41]
[91.17]
[89.85]
[54.37]
[55.31]
[91.98]
[89.63]
[92.51]
[92.65]
[53.92]
[58.15]
[118.86]
[121.02]
[128.01]
[129.11]
[130.04]
[130.07]
[129.96]
[130.52]
[93.73]
[94.19]
[93.43]
[94.32]
[94.03]
[49.04]
[42.92]
[63.69]
[56.03]
[54.7]
[38.34]
[11.79]
[11.72]
[12.96]
[33.11]
[57.23]
[47.44]
[52.93]
[38.46]
[13.38]
[10.84]
[32.12]
[12.86]
[13.04]
[11.96]
[9.06]
[9.09]
[9.87]
[13.99]
[13.87]
[12.77]
[11.54]
[13.62]
[10.08]
[9.89]
[11.66]
[11.41]
[10.97]
[12.27]
[12.58]
[13.52]
[14.11]
[18.19]
[19.12]
[13.6]
[13.55]
[13.48]
[13.43]
[13.64]
[13.07]
[13.76]
[13.75]
[12.85]
[13.71]
[11.22]
[9.92]
[11.7]
[12.05]
[15.5]
[15.5]
[20.41]
[11.86]
[11.21]
[12.16]
[10.03]
[8.58]
[11.93]
[24.96]
[9.81]
[9.12]
[11.89]
[11.97]
[19.72]
[18.14]
[16.04]
[11.71]
[13.74]
[39.18]
[46.43]
[42.22]
[40.7]
[29.17]
[11.6]
[7.7]
[7.77]
[5.18]
[5.21]
[5.24]
[5.27]
[5.28]
[5.29]
[5.31]
[5.33]
[5.34]
[5.35]
[5.36]
[5.37]
[5.38]
[5.39]