0.8860517153567131, 0.8934518656471758, 1.3522866227849328, 205.4831631914564[12.169256]
[9.239571]
[8.331345]
[10.320449]
[9.126506]
[5.8970456]
[5.432855]
[5.5648594]
[5.4925675]
[5.4932165]
[5.5140166]
[5.379597]
[5.5051746]
[7.7010293]
[8.1777725]
[8.051807]
[8.131348]
[8.625119]
[9.923313]
[11.590918]
[9.610507]
[8.990607]
[8.689373]
[8.66751]
[8.537208]
[8.558852]
[8.558415]
[8.577878]
[8.421515]
[8.425764]
[8.287768]
[8.3573885]
[8.560011]
[8.590027]
[8.450204]
[8.597161]
[8.566643]
[8.460293]
[12.587194]
[9.233179]
[8.872545]
[9.381664]
[9.713109]
[9.516882]
[10.995258]
[11.139275]
[10.98168]
[11.1159]
[10.857678]
[11.384081]
[11.6697235]
[11.57478]
[11.088636]
[11.279514]
[11.062622]
[11.024453]
[11.037866]
[11.128638]
[11.005743]
[10.992847]
[11.0155525]
[11.082994]
[10.932825]
[11.048011]
[11.039334]
[10.937876]
[11.513375]
[11.87789]
[11.269645]
[11.614183]
[14.056287]
[8.874381]
[10.690997]
[11.122716]
[37.24726]
[16.84027]
[13.119983]
[13.091829]
[13.051013]
[13.04249]
[13.23845]
[13.458433]
[13.320157]
[13.442914]
[13.57309]
[13.272772]
[13.260402]
[13.477581]
[13.7985325]
[13.504224]
[13.57274]
[13.334612]
[14.1413965]
[14.014499]
[13.595129]
[13.836557]
[13.89381]
[13.693876]
[13.706225]
[13.082818]
[13.482284]
[14.109635]
[13.617723]
[13.895565]
[14.016061]
[14.200247]
[17.444387]
[22.519886]
[22.273426]
[31.752499]
[51.39614]
[35.04437]
[76.14164]
[78.43751]
[88.82474]
[97.044716]
[138.01584]
[97.81894]
[71.66546]
[59.57621]
[60.533054]
[58.448647]
[54.309765]
[50.86148]
[49.28309]
[46.817997]
[40.62188]
[44.09055]
[46.91035]
[46.322678]
[44.045403]
[49.41818]
[32.978836]
[29.71034]
[42.527317]
[46.66601]
[42.01306]
[44.40751]
[40.732662]
[22.777113]
[25.48762]
[45.547367]
[47.41992]
[68.44847]
[103.017654]
[144.04825]
[157.79482]
[177.07678]
[212.29433]
[186.5517]
[148.48904]
[142.02478]
[129.45851]
[104.71632]
[87.22661]
[103.38288]
[105.153366]
[104.78154]
[111.39974]
[118.06893]
[107.80856]
[99.04059]
[94.94937]
[93.669136]
[90.44129]
[89.3248]
[91.94095]
[67.751915]
[65.256584]
[73.90062]
[74.48913]
[69.68108]
[69.030785]
[69.84141]
[60.08044]
[57.091747]
[53.370945]
[54.13011]
[42.94577]
[50.085194]
[49.7769]
[44.652454]
[43.784664]
[53.65778]
[48.088398]
[42.864635]
[39.678776]
[39.873894]
[35.94581]
[40.43866]
[43.69118]
[58.384323]
[66.90652]
[58.070007]
[64.304214]
[57.497593]
[52.309956]
[92.70686]
[95.16113]
[90.82114]
[80.57882]
[73.78656]
[73.19477]
[69.31226]
[78.6293]
[91.6986]
[88.19344]
[95.32106]
[100.763596]
[70.01817]
[70.25727]
[77.13018]
[59.06572]
[71.41433]
[50.934277]
[63.163445]
[37.75052]
[31.560856]
[47.22758]
[37.290573]
[36.409126]
[30.607609]
[32.16553]
[26.785788]
[23.534203]
[25.007843]
[27.84201]
[32.058598]
[31.763538]
[33.45266]
[27.310038]
[24.951656]
[39.22324]
[42.797256]
[36.255417]
[33.666477]
[28.185177]
[28.208643]
[28.212488]
[30.399412]
[31.148582]
[33.897434]
[31.199608]
[34.875195]
[20.169867]
[19.1117]
[35.163414]
[33.71143]
[31.313883]
[32.749023]
[31.38093]
[19.26318]
[21.737356]
[31.693066]
[31.008339]
[24.53632]
[28.423841]
[26.989445]
[16.145325]
[13.148693]
[22.058998]
[23.724174]
[22.46665]
[20.401978]
[18.823814]
[14.967197]
[11.730822]
[15.680064]
[18.678234]
[14.980394]
[18.129997]
[35.277557]
[23.693493]
[16.697605]
[23.218925]
[24.37093]
[22.453253]
[20.960146]
[19.76156]
[9.47883]
[6.9383073]
[17.20831]
[16.682655]
[17.380161]
[18.931126]
[18.034094]
[8.993266]
[6.3126698]
[6.289699]
[5.23616]
[5.1638894]
[4.9312162]
[5.7249684]
[5.7861056]
[4.811903]
[4.560257]
[4.1225634]
[4.388209]
[4.1094975]
[3.9957986]
[3.5926979]
[3.451725]
[3.4439528]
[3.3661494]
[3.3900065]
[3.0454435]
[2.9313197]
[2.9313197]
[2.9313197]
[2.9313197]
[2.9400847]
[4.4572115]
[7.6399927]
[7.2309976]
[8.746716]
[5.430935]
[6.8678083]
[7.679366]
[11.141204]
[9.851835]
[8.722836]
[6.797468]
[4.4419417]
[7.3440113]
[7.2701435]
[6.255121]
[6.753312]
[7.13672]
[8.647749]
[9.214265]
[8.027176]
[9.019516]
[15.1875305]
[10.855437]
[10.557015]
[7.442922]
[10.958678]
[11.017768]
[10.540616]
[6.2071753]
[5.5557923]
[5.5641594]
[6.374427]
[9.439444]
[9.507914]
[9.55502]
[6.9067154]
[5.5986786]
[5.513528]
[5.5310874]
[5.5577574]
[5.423892]
[6.9077353]
[5.674042]
[5.433497]
[5.5743604]
[5.4397473]
[5.5137463]
[5.305682]
[5.956587]
[5.999639]
[5.7658477]
[5.7903514]
[5.55469]
[5.518753]
[5.5301023]
[5.6181374]
[5.6749716]
[5.7170515]
[5.5521436]
[5.8415933]
[5.4849086]
[5.5450816]
[5.5595713]
[5.556922]
[5.6145577]
[7.636396]
[8.027793]
[12.700548]
[8.917905]
[8.08261]
[9.508721]
[9.037761]
[8.283952]
[11.397353]
[10.682239]
[8.906651]
[10.732457]
[11.10917]
[9.077351]
[8.8567705]
[11.369178]
[12.153564]
[11.943916]
[11.874372]
[16.746147]
[11.366155]
[9.321548]
[13.164041]
[16.548487]
[20.268902]
[14.493642]
[11.884104]
[11.12713]
[9.844686]
[9.923124]
[10.814844]
[10.967972]
[11.881093]
[12.005552]
[11.206644]
[11.267908]
[12.205314]
[11.802639]
[11.783744]
[12.666935]
[12.701959]
[11.56287]
[11.049649]
[12.15718]
[12.355229]
[12.204052]
[12.220721]
[11.737836]
[11.145658]
[11.218949]
[11.706527]
[13.293991]
[13.339489]
[11.247461]
[12.5470295]
[12.881129]
[12.616274]
[12.990395]
[12.851428]
[11.969411]
[13.842619]
[13.276473]
[13.240445]
[13.192739]
[13.115132]
[13.043611]
[12.896705]
[13.09795]
[13.005043]
[15.040058]
[18.372221]
[17.504768]
[13.431015]
[13.0443325]
[13.483824]
[13.73203]
[14.140249]
[13.825415]
[13.582655]
[13.547064]
[13.509418]
[13.683944]
[13.692398]
[13.705828]
[13.518166]
[13.417847]
[13.218994]
[13.28842]
[13.335216]
[13.528802]
[13.479124]
[13.420263]
[13.2355995]
[13.23874]
[13.254893]
[13.326407]
[13.323726]
[13.196289]
[13.10211]
[13.097615]
[13.188663]
[13.085459]
[13.126044]
[13.12592]
[13.091523]
[13.171024]
[12.976699]
[12.984019]
[13.020152]
[12.93905]
[13.038408]
[13.227238]
[13.1482115]
[13.02192]
[12.935224]
[12.9142475]
[12.794203]
[12.969977]
[13.026324]
[13.082959]
[13.151078]
[13.114986]
[13.35158]
[13.343695]
[12.946307]
[17.179192]
[25.07463]
[10.569063]
[14.961475]
[11.54126]
[12.283532]
[12.938162]
[13.870119]
[14.234778]
[14.170029]
[14.252584]
[14.239931]
[14.433817]
[14.2340355]
[14.042781]
[14.142839]
[14.236079]
[14.757702]
[14.047518]
[13.965594]
[13.860098]
[13.965911]
[13.308219]
[13.721443]
[12.128922]
[11.8691025]
[11.468264]
[11.5955715]
[11.98185]
[12.94564]
[12.186445]
[11.943258]
[11.653918]
[11.614537]
[11.450637]
[11.19685]
[11.512102]
[11.352345]
[11.361886]
[11.185811]
[11.2498865]
[11.271096]
[11.28128]
[11.059863]
[10.802213]
[11.086923]
[11.844257]
[12.40445]
[12.889895]
[12.553723]
[11.6476145]
[11.928155]
[11.660652]
[11.676709]
[11.199949]
[10.182788]
[10.626584]
[10.099645]
[9.915653]
[10.060655]
[9.8636265]
[9.990581]
[9.769379]
[9.922075]
[9.701096]
[9.6721525]
[9.825945]
[9.533868]
[9.791798]
[9.557018]
[9.699737]
[9.6131]
[9.673791]
[9.568535]
[9.599783]
[9.483154]
[9.533941]
[9.415604]
[9.420724]
[9.428243]
[9.51633]
[9.4059925]
[9.328005]
[9.502415]
[9.288461]
[9.0762615]
[8.968749]
[8.922537]
[8.655355]
[8.481028]
[8.649956]
[8.7545805]
[8.727082]
[8.680272]
[8.37556]
[8.43196]
[8.510255]
[9.877123]
[9.65218]
[9.430408]
[9.174675]
[8.964074]
[8.866661]
[8.796345]
[8.635737]
[8.852772]
[8.645466]
[8.616604]
[8.738382]
[8.465401]
[8.360933]
[8.708004]
[8.978113]
[8.610174]
[9.015186]
[8.928446]
[8.45846]
[8.217844]
[8.0965805]
[8.09573]
[7.9263825]
[8.03426]
[8.118882]
[8.067193]
[7.889237]
[8.042595]
[7.9535346]
[7.9391184]
[7.9513016]
[8.015242]
[7.855221]
[7.993914]
[7.923099]
[7.970896]
[7.8742137]
[7.787237]
[8.014315]
[7.779828]
[7.781874]
[7.910862]
[7.882602]
[7.8088803]
[7.9115734]
[7.8505964]
[8.049384]
[8.097708]
[6.8457026]
[6.719658]
[6.520318]
[5.9540086]
[5.882287]
[5.8038936]
[5.835576]
[5.7406373]
[5.7629623]
[5.8177986]
[5.733687]
[5.6953936]
[5.6702485]
[5.6731014]
[5.6260815]
[5.504952]
[5.5327144]
[5.549307]
[5.415237]
[5.5155325]
[5.5971456]
[5.5094533]
[5.480647]
[5.470894]
[5.4804482]
[5.474598]
[5.4669967]
[5.4589043]
[5.464708]
[5.4224744]
[5.3606777]
[5.4040318]
[5.688396]
[5.675835]
[9.063417]
[5.9869723]
[7.106313]
[7.2186475]
[5.6313186]
[5.452039]
[5.4147644]
[5.3590302]
[5.63533]
[5.329471]
[5.6004333]
[5.3297358]
[5.5848503]
[5.3189096]
[7.5027533]
[5.8623614]
[5.5214067]
[5.5084457]
[5.4962196]
[5.48408]
[5.471915]
[5.2229724]
[5.4693313]
[5.292719]
[7.604197]
[5.593073]
[5.2520375]
[5.446348]
[5.224777]
[5.2407465]
[5.4191604]
[5.2176857]
[5.385032]
[5.3453436]
[5.2028975]
[5.361676]
[5.226273]
[5.2158394]
[5.2318177]
[5.3390164]
[5.2016244]
[5.3105655]
[5.1924934]
[5.231794]
[5.255933]
[5.297532]
[5.143178]
[5.2266235]
[5.284143]
[5.1760445]
[5.2184286]
[5.256162]
[5.171879]
[5.2639422]
[5.18615]
[5.1227493]
[8.35845]
[8.254511]
[8.659164]
[8.249697]
[8.63213]
[8.695404]
[8.633395]
[8.582303]
[9.173276]
[8.597099]
[9.089658]
[8.515636]
[9.034309]
[8.49209]
[9.038312]
[9.147776]
[8.500134]
[8.524063]
[8.581112]
[8.619961]
[8.670131]
[8.754689]
[8.708357]
[9.128799]
[8.818972]
[9.424001]
[9.265035]
[8.922996]
[9.824957]
[9.866358]
[9.813528]
[11.570994]
[11.779026]
[11.7150345]
[12.229889]
[11.677693]
[12.100055]
[12.685688]
[12.698257]
[15.404615]
[16.68825]
[15.158824]
[12.252607]
[12.232862]
[12.259454]
[12.560235]
[15.084525]
[12.780586]
[12.226228]
[12.11389]
[12.368695]
[11.591585]
[11.367905]
[11.324015]
[11.655696]
[11.789501]
[12.1228695]
[11.971979]
[11.514278]
[11.6064825]
[11.515984]
[12.5779705]
[13.160044]
[13.414355]
[13.552973]
[13.0845375]
[12.86963]
[12.46616]
[12.236567]
[12.795097]
[15.790011]
[23.503002]
[22.36898]
[17.55099]
[15.46297]
[11.507217]
[14.606484]
[15.018176]
[14.978697]
[14.952821]
[14.863595]
[14.6313305]
[14.473225]
[14.394626]
[14.253505]
[14.5615015]
[15.471324]
[14.512195]
[15.219421]
[15.570175]
[15.718483]
[14.420146]
[14.496221]
[14.719693]
[15.194041]
[14.907586]
[14.704754]
[15.075169]
[15.589973]
[15.78233]
[15.878599]
[15.809994]
[15.058911]
[14.921076]
[15.270536]
[15.15361]
[15.432683]
[15.566295]
[15.70318]
[15.389934]
[15.701567]
[15.739445]
[15.611481]
[15.529369]
[15.749154]
[15.106373]
[15.304951]
[15.449098]
[15.43974]
[15.442473]
[15.450941]
[15.545369]
[15.15582]
[15.537043]
[15.650112]
[15.391169]
[16.414892]
[16.010168]
[15.729485]
[15.635105]
[15.3095045]
[15.828176]
[15.377613]
[15.80631]
[18.32327]
[21.920473]
[18.404383]
[26.404394]
[26.592901]
[25.362444]
[26.42257]
[21.811241]
[6.031474]
[15.856596]
[17.15938]
[16.661352]
[19.836702]
[36.939896]
[42.914677]
[48.12951]
[53.512154]
[42.05514]
[40.911983]
[55.215607]
[64.434685]
[64.06572]
[64.446465]
[54.399895]
[69.40597]
[87.78155]
[96.46432]
[127.49722]
[111.715225]
[120.32298]
[103.84589]
[104.35237]
[99.89064]
[99.71673]
[95.564705]
[92.981705]
[88.29651]
[84.01588]
[66.48793]
[71.74809]
[89.80063]
[87.80507]
[84.170586]
[84.38699]
[79.25817]
[87.473404]
[111.88309]
[123.519806]
[136.47792]
[134.66237]
[132.85493]
[131.10019]
[131.77199]
[129.26341]
[101.20868]
[100.11489]
[97.47213]
[95.94495]
[94.08685]
[60.839165]
[50.975063]
[60.160366]
[55.364883]
[52.34431]
[42.217125]
[28.043451]
[26.28879]
[26.652748]
[34.96076]
[43.648396]
[38.865623]
[39.2041]
[33.940815]
[22.344305]
[20.246765]
[30.010489]
[22.637728]
[20.421112]
[19.591888]
[17.906256]
[16.933306]
[16.063358]
[16.854763]
[16.152008]
[14.839292]
[13.705226]
[13.935368]
[12.467895]
[12.310049]
[13.417587]
[13.221077]
[12.256273]
[11.9585]
[11.634927]
[11.34974]
[11.102823]
[12.104815]
[12.01332]
[9.21634]
[8.979812]
[10.163493]
[11.474353]
[11.688652]
[10.613878]
[10.126288]
[9.884294]
[9.204509]
[9.429295]
[8.309472]
[7.4360642]
[8.287047]
[9.728147]
[11.927141]
[12.132061]
[13.998879]
[11.866502]
[12.915582]
[13.959157]
[12.278052]
[10.212551]
[10.479901]
[14.502555]
[8.216075]
[6.772027]
[7.6136446]
[7.2504077]
[9.289094]
[8.587998]
[7.2763658]
[5.6276135]
[5.876764]
[15.538658]
[19.037506]
[18.301184]
[18.264233]
[12.509267]
[8.187617]
[10.071811]
[11.24267]
[8.223825]
[6.9998317]
[5.8503366]
[5.1127505]
[3.8664718]
[3.528096]
[3.6721067]
[4.1862698]
[3.5631263]
[3.3386822]
[3.1596298]
[2.9852061]
[2.735582][10.25]
[9.45]
[13.02]
[10.69]
[5.31]
[5.25]
[5.26]
[5.31]
[5.31]
[5.3]
[5.29]
[5.3]
[9.25]
[9.31]
[9.28]
[9.29]
[9.27]
[9.26]
[9.25]
[9.26]
[9.26]
[9.27]
[9.25]
[9.25]
[9.32]
[9.28]
[9.26]
[9.22]
[9.21]
[9.23]
[9.23]
[9.06]
[9.24]
[9.25]
[9.24]
[9.29]
[9.55]
[9.28]
[9.27]
[9.27]
[9.25]
[9.24]
[9.28]
[12.21]
[12.29]
[12.32]
[12.27]
[12.3]
[12.29]
[12.25]
[12.25]
[12.25]
[12.29]
[12.3]
[12.3]
[12.31]
[12.36]
[12.34]
[12.35]
[12.36]
[12.37]
[12.39]
[12.39]
[12.4]
[12.36]
[12.39]
[12.4]
[12.41]
[12.52]
[12.25]
[12.25]
[12.03]
[12.31]
[26.75]
[15.2]
[15.05]
[15.12]
[15.03]
[15.09]
[15.17]
[15.22]
[15.41]
[15.4]
[15.43]
[15.24]
[15.14]
[15.08]
[15.29]
[15.3]
[15.23]
[15.22]
[15.17]
[15.21]
[15.24]
[15.21]
[15.26]
[15.09]
[15.03]
[14.94]
[15.09]
[15.28]
[15.3]
[15.52]
[15.38]
[15.46]
[15.26]
[15.55]
[15.54]
[15.27]
[22.36]
[17.87]
[15.85]
[42.75]
[82.22]
[94.05]
[93.25]
[90.97]
[55.68]
[49.63]
[58.09]
[56.67]
[54.59]
[53.59]
[58.05]
[53.08]
[41.74]
[57.88]
[58.89]
[56.17]
[56.45]
[59.98]
[24.57]
[23.68]
[48.95]
[58.59]
[52.66]
[61.65]
[55.39]
[15.63]
[15.57]
[49.45]
[48.02]
[57.5]
[95.04]
[91.35]
[127.12]
[159.08]
[215.85]
[192.9]
[144.63]
[136.75]
[131.02]
[99.64]
[86.83]
[129.19]
[131.03]
[129.73]
[130.49]
[130.52]
[92.3]
[87.76]
[90.33]
[91.84]
[90.24]
[92.4]
[96.82]
[52.74]
[45.22]
[55.96]
[60.38]
[51.61]
[55.5]
[62.81]
[54.04]
[56.12]
[53.08]
[60.33]
[38.11]
[64.66]
[62.07]
[50.21]
[45.53]
[67.12]
[58.52]
[53.52]
[50.52]
[53.77]
[41.06]
[38.17]
[35.45]
[50.08]
[57.71]
[43.73]
[61.41]
[54.5]
[42.43]
[96.98]
[93.31]
[95.73]
[93.08]
[91.61]
[94.94]
[85.74]
[88.4]
[98.74]
[90.94]
[95.37]
[98.5]
[45.13]
[47.61]
[67.66]
[39.1]
[71.69]
[37.29]
[69.59]
[19.53]
[12.7]
[49.99]
[27.12]
[31.05]
[19.21]
[28.46]
[14.31]
[9.94]
[17.83]
[28.86]
[44.83]
[46.46]
[52.06]
[24.01]
[9.42]
[50.97]
[57.23]
[44.2]
[37.8]
[12.15]
[9.41]
[10.47]
[20.43]
[33.31]
[48.25]
[44.01]
[55.45]
[12.7]
[10.36]
[51.64]
[50.92]
[50.38]
[49.93]
[49.1]
[13.79]
[10.13]
[29.22]
[34.2]
[23.2]
[39.35]
[38.77]
[14.08]
[10.2]
[32.49]
[35.58]
[33.86]
[32.24]
[29.9]
[23.23]
[16.87]
[24.9]
[28.37]
[17.49]
[16.74]
[47.53]
[16.06]
[15.03]
[32.65]
[36.66]
[33.79]
[32.62]
[31.6]
[12.79]
[8.68]
[29.3]
[28.48]
[33.01]
[32.79]
[29.71]
[12.11]
[7.79]
[7.39]
[5.3]
[5.33]
[5.36]
[5.41]
[5.44]
[5.46]
[5.48]
[5.51]
[5.52]
[5.54]
[5.55]
[5.56]
[5.57]
[5.58]
[5.41]
[5.59]
[5.59]
[5.59]
[5.59]
[5.59]
[5.59]
[5.52]
[9.82]
[15.53]
[16.95]
[20.82]
[11.7]
[14.18]
[15.4]
[23.39]
[19.41]
[16.47]
[11.42]
[6.71]
[12.54]
[12.67]
[10.63]
[11.37]
[12.05]
[14.44]
[14.47]
[12.32]
[14.46]
[13.82]
[14.57]
[14.58]
[8.47]
[14.78]
[14.81]
[14.47]
[5.31]
[5.31]
[5.29]
[6.65]
[12.03]
[10.97]
[11.68]
[7.09]
[5.32]
[5.32]
[5.33]
[5.32]
[5.32]
[7.66]
[5.32]
[5.32]
[5.32]
[5.29]
[5.21]
[5.09]
[5.1]
[5.1]
[5.1]
[5.11]
[5.11]
[5.1]
[5.12]
[5.22]
[5.48]
[5.49]
[5.27]
[5.12]
[5.13]
[5.12]
[5.12]
[5.11]
[5.16]
[8.76]
[8.76]
[8.94]
[8.95]
[8.95]
[10.8]
[10.34]
[8.93]
[12.82]
[12.41]
[9.78]
[12.71]
[13.05]
[9.78]
[9.61]
[13.47]
[13.71]
[13.82]
[13.8]
[20.11]
[12.1]
[10.21]
[15.44]
[19.36]
[24.22]
[16.35]
[13.82]
[12.91]
[11.05]
[11.21]
[12.63]
[12.73]
[13.93]
[14.]
[12.75]
[12.72]
[14.06]
[13.64]
[13.18]
[14.13]
[14.47]
[12.97]
[12.08]
[13.53]
[13.92]
[14.]
[14.03]
[13.47]
[12.53]
[12.61]
[12.89]
[13.87]
[13.64]
[12.29]
[13.75]
[12.77]
[12.77]
[13.97]
[13.97]
[12.95]
[15.58]
[14.78]
[14.97]
[14.82]
[14.67]
[14.69]
[14.7]
[14.81]
[14.7]
[17.5]
[18.04]
[19.37]
[14.58]
[14.62]
[14.69]
[14.75]
[14.6]
[14.39]
[14.42]
[14.49]
[14.55]
[14.59]
[14.62]
[14.6]
[14.31]
[14.23]
[14.12]
[14.15]
[14.3]
[14.52]
[14.49]
[14.43]
[14.23]
[14.17]
[14.28]
[14.37]
[14.29]
[14.2]
[14.09]
[14.11]
[14.23]
[14.04]
[14.13]
[14.15]
[14.07]
[14.02]
[13.88]
[13.88]
[13.78]
[13.82]
[13.92]
[14.08]
[13.97]
[13.86]
[13.82]
[13.83]
[13.99]
[14.01]
[13.84]
[13.78]
[13.71]
[13.96]
[14.1]
[13.99]
[13.72]
[16.98]
[13.92]
[13.67]
[13.53]
[13.42]
[13.41]
[13.36]
[14.17]
[14.52]
[14.48]
[14.44]
[14.41]
[14.38]
[14.37]
[14.35]
[14.34]
[14.31]
[15.25]
[14.32]
[14.31]
[14.29]
[14.29]
[14.58]
[14.56]
[12.15]
[11.95]
[11.88]
[11.87]
[11.82]
[13.39]
[11.95]
[11.94]
[11.89]
[11.86]
[11.86]
[11.84]
[11.83]
[11.81]
[11.86]
[11.86]
[11.8]
[11.8]
[11.79]
[11.78]
[11.77]
[11.96]
[11.94]
[11.9]
[11.85]
[11.35]
[11.83]
[11.8]
[12.]
[12.06]
[12.03]
[9.66]
[9.6]
[9.59]
[9.63]
[9.74]
[9.73]
[9.68]
[9.68]
[9.7]
[9.68]
[9.68]
[9.67]
[9.67]
[9.73]
[9.77]
[9.75]
[9.77]
[9.77]
[9.77]
[9.74]
[9.74]
[9.73]
[9.72]
[9.75]
[9.75]
[9.79]
[9.77]
[9.77]
[9.78]
[9.77]
[9.09]
[9.09]
[8.91]
[8.69]
[8.69]
[8.66]
[8.69]
[8.7]
[8.7]
[8.66]
[8.67]
[8.77]
[8.78]
[8.78]
[8.77]
[8.78]
[8.77]
[8.74]
[8.74]
[8.77]
[8.77]
[8.77]
[8.76]
[8.77]
[8.76]
[8.77]
[8.77]
[8.76]
[8.76]
[8.77]
[8.71]
[8.26]
[8.23]
[8.06]
[8.02]
[8.01]
[8.04]
[8.06]
[8.04]
[8.05]
[8.06]
[8.05]
[8.05]
[8.07]
[8.07]
[8.06]
[8.04]
[8.08]
[8.07]
[8.07]
[8.03]
[8.1]
[8.09]
[8.1]
[8.11]
[8.1]
[8.11]
[8.12]
[8.11]
[8.11]
[8.13]
[6.13]
[6.11]
[5.91]
[5.29]
[5.35]
[5.29]
[5.31]
[5.3]
[5.3]
[5.3]
[5.31]
[5.3]
[5.27]
[5.29]
[5.29]
[5.29]
[5.3]
[5.3]
[5.34]
[5.31]
[5.31]
[5.32]
[5.32]
[5.31]
[5.33]
[5.32]
[5.32]
[5.31]
[5.33]
[5.32]
[5.34]
[5.34]
[5.89]
[5.74]
[5.51]
[5.5]
[7.49]
[7.16]
[5.55]
[5.56]
[5.48]
[5.43]
[5.41]
[5.42]
[5.48]
[5.44]
[5.44]
[5.44]
[7.99]
[5.37]
[5.4]
[5.41]
[5.38]
[5.38]
[5.39]
[5.38]
[5.38]
[5.43]
[5.4]
[5.41]
[5.42]
[5.41]
[5.41]
[5.41]
[5.41]
[5.42]
[5.44]
[5.44]
[5.45]
[5.47]
[5.47]
[5.4]
[5.42]
[5.44]
[5.46]
[5.47]
[5.46]
[5.46]
[5.47]
[5.47]
[5.42]
[5.48]
[5.49]
[5.48]
[5.46]
[5.46]
[5.5]
[5.51]
[5.48]
[5.46]
[9.04]
[9.13]
[9.13]
[9.16]
[9.17]
[9.17]
[9.19]
[9.21]
[9.24]
[9.24]
[9.22]
[9.2]
[9.27]
[9.28]
[9.28]
[9.29]
[9.32]
[9.33]
[9.33]
[9.34]
[9.36]
[9.37]
[9.38]
[9.41]
[9.41]
[9.41]
[9.41]
[9.42]
[9.83]
[9.49]
[9.52]
[12.18]
[12.29]
[12.29]
[12.33]
[12.37]
[12.42]
[12.45]
[12.39]
[15.27]
[16.55]
[14.11]
[12.06]
[12.15]
[12.22]
[12.2]
[14.89]
[12.24]
[12.29]
[12.3]
[12.82]
[12.19]
[12.16]
[12.29]
[12.32]
[12.3]
[12.41]
[12.47]
[12.46]
[12.66]
[12.65]
[14.68]
[15.59]
[15.66]
[15.62]
[15.61]
[15.62]
[15.55]
[15.55]
[15.53]
[15.48]
[15.58]
[15.63]
[15.67]
[15.73]
[15.76]
[15.69]
[15.74]
[15.74]
[15.7]
[15.75]
[15.81]
[15.74]
[15.69]
[15.67]
[15.67]
[15.69]
[15.71]
[15.78]
[15.82]
[15.85]
[15.84]
[15.82]
[15.81]
[15.68]
[15.65]
[15.45]
[15.76]
[15.72]
[15.72]
[15.72]
[15.86]
[15.62]
[15.55]
[15.84]
[15.47]
[15.85]
[15.91]
[15.89]
[15.6]
[15.96]
[15.99]
[15.84]
[15.77]
[15.99]
[15.57]
[15.56]
[15.78]
[15.69]
[15.67]
[15.63]
[15.75]
[15.5]
[15.92]
[15.96]
[15.99]
[16.2]
[15.99]
[15.99]
[15.96]
[15.93]
[15.94]
[15.96]
[15.89]
[15.75]
[15.57]
[14.85]
[16.98]
[17.18]
[17.15]
[16.64]
[16.94]
[16.89]
[16.85]
[16.85]
[16.82]
[22.09]
[48.14]
[54.09]
[52.25]
[50.82]
[26.21]
[24.32]
[46.38]
[54.6]
[55.32]
[58.59]
[42.22]
[59.61]
[52.27]
[91.07]
[134.99]
[99.13]
[93.08]
[89.49]
[90.15]
[90.7]
[92.91]
[90.54]
[92.41]
[91.17]
[89.85]
[54.37]
[55.31]
[91.98]
[89.63]
[92.51]
[92.65]
[53.92]
[58.15]
[118.86]
[121.02]
[128.01]
[129.11]
[130.04]
[130.07]
[129.96]
[130.52]
[93.73]
[94.19]
[93.43]
[94.32]
[94.03]
[49.04]
[42.92]
[63.69]
[56.03]
[54.7]
[38.34]
[11.79]
[11.72]
[12.96]
[33.11]
[57.23]
[47.44]
[52.93]
[38.46]
[13.38]
[10.84]
[32.12]
[12.86]
[13.04]
[11.96]
[9.06]
[9.09]
[9.87]
[13.99]
[13.87]
[12.77]
[11.54]
[13.62]
[10.08]
[9.89]
[11.66]
[11.41]
[10.97]
[12.27]
[12.58]
[13.52]
[14.11]
[18.19]
[19.12]
[13.6]
[13.55]
[13.48]
[13.43]
[13.64]
[13.07]
[13.76]
[13.75]
[12.85]
[13.71]
[11.22]
[9.92]
[11.7]
[12.05]
[15.5]
[15.5]
[20.41]
[11.86]
[11.21]
[12.16]
[10.03]
[8.58]
[11.93]
[24.96]
[9.81]
[9.12]
[11.89]
[11.97]
[19.72]
[18.14]
[16.04]
[11.71]
[13.74]
[39.18]
[46.43]
[42.22]
[40.7]
[29.17]
[11.6]
[7.7]
[7.77]
[5.18]
[5.21]
[5.24]
[5.27]
[5.28]
[5.29]
[5.31]
[5.33]
[5.34]
[5.35]
[5.36]
[5.37]
[5.38]
[5.39]