0.8983019297611458, 0.90340960724184, -5.653726918065094, 194.12376364021608[14.205436]
[11.157644]
[10.059926]
[12.289831]
[11.032883]
[7.3614764]
[6.63927]
[6.7999945]
[6.755413]
[6.749043]
[6.8138204]
[6.649579]
[6.795168]
[9.230053]
[9.862955]
[9.712493]
[9.659612]
[8.692825]
[10.123215]
[11.912529]
[10.931893]
[10.370866]
[10.097222]
[10.102167]
[9.99681]
[10.012256]
[10.007378]
[10.058551]
[9.924738]
[9.957574]
[9.798687]
[9.740912]
[9.941857]
[10.041377]
[9.881026]
[10.035219]
[10.069939]
[9.641292]
[14.11823]
[10.618323]
[9.726214]
[10.2243185]
[10.668924]
[10.645298]
[12.378345]
[12.657824]
[12.473404]
[12.606481]
[12.138177]
[12.56401]
[12.927328]
[12.9659815]
[12.526737]
[12.733355]
[12.570666]
[12.516681]
[12.523546]
[12.643869]
[12.544715]
[12.522568]
[12.537532]
[12.634609]
[12.465267]
[12.543666]
[12.4875345]
[12.102962]
[12.63182]
[13.138464]
[12.583775]
[12.918939]
[15.622648]
[10.181428]
[11.93855]
[12.513519]
[41.481953]
[19.382029]
[14.844913]
[14.83201]
[14.774683]
[14.698296]
[14.856728]
[15.171313]
[15.015053]
[15.09642]
[15.215364]
[14.864263]
[14.679056]
[14.8442955]
[15.258141]
[14.897923]
[14.853211]
[14.321133]
[15.229623]
[15.316779]
[14.818343]
[15.047724]
[15.178907]
[14.988508]
[15.035769]
[14.080345]
[14.298562]
[15.008497]
[14.412294]
[14.645303]
[14.647793]
[14.939141]
[22.149405]
[21.60192]
[19.773623]
[34.77524]
[48.099663]
[33.020725]
[64.231445]
[71.71228]
[81.69216]
[91.18716]
[130.80934]
[95.531166]
[68.292]
[61.763878]
[63.668156]
[62.067493]
[57.919117]
[54.38374]
[55.499447]
[52.17378]
[43.591595]
[51.86609]
[54.463062]
[52.470757]
[52.4272]
[55.779255]
[33.279808]
[29.139872]
[45.54042]
[52.696976]
[48.702164]
[53.56231]
[49.594917]
[22.943375]
[24.53415]
[47.23005]
[51.060608]
[74.810165]
[96.71069]
[132.73694]
[151.38684]
[171.61403]
[206.90733]
[168.62952]
[140.41142]
[136.54765]
[126.0542]
[102.81909]
[87.65465]
[110.51021]
[115.252686]
[115.2534]
[120.08965]
[125.640686]
[104.00002]
[94.01842]
[93.22448]
[92.57048]
[89.895226]
[89.519]
[93.164444]
[70.90308]
[61.42385]
[68.94734]
[72.29122]
[67.82784]
[67.86837]
[71.32417]
[63.16515]
[60.78993]
[57.07151]
[59.376305]
[45.43407]
[57.901825]
[58.332382]
[51.41178]
[48.568302]
[60.32279]
[55.206326]
[50.145252]
[46.981953]
[48.305016]
[42.344135]
[43.828613]
[45.64212]
[60.469822]
[67.11037]
[59.91825]
[66.48309]
[60.77365]
[55.202103]
[88.93893]
[94.38461]
[90.73952]
[85.882195]
[82.78267]
[84.18853]
[80.504715]
[84.679955]
[92.84901]
[89.67127]
[95.79872]
[99.30331]
[69.254684]
[64.21015]
[76.272125]
[59.397484]
[73.22372]
[53.69819]
[66.948044]
[38.798534]
[28.803968]
[50.149616]
[38.19099]
[37.011204]
[28.991297]
[32.771347]
[24.218851]
[19.311176]
[23.539288]
[30.958887]
[39.966415]
[41.21048]
[44.491573]
[29.641191]
[21.368717]
[45.289017]
[51.667473]
[43.428047]
[39.189087]
[25.827003]
[23.002556]
[23.482784]
[27.748278]
[34.873554]
[42.684483]
[40.22945]
[46.5233]
[21.300465]
[17.727537]
[43.28991]
[44.400616]
[42.838474]
[43.292603]
[42.105442]
[19.925499]
[19.316704]
[31.668354]
[34.972233]
[27.31374]
[35.193554]
[34.919254]
[19.40418]
[14.927513]
[28.614725]
[31.570086]
[30.461803]
[28.605677]
[26.875551]
[22.304626]
[17.735315]
[22.636644]
[25.726143]
[19.309563]
[19.505358]
[41.118645]
[23.87616]
[18.242249]
[29.170982]
[32.076218]
[30.220549]
[28.804585]
[27.927492]
[15.422266]
[11.455052]
[24.671732]
[25.072208]
[26.925695]
[27.835192]
[26.057821]
[14.669918]
[10.10691]
[9.446367]
[8.011533]
[7.7944956]
[7.7232323]
[8.175201]
[8.158432]
[7.86976]
[7.816475]
[7.706859]
[7.830381]
[7.7384624]
[7.7071805]
[7.5756683]
[7.5519466]
[7.5608854]
[7.4540434]
[7.5170755]
[7.411011]
[7.381596]
[7.381596]
[7.381596]
[7.381596]
[7.32813]
[9.874945]
[15.804539]
[15.3591795]
[17.247631]
[12.191144]
[13.194563]
[14.20907]
[19.15099]
[17.198112]
[15.223914]
[11.854989]
[8.204813]
[11.573952]
[12.118374]
[10.772549]
[11.061997]
[11.54824]
[13.2756195]
[13.650321]
[12.132943]
[13.29198]
[21.664106]
[15.126617]
[13.854954]
[9.697962]
[13.586013]
[14.136032]
[13.636304]
[7.7725577]
[6.765172]
[6.7779536]
[7.745352]
[11.254582]
[11.473443]
[11.508068]
[8.535014]
[6.9157314]
[6.7596383]
[6.778504]
[6.8492913]
[6.686045]
[8.320169]
[7.0682836]
[6.6809926]
[6.8492236]
[6.6910553]
[6.7825046]
[6.1170154]
[6.806987]
[7.013406]
[6.8097043]
[6.9070616]
[6.726501]
[6.676852]
[6.6872473]
[6.82196]
[6.906234]
[6.9454274]
[6.6090198]
[6.9768004]
[6.6716146]
[6.688198]
[6.708573]
[6.7047553]
[6.807873]
[9.033597]
[9.573511]
[14.689401]
[10.689865]
[9.591351]
[11.179805]
[10.725789]
[9.843308]
[13.264382]
[12.592531]
[10.52564]
[12.441417]
[12.934835]
[10.627542]
[10.2163315]
[12.862395]
[13.868924]
[13.734128]
[13.779909]
[19.248095]
[13.351828]
[10.62499]
[14.801884]
[18.80797]
[22.157076]
[16.660055]
[13.657182]
[12.764098]
[11.354233]
[11.352308]
[12.294863]
[12.459259]
[13.381067]
[13.518417]
[12.612988]
[12.57897]
[13.575673]
[13.148214]
[12.981053]
[13.85178]
[13.993258]
[12.765326]
[12.109735]
[13.202695]
[13.521634]
[13.415352]
[13.437722]
[12.892645]
[12.184204]
[12.373509]
[12.57337]
[13.977408]
[13.985459]
[12.401966]
[13.251928]
[13.397101]
[13.320838]
[13.736742]
[13.677165]
[12.781633]
[14.724524]
[14.228202]
[14.167535]
[14.088207]
[14.007696]
[13.96275]
[13.913484]
[14.082032]
[14.026399]
[16.139023]
[18.791697]
[17.754215]
[14.447857]
[14.253342]
[14.525147]
[14.633602]
[14.83924]
[14.561081]
[14.484317]
[14.540632]
[14.58106]
[14.730712]
[14.773773]
[14.812959]
[14.633743]
[14.574045]
[14.379549]
[14.4255495]
[14.476691]
[14.666075]
[14.608929]
[14.534907]
[14.324342]
[14.314032]
[14.320426]
[14.378606]
[14.370012]
[14.208731]
[14.040295]
[13.982703]
[14.02839]
[13.942417]
[13.909362]
[13.890266]
[13.874867]
[14.009211]
[13.718555]
[13.705072]
[13.796335]
[13.31053]
[13.463925]
[13.652918]
[13.4322195]
[13.282117]
[13.257753]
[13.218415]
[13.291425]
[13.593889]
[13.749319]
[13.881065]
[13.826474]
[14.015365]
[14.122005]
[14.081251]
[12.972709]
[6.0964546]
[29.518902]
[14.689841]
[7.573163]
[12.914774]
[12.4650755]
[13.540942]
[14.504006]
[14.887681]
[14.757183]
[14.803022]
[14.7773485]
[14.884938]
[14.749746]
[14.62278]
[14.676931]
[14.714184]
[15.309928]
[14.675913]
[14.572285]
[14.501767]
[14.627629]
[14.072069]
[14.426058]
[12.815695]
[12.476067]
[12.135033]
[12.454361]
[12.418132]
[13.452452]
[12.656555]
[12.391598]
[12.217042]
[12.154936]
[12.056345]
[11.91624]
[12.06372]
[11.969098]
[12.039247]
[11.948743]
[11.945637]
[11.93018]
[11.964288]
[11.804399]
[11.670876]
[11.850522]
[13.132495]
[13.005118]
[12.841449]
[12.923486]
[12.246083]
[12.32095]
[12.138047]
[12.127313]
[11.985822]
[10.850764]
[10.872835]
[10.453036]
[10.338903]
[10.555916]
[10.425541]
[10.594552]
[10.442836]
[10.63758]
[10.482632]
[10.440714]
[10.654849]
[10.390258]
[10.670807]
[10.467288]
[10.605688]
[10.555588]
[10.641831]
[10.563428]
[10.620289]
[10.528727]
[10.604818]
[10.510236]
[10.503831]
[10.510637]
[10.635145]
[10.54736]
[10.414568]
[10.607704]
[10.338187]
[10.084835]
[9.992052]
[9.976373]
[9.732635]
[9.450253]
[9.587552]
[9.752014]
[9.785017]
[9.789085]
[9.350757]
[9.143386]
[8.572984]
[9.790341]
[10.234933]
[10.166833]
[10.053392]
[9.91496]
[9.861113]
[9.841916]
[9.6538515]
[9.91314]
[9.766439]
[9.714798]
[9.908383]
[9.640145]
[9.289258]
[9.564916]
[9.934527]
[9.4968405]
[9.909312]
[9.963653]
[9.565467]
[9.324659]
[9.186221]
[9.222027]
[9.0256605]
[9.103155]
[9.240125]
[9.249375]
[9.045838]
[9.208165]
[9.150694]
[9.128999]
[9.138995]
[9.241457]
[9.062973]
[9.210917]
[9.170839]
[9.252038]
[9.180886]
[9.037888]
[9.360508]
[9.240332]
[9.098234]
[9.188119]
[9.323589]
[9.147849]
[9.215495]
[9.022159]
[9.176626]
[9.234766]
[7.9228964]
[7.7729654]
[7.706707]
[7.1364074]
[7.199183]
[7.013974]
[7.156186]
[7.0843964]
[6.9971023]
[7.123835]
[7.063085]
[7.021805]
[6.990912]
[6.9886813]
[6.928508]
[6.8314447]
[6.857103]
[6.825242]
[6.7481318]
[6.819386]
[6.861595]
[6.794619]
[6.761046]
[6.743968]
[6.746609]
[6.733441]
[6.7185354]
[6.7032366]
[6.702048]
[6.6465077]
[6.6082716]
[6.6154094]
[6.9232144]
[6.9017887]
[10.362393]
[7.3321347]
[8.286913]
[8.488438]
[6.8697224]
[6.6038156]
[6.5558867]
[6.4909363]
[6.7592216]
[6.4683595]
[6.7059374]
[6.4491887]
[6.6704683]
[6.4188623]
[8.594454]
[7.0133786]
[6.5874515]
[6.563772]
[6.5408525]
[6.518058]
[6.495232]
[6.2358017]
[6.446483]
[6.280492]
[8.516298]
[6.636304]
[6.191495]
[6.372745]
[6.169518]
[6.1528683]
[6.317808]
[6.1348987]
[6.266247]
[6.2416797]
[6.091355]
[6.2136126]
[6.0954194]
[6.0532904]
[6.059865]
[6.1536694]
[6.03523]
[6.1080966]
[6.007538]
[6.0152345]
[6.030061]
[6.057874]
[5.9233975]
[5.9971714]
[6.0177784]
[5.9812927]
[6.0110188]
[5.9737377]
[6.0019226]
[6.015537]
[5.965908]
[5.987949]
[9.081569]
[9.120357]
[9.529327]
[9.180115]
[9.542745]
[9.648943]
[9.616171]
[9.603589]
[10.2457905]
[9.717774]
[10.24205]
[9.713122]
[10.238216]
[9.70855]
[10.236145]
[10.35276]
[9.717243]
[9.673623]
[9.709985]
[9.743425]
[9.788369]
[9.851644]
[9.850977]
[10.278308]
[9.993251]
[10.559809]
[10.33847]
[9.988365]
[10.7783165]
[10.837188]
[10.77235]
[12.552984]
[12.63229]
[12.54112]
[12.900417]
[12.409804]
[12.710742]
[13.115606]
[13.062914]
[15.627826]
[17.0728]
[15.269713]
[12.360051]
[12.386988]
[12.337521]
[12.664481]
[15.618247]
[12.796429]
[12.353755]
[12.248027]
[12.559633]
[11.66912]
[11.540741]
[11.766723]
[12.207067]
[12.526552]
[12.657329]
[12.497853]
[12.095227]
[12.155417]
[11.938743]
[12.395368]
[12.578494]
[12.611711]
[12.679934]
[12.355248]
[12.380947]
[12.160948]
[12.550536]
[13.170976]
[13.600858]
[15.433182]
[19.2261]
[17.04962]
[15.021621]
[12.226962]
[14.808601]
[16.01062]
[16.223785]
[16.231924]
[16.370565]
[16.477716]
[16.498974]
[16.449762]
[16.284939]
[16.183382]
[15.04241]
[15.0766735]
[14.816036]
[14.906256]
[15.052712]
[15.952114]
[15.019651]
[13.460771]
[14.007885]
[10.696955]
[12.748355]
[14.116086]
[15.7927]
[16.62989]
[16.595345]
[17.024212]
[15.577156]
[15.457065]
[16.058643]
[15.650776]
[16.114534]
[16.485605]
[16.353994]
[16.073349]
[16.473522]
[16.524805]
[16.371029]
[16.27523]
[16.543554]
[17.196766]
[17.196957]
[15.94316]
[16.046537]
[16.030157]
[15.980616]
[16.016375]
[15.672951]
[16.008997]
[16.10113]
[16.909212]
[16.399282]
[16.253788]
[16.100508]
[16.035145]
[15.870271]
[16.150469]
[16.175323]
[16.46028]
[23.373468]
[23.996168]
[17.657412]
[26.121136]
[25.453842]
[24.640974]
[22.374125]
[20.721922]
[5.8567533]
[16.275106]
[17.926249]
[17.67472]
[21.157444]
[40.84283]
[46.167713]
[52.531803]
[54.0937]
[45.752884]
[37.60814]
[54.281807]
[64.62104]
[65.2984]
[66.539345]
[55.451233]
[69.67676]
[80.52285]
[91.862274]
[120.192314]
[108.62071]
[110.956505]
[98.966095]
[97.52719]
[95.860405]
[96.22645]
[94.0805]
[92.51188]
[88.42575]
[86.59203]
[69.872604]
[67.49985]
[89.103096]
[87.20598]
[87.34351]
[89.01809]
[80.553024]
[79.561485]
[108.680954]
[115.72859]
[130.61223]
[129.3146]
[126.06033]
[126.02202]
[129.37073]
[126.67205]
[100.40141]
[97.504845]
[95.60669]
[95.4693]
[93.14193]
[63.11083]
[53.883865]
[63.833145]
[59.396885]
[56.280437]
[44.907127]
[25.721977]
[22.677656]
[22.957302]
[35.050323]
[50.474693]
[45.442005]
[47.370163]
[38.742634]
[21.582294]
[17.260181]
[31.625954]
[20.9851]
[18.551907]
[17.680937]
[15.688152]
[14.99535]
[15.224636]
[17.716187]
[17.850756]
[16.828953]
[15.703733]
[16.814276]
[14.594534]
[14.273615]
[15.491911]
[15.554093]
[14.934298]
[15.399915]
[15.6405735]
[16.027287]
[15.993902]
[18.28828]
[18.666988]
[15.141862]
[14.674242]
[14.928778]
[15.826027]
[16.301739]
[15.513308]
[15.476098]
[15.326514]
[14.72195]
[14.994343]
[13.672015]
[12.626563]
[13.458784]
[14.174446]
[16.977417]
[17.171528]
[19.859743]
[15.434814]
[15.306214]
[16.334213]
[14.48321]
[12.955334]
[14.577621]
[22.090248]
[13.369357]
[11.774673]
[13.516427]
[13.322734]
[17.50651]
[16.605991]
[15.158805]
[12.515472]
[13.488065]
[28.599796]
[31.466507]
[30.122755]
[30.56722]
[23.406115]
[12.226987]
[11.704672]
[11.74041]
[9.857343]
[9.054431]
[8.777764]
[8.566816]
[8.237321]
[7.8506274]
[8.2354145]
[8.25231]
[8.260025]
[7.899005]
[8.101575]
[7.9662557]
[7.8195233][10.25]
[9.45]
[13.02]
[10.69]
[5.31]
[5.25]
[5.26]
[5.31]
[5.31]
[5.3]
[5.29]
[5.3]
[9.25]
[9.31]
[9.28]
[9.29]
[9.27]
[9.26]
[9.25]
[9.26]
[9.26]
[9.27]
[9.25]
[9.25]
[9.32]
[9.28]
[9.26]
[9.22]
[9.21]
[9.23]
[9.23]
[9.06]
[9.24]
[9.25]
[9.24]
[9.29]
[9.55]
[9.28]
[9.27]
[9.27]
[9.25]
[9.24]
[9.28]
[12.21]
[12.29]
[12.32]
[12.27]
[12.3]
[12.29]
[12.25]
[12.25]
[12.25]
[12.29]
[12.3]
[12.3]
[12.31]
[12.36]
[12.34]
[12.35]
[12.36]
[12.37]
[12.39]
[12.39]
[12.4]
[12.36]
[12.39]
[12.4]
[12.41]
[12.52]
[12.25]
[12.25]
[12.03]
[12.31]
[26.75]
[15.2]
[15.05]
[15.12]
[15.03]
[15.09]
[15.17]
[15.22]
[15.41]
[15.4]
[15.43]
[15.24]
[15.14]
[15.08]
[15.29]
[15.3]
[15.23]
[15.22]
[15.17]
[15.21]
[15.24]
[15.21]
[15.26]
[15.09]
[15.03]
[14.94]
[15.09]
[15.28]
[15.3]
[15.52]
[15.38]
[15.46]
[15.26]
[15.55]
[15.54]
[15.27]
[22.36]
[17.87]
[15.85]
[42.75]
[82.22]
[94.05]
[93.25]
[90.97]
[55.68]
[49.63]
[58.09]
[56.67]
[54.59]
[53.59]
[58.05]
[53.08]
[41.74]
[57.88]
[58.89]
[56.17]
[56.45]
[59.98]
[24.57]
[23.68]
[48.95]
[58.59]
[52.66]
[61.65]
[55.39]
[15.63]
[15.57]
[49.45]
[48.02]
[57.5]
[95.04]
[91.35]
[127.12]
[159.08]
[215.85]
[192.9]
[144.63]
[136.75]
[131.02]
[99.64]
[86.83]
[129.19]
[131.03]
[129.73]
[130.49]
[130.52]
[92.3]
[87.76]
[90.33]
[91.84]
[90.24]
[92.4]
[96.82]
[52.74]
[45.22]
[55.96]
[60.38]
[51.61]
[55.5]
[62.81]
[54.04]
[56.12]
[53.08]
[60.33]
[38.11]
[64.66]
[62.07]
[50.21]
[45.53]
[67.12]
[58.52]
[53.52]
[50.52]
[53.77]
[41.06]
[38.17]
[35.45]
[50.08]
[57.71]
[43.73]
[61.41]
[54.5]
[42.43]
[96.98]
[93.31]
[95.73]
[93.08]
[91.61]
[94.94]
[85.74]
[88.4]
[98.74]
[90.94]
[95.37]
[98.5]
[45.13]
[47.61]
[67.66]
[39.1]
[71.69]
[37.29]
[69.59]
[19.53]
[12.7]
[49.99]
[27.12]
[31.05]
[19.21]
[28.46]
[14.31]
[9.94]
[17.83]
[28.86]
[44.83]
[46.46]
[52.06]
[24.01]
[9.42]
[50.97]
[57.23]
[44.2]
[37.8]
[12.15]
[9.41]
[10.47]
[20.43]
[33.31]
[48.25]
[44.01]
[55.45]
[12.7]
[10.36]
[51.64]
[50.92]
[50.38]
[49.93]
[49.1]
[13.79]
[10.13]
[29.22]
[34.2]
[23.2]
[39.35]
[38.77]
[14.08]
[10.2]
[32.49]
[35.58]
[33.86]
[32.24]
[29.9]
[23.23]
[16.87]
[24.9]
[28.37]
[17.49]
[16.74]
[47.53]
[16.06]
[15.03]
[32.65]
[36.66]
[33.79]
[32.62]
[31.6]
[12.79]
[8.68]
[29.3]
[28.48]
[33.01]
[32.79]
[29.71]
[12.11]
[7.79]
[7.39]
[5.3]
[5.33]
[5.36]
[5.41]
[5.44]
[5.46]
[5.48]
[5.51]
[5.52]
[5.54]
[5.55]
[5.56]
[5.57]
[5.58]
[5.41]
[5.59]
[5.59]
[5.59]
[5.59]
[5.59]
[5.59]
[5.52]
[9.82]
[15.53]
[16.95]
[20.82]
[11.7]
[14.18]
[15.4]
[23.39]
[19.41]
[16.47]
[11.42]
[6.71]
[12.54]
[12.67]
[10.63]
[11.37]
[12.05]
[14.44]
[14.47]
[12.32]
[14.46]
[13.82]
[14.57]
[14.58]
[8.47]
[14.78]
[14.81]
[14.47]
[5.31]
[5.31]
[5.29]
[6.65]
[12.03]
[10.97]
[11.68]
[7.09]
[5.32]
[5.32]
[5.33]
[5.32]
[5.32]
[7.66]
[5.32]
[5.32]
[5.32]
[5.29]
[5.21]
[5.09]
[5.1]
[5.1]
[5.1]
[5.11]
[5.11]
[5.1]
[5.12]
[5.22]
[5.48]
[5.49]
[5.27]
[5.12]
[5.13]
[5.12]
[5.12]
[5.11]
[5.16]
[8.76]
[8.76]
[8.94]
[8.95]
[8.95]
[10.8]
[10.34]
[8.93]
[12.82]
[12.41]
[9.78]
[12.71]
[13.05]
[9.78]
[9.61]
[13.47]
[13.71]
[13.82]
[13.8]
[20.11]
[12.1]
[10.21]
[15.44]
[19.36]
[24.22]
[16.35]
[13.82]
[12.91]
[11.05]
[11.21]
[12.63]
[12.73]
[13.93]
[14.]
[12.75]
[12.72]
[14.06]
[13.64]
[13.18]
[14.13]
[14.47]
[12.97]
[12.08]
[13.53]
[13.92]
[14.]
[14.03]
[13.47]
[12.53]
[12.61]
[12.89]
[13.87]
[13.64]
[12.29]
[13.75]
[12.77]
[12.77]
[13.97]
[13.97]
[12.95]
[15.58]
[14.78]
[14.97]
[14.82]
[14.67]
[14.69]
[14.7]
[14.81]
[14.7]
[17.5]
[18.04]
[19.37]
[14.58]
[14.62]
[14.69]
[14.75]
[14.6]
[14.39]
[14.42]
[14.49]
[14.55]
[14.59]
[14.62]
[14.6]
[14.31]
[14.23]
[14.12]
[14.15]
[14.3]
[14.52]
[14.49]
[14.43]
[14.23]
[14.17]
[14.28]
[14.37]
[14.29]
[14.2]
[14.09]
[14.11]
[14.23]
[14.04]
[14.13]
[14.15]
[14.07]
[14.02]
[13.88]
[13.88]
[13.78]
[13.82]
[13.92]
[14.08]
[13.97]
[13.86]
[13.82]
[13.83]
[13.99]
[14.01]
[13.84]
[13.78]
[13.71]
[13.96]
[14.1]
[13.99]
[13.72]
[16.98]
[13.92]
[13.67]
[13.53]
[13.42]
[13.41]
[13.36]
[14.17]
[14.52]
[14.48]
[14.44]
[14.41]
[14.38]
[14.37]
[14.35]
[14.34]
[14.31]
[15.25]
[14.32]
[14.31]
[14.29]
[14.29]
[14.58]
[14.56]
[12.15]
[11.95]
[11.88]
[11.87]
[11.82]
[13.39]
[11.95]
[11.94]
[11.89]
[11.86]
[11.86]
[11.84]
[11.83]
[11.81]
[11.86]
[11.86]
[11.8]
[11.8]
[11.79]
[11.78]
[11.77]
[11.96]
[11.94]
[11.9]
[11.85]
[11.35]
[11.83]
[11.8]
[12.]
[12.06]
[12.03]
[9.66]
[9.6]
[9.59]
[9.63]
[9.74]
[9.73]
[9.68]
[9.68]
[9.7]
[9.68]
[9.68]
[9.67]
[9.67]
[9.73]
[9.77]
[9.75]
[9.77]
[9.77]
[9.77]
[9.74]
[9.74]
[9.73]
[9.72]
[9.75]
[9.75]
[9.79]
[9.77]
[9.77]
[9.78]
[9.77]
[9.09]
[9.09]
[8.91]
[8.69]
[8.69]
[8.66]
[8.69]
[8.7]
[8.7]
[8.66]
[8.67]
[8.77]
[8.78]
[8.78]
[8.77]
[8.78]
[8.77]
[8.74]
[8.74]
[8.77]
[8.77]
[8.77]
[8.76]
[8.77]
[8.76]
[8.77]
[8.77]
[8.76]
[8.76]
[8.77]
[8.71]
[8.26]
[8.23]
[8.06]
[8.02]
[8.01]
[8.04]
[8.06]
[8.04]
[8.05]
[8.06]
[8.05]
[8.05]
[8.07]
[8.07]
[8.06]
[8.04]
[8.08]
[8.07]
[8.07]
[8.03]
[8.1]
[8.09]
[8.1]
[8.11]
[8.1]
[8.11]
[8.12]
[8.11]
[8.11]
[8.13]
[6.13]
[6.11]
[5.91]
[5.29]
[5.35]
[5.29]
[5.31]
[5.3]
[5.3]
[5.3]
[5.31]
[5.3]
[5.27]
[5.29]
[5.29]
[5.29]
[5.3]
[5.3]
[5.34]
[5.31]
[5.31]
[5.32]
[5.32]
[5.31]
[5.33]
[5.32]
[5.32]
[5.31]
[5.33]
[5.32]
[5.34]
[5.34]
[5.89]
[5.74]
[5.51]
[5.5]
[7.49]
[7.16]
[5.55]
[5.56]
[5.48]
[5.43]
[5.41]
[5.42]
[5.48]
[5.44]
[5.44]
[5.44]
[7.99]
[5.37]
[5.4]
[5.41]
[5.38]
[5.38]
[5.39]
[5.38]
[5.38]
[5.43]
[5.4]
[5.41]
[5.42]
[5.41]
[5.41]
[5.41]
[5.41]
[5.42]
[5.44]
[5.44]
[5.45]
[5.47]
[5.47]
[5.4]
[5.42]
[5.44]
[5.46]
[5.47]
[5.46]
[5.46]
[5.47]
[5.47]
[5.42]
[5.48]
[5.49]
[5.48]
[5.46]
[5.46]
[5.5]
[5.51]
[5.48]
[5.46]
[9.04]
[9.13]
[9.13]
[9.16]
[9.17]
[9.17]
[9.19]
[9.21]
[9.24]
[9.24]
[9.22]
[9.2]
[9.27]
[9.28]
[9.28]
[9.29]
[9.32]
[9.33]
[9.33]
[9.34]
[9.36]
[9.37]
[9.38]
[9.41]
[9.41]
[9.41]
[9.41]
[9.42]
[9.83]
[9.49]
[9.52]
[12.18]
[12.29]
[12.29]
[12.33]
[12.37]
[12.42]
[12.45]
[12.39]
[15.27]
[16.55]
[14.11]
[12.06]
[12.15]
[12.22]
[12.2]
[14.89]
[12.24]
[12.29]
[12.3]
[12.82]
[12.19]
[12.16]
[12.29]
[12.32]
[12.3]
[12.41]
[12.47]
[12.46]
[12.66]
[12.65]
[14.68]
[15.59]
[15.66]
[15.62]
[15.61]
[15.62]
[15.55]
[15.55]
[15.53]
[15.48]
[15.58]
[15.63]
[15.67]
[15.73]
[15.76]
[15.69]
[15.74]
[15.74]
[15.7]
[15.75]
[15.81]
[15.74]
[15.69]
[15.67]
[15.67]
[15.69]
[15.71]
[15.78]
[15.82]
[15.85]
[15.84]
[15.82]
[15.81]
[15.68]
[15.65]
[15.45]
[15.76]
[15.72]
[15.72]
[15.72]
[15.86]
[15.62]
[15.55]
[15.84]
[15.47]
[15.85]
[15.91]
[15.89]
[15.6]
[15.96]
[15.99]
[15.84]
[15.77]
[15.99]
[15.57]
[15.56]
[15.78]
[15.69]
[15.67]
[15.63]
[15.75]
[15.5]
[15.92]
[15.96]
[15.99]
[16.2]
[15.99]
[15.99]
[15.96]
[15.93]
[15.94]
[15.96]
[15.89]
[15.75]
[15.57]
[14.85]
[16.98]
[17.18]
[17.15]
[16.64]
[16.94]
[16.89]
[16.85]
[16.85]
[16.82]
[22.09]
[48.14]
[54.09]
[52.25]
[50.82]
[26.21]
[24.32]
[46.38]
[54.6]
[55.32]
[58.59]
[42.22]
[59.61]
[52.27]
[91.07]
[134.99]
[99.13]
[93.08]
[89.49]
[90.15]
[90.7]
[92.91]
[90.54]
[92.41]
[91.17]
[89.85]
[54.37]
[55.31]
[91.98]
[89.63]
[92.51]
[92.65]
[53.92]
[58.15]
[118.86]
[121.02]
[128.01]
[129.11]
[130.04]
[130.07]
[129.96]
[130.52]
[93.73]
[94.19]
[93.43]
[94.32]
[94.03]
[49.04]
[42.92]
[63.69]
[56.03]
[54.7]
[38.34]
[11.79]
[11.72]
[12.96]
[33.11]
[57.23]
[47.44]
[52.93]
[38.46]
[13.38]
[10.84]
[32.12]
[12.86]
[13.04]
[11.96]
[9.06]
[9.09]
[9.87]
[13.99]
[13.87]
[12.77]
[11.54]
[13.62]
[10.08]
[9.89]
[11.66]
[11.41]
[10.97]
[12.27]
[12.58]
[13.52]
[14.11]
[18.19]
[19.12]
[13.6]
[13.55]
[13.48]
[13.43]
[13.64]
[13.07]
[13.76]
[13.75]
[12.85]
[13.71]
[11.22]
[9.92]
[11.7]
[12.05]
[15.5]
[15.5]
[20.41]
[11.86]
[11.21]
[12.16]
[10.03]
[8.58]
[11.93]
[24.96]
[9.81]
[9.12]
[11.89]
[11.97]
[19.72]
[18.14]
[16.04]
[11.71]
[13.74]
[39.18]
[46.43]
[42.22]
[40.7]
[29.17]
[11.6]
[7.7]
[7.77]
[5.18]
[5.21]
[5.24]
[5.27]
[5.28]
[5.29]
[5.31]
[5.33]
[5.34]
[5.35]
[5.36]
[5.37]
[5.38]
[5.39]