0.8926010389067086, 0.8976662871329579, -6.359642971582027, 199.49057718018406[14.212374]
[11.355908]
[9.890144]
[11.730046]
[10.87907]
[7.462659]
[6.9691963]
[6.9227123]
[7.041924]
[6.928266]
[6.81718]
[6.8920507]
[6.6916943]
[9.061332]
[9.412841]
[9.56484]
[9.677432]
[9.99356]
[11.428809]
[13.558475]
[12.439766]
[11.098659]
[10.703171]
[10.535792]
[10.43345]
[10.406709]
[10.399689]
[10.30012]
[10.221716]
[9.980829]
[10.049701]
[10.139423]
[10.135789]
[10.360249]
[10.249309]
[10.147768]
[10.201332]
[10.351653]
[13.612336]
[11.525462]
[10.816928]
[11.457063]
[11.94628]
[11.76275]
[13.058063]
[13.142268]
[12.996567]
[12.98711]
[13.016899]
[13.433885]
[13.858912]
[13.676792]
[13.257109]
[13.143434]
[13.040977]
[12.900442]
[12.905976]
[12.927953]
[12.833948]
[12.769036]
[12.780185]
[12.770865]
[12.709504]
[12.735668]
[12.818644]
[12.88741]
[13.423111]
[13.773245]
[13.427847]
[13.3956585]
[15.84804]
[10.953617]
[12.284344]
[12.8923645]
[35.969353]
[19.26279]
[14.23417]
[14.445234]
[14.329519]
[14.378073]
[14.513931]
[14.546608]
[14.577217]
[14.546838]
[14.630499]
[14.482849]
[14.4943695]
[14.692478]
[14.9029]
[14.813097]
[14.804454]
[14.910824]
[15.351796]
[15.384263]
[15.001265]
[15.011793]
[15.079976]
[14.839229]
[14.699329]
[14.492726]
[14.85458]
[15.551456]
[15.47166]
[15.681996]
[15.946145]
[15.8845]
[24.539557]
[26.282024]
[22.058363]
[35.81178]
[53.523834]
[47.42559]
[71.94219]
[73.69933]
[81.85647]
[93.88108]
[129.04016]
[94.84091]
[71.98268]
[59.56115]
[62.0456]
[59.81559]
[55.067863]
[51.572865]
[52.81437]
[49.963375]
[42.492928]
[49.300575]
[51.813087]
[49.257904]
[50.631622]
[53.063583]
[35.55824]
[32.53211]
[43.546852]
[48.647343]
[45.703125]
[48.601456]
[45.152092]
[27.878262]
[26.501083]
[46.23142]
[50.90938]
[69.16741]
[99.576096]
[138.79033]
[153.58098]
[170.60362]
[198.46158]
[176.84676]
[144.27704]
[135.76797]
[122.97224]
[101.48364]
[85.84587]
[107.22723]
[113.32978]
[115.090576]
[117.76951]
[123.86146]
[104.978096]
[95.774254]
[91.73349]
[91.01886]
[88.88202]
[88.27054]
[91.992485]
[70.088745]
[64.11317]
[71.53054]
[72.057]
[68.518875]
[67.67826]
[68.791466]
[60.937733]
[58.091824]
[54.75864]
[56.38507]
[44.74101]
[54.358757]
[55.59909]
[50.448822]
[47.916866]
[56.1844]
[51.766006]
[47.063545]
[44.2767]
[45.76282]
[43.865482]
[44.90697]
[46.65232]
[59.015606]
[66.82413]
[59.52338]
[64.46148]
[57.615383]
[54.509037]
[89.28155]
[92.19341]
[88.32088]
[82.58482]
[79.047615]
[80.17454]
[78.6185]
[82.25918]
[91.06338]
[88.74423]
[94.239746]
[97.18424]
[71.469826]
[67.641464]
[75.029175]
[58.278915]
[70.906296]
[53.166973]
[63.38272]
[41.351204]
[33.36285]
[47.406673]
[39.201782]
[37.67924]
[32.329487]
[34.35883]
[28.697622]
[24.384274]
[27.423376]
[31.518703]
[37.37613]
[38.65191]
[42.41924]
[34.578552]
[26.396572]
[42.852882]
[47.87543]
[42.304718]
[40.70781]
[30.49421]
[28.63202]
[28.40753]
[30.305593]
[33.99414]
[39.323036]
[38.51359]
[42.117973]
[26.527653]
[22.493544]
[38.993004]
[39.7014]
[40.46392]
[39.807724]
[38.178383]
[26.791683]
[23.378077]
[32.421623]
[34.31517]
[29.27046]
[33.441517]
[33.61113]
[22.88882]
[17.792019]
[28.39836]
[31.125223]
[29.903437]
[28.756023]
[27.282604]
[23.723671]
[19.733826]
[23.834646]
[26.512327]
[22.38359]
[23.326601]
[39.29542]
[26.37904]
[21.084547]
[28.508177]
[31.000843]
[29.613724]
[28.550726]
[27.190632]
[17.107302]
[11.735988]
[23.707588]
[24.441618]
[26.471336]
[26.97483]
[25.604565]
[15.347745]
[10.560348]
[9.97124]
[8.677713]
[8.407554]
[8.431111]
[8.728079]
[8.823491]
[8.519162]
[8.338692]
[8.271042]
[8.29244]
[8.263981]
[8.153905]
[8.041314]
[7.9693527]
[7.9759283]
[7.8737545]
[7.8652577]
[7.8071313]
[7.690538]
[7.690538]
[7.690538]
[7.690538]
[7.5171776]
[9.530109]
[14.850999]
[14.825075]
[16.551958]
[12.163483]
[12.410282]
[13.55213]
[17.86864]
[16.743814]
[14.671661]
[11.538805]
[8.434873]
[10.842351]
[11.846397]
[10.417343]
[10.551639]
[11.17289]
[12.608754]
[12.923549]
[11.7321825]
[12.504943]
[19.654007]
[14.760499]
[13.108246]
[9.921995]
[12.494227]
[13.589783]
[13.137605]
[8.025462]
[7.0708385]
[7.1909018]
[7.7248898]
[10.8896055]
[10.939737]
[10.997548]
[8.461295]
[6.9842196]
[6.890122]
[6.9526896]
[6.842643]
[6.917969]
[8.02185]
[7.122364]
[6.808281]
[6.725064]
[6.9029064]
[6.64602]
[7.053304]
[7.2620378]
[7.85782]
[7.6053715]
[7.3308887]
[7.2359295]
[7.0159073]
[7.026532]
[6.9881225]
[7.1484523]
[7.0795097]
[7.22871]
[6.9350944]
[7.15404]
[6.914472]
[7.032501]
[7.025888]
[6.952675]
[9.00067]
[9.277805]
[14.026789]
[10.417847]
[9.582021]
[10.435048]
[10.593138]
[9.402947]
[12.313287]
[12.022473]
[10.249211]
[11.572233]
[12.412576]
[10.558107]
[10.148471]
[12.745451]
[13.310918]
[13.371545]
[12.894348]
[17.496931]
[12.938012]
[10.679548]
[13.532838]
[17.478846]
[20.515064]
[15.777865]
[13.0240965]
[12.160466]
[11.042546]
[10.881198]
[11.831555]
[12.089631]
[12.688483]
[13.027031]
[12.324191]
[12.168595]
[12.948272]
[12.90141]
[12.626556]
[13.354285]
[13.637588]
[12.579738]
[11.947074]
[12.879197]
[13.200198]
[13.050678]
[12.881851]
[12.591354]
[11.976903]
[11.931701]
[12.309194]
[14.055416]
[14.163343]
[12.437046]
[13.325993]
[13.853956]
[13.648915]
[13.747043]
[13.580234]
[12.766846]
[14.251921]
[13.945936]
[13.790785]
[13.72025]
[13.581744]
[13.463363]
[13.34942]
[13.394191]
[13.326957]
[14.800774]
[17.270897]
[16.498043]
[13.279858]
[12.840845]
[13.106023]
[13.410015]
[13.435862]
[13.347077]
[13.004357]
[12.83495]
[12.73885]
[12.740578]
[12.692065]
[12.594881]
[12.353006]
[12.184125]
[12.02109]
[11.96781]
[12.057433]
[12.15642]
[12.107823]
[12.073513]
[12.0251465]
[11.926992]
[11.920795]
[12.019581]
[11.902415]
[11.753137]
[11.672781]
[11.667638]
[11.760997]
[11.656728]
[11.683548]
[11.784003]
[11.860298]
[11.746272]
[11.563327]
[11.602041]
[11.427158]
[11.355722]
[11.4900255]
[11.567366]
[11.4608345]
[11.363604]
[11.308682]
[11.173914]
[11.020652]
[11.305317]
[11.405411]
[11.368733]
[11.428409]
[11.73497]
[12.361906]
[13.049302]
[18.76725]
[19.53961]
[33.485394]
[21.680859]
[16.257174]
[15.403518]
[15.1182]
[15.8067]
[16.16293]
[16.133053]
[16.149569]
[16.029613]
[15.861492]
[15.3813305]
[15.114478]
[15.135299]
[15.031722]
[14.774118]
[15.282598]
[14.590213]
[14.471158]
[14.415584]
[14.48044]
[13.949836]
[14.397787]
[13.314673]
[12.764697]
[13.144985]
[13.8505945]
[13.638935]
[14.635236]
[13.592716]
[13.56617]
[13.343185]
[13.2699995]
[13.179356]
[12.839249]
[13.1215]
[13.237671]
[13.220838]
[13.067426]
[12.990479]
[12.972183]
[12.8955555]
[12.729608]
[12.597715]
[12.819447]
[14.490922]
[15.082419]
[14.986442]
[15.366934]
[14.216594]
[14.424886]
[14.3726225]
[14.154049]
[13.600243]
[12.255557]
[13.160555]
[12.976948]
[12.498861]
[12.513437]
[12.34092]
[12.302733]
[12.147612]
[12.118894]
[11.962092]
[11.845881]
[11.903673]
[11.719841]
[11.761668]
[11.680975]
[11.663623]
[11.652732]
[11.613752]
[11.5352545]
[11.463352]
[11.369844]
[11.312703]
[11.214433]
[11.171351]
[11.176727]
[11.204429]
[11.111705]
[11.04096]
[11.135246]
[11.093576]
[10.789634]
[10.762331]
[10.620187]
[10.36077]
[10.233357]
[10.372482]
[10.510369]
[10.438895]
[10.300808]
[10.120966]
[10.265639]
[10.2560425]
[11.856785]
[12.331921]
[11.795986]
[11.404429]
[11.063394]
[10.843969]
[10.693509]
[10.557768]
[10.597649]
[10.48027]
[10.355354]
[10.349124]
[10.1699915]
[10.142361]
[10.53721]
[10.882937]
[10.7331505]
[10.910046]
[10.898336]
[10.310645]
[9.985002]
[9.79047]
[9.72131]
[9.611915]
[9.659632]
[9.728686]
[9.626689]
[9.483825]
[9.509117]
[9.476807]
[9.417809]
[9.424087]
[9.414086]
[9.332301]
[9.275197]
[9.320502]
[9.187963]
[9.16378]
[9.092109]
[9.002828]
[9.072809]
[8.92986]
[8.952501]
[8.99504]
[9.030088]
[8.9608345]
[9.126566]
[9.2565365]
[9.407573]
[8.203719]
[7.93485]
[7.721904]
[7.1754265]
[6.9917893]
[7.011827]
[6.9032555]
[6.986381]
[6.942839]
[6.8862042]
[6.9838667]
[6.86239]
[6.841287]
[6.8451304]
[6.7721095]
[6.750232]
[6.71617]
[6.5859103]
[6.7520823]
[6.6179633]
[6.671105]
[6.7596416]
[6.6484857]
[6.640074]
[6.6503143]
[6.643279]
[6.638625]
[6.6304426]
[6.63627]
[6.5611205]
[6.6220307]
[6.4623384]
[6.91068]
[6.7894993]
[9.892985]
[7.419846]
[7.953485]
[8.435011]
[6.872833]
[6.550061]
[6.5589213]
[6.508293]
[6.73121]
[6.5300283]
[6.6471224]
[6.526202]
[6.6247396]
[6.512911]
[8.344167]
[7.1094465]
[6.6120625]
[6.595507]
[6.579073]
[6.562919]
[6.5465674]
[6.3454175]
[6.470571]
[6.475053]
[8.196683]
[6.9163184]
[6.28857]
[6.472231]
[6.3702874]
[6.2630506]
[6.4325376]
[6.3509192]
[6.334176]
[6.41477]
[6.266081]
[6.291721]
[6.3386097]
[6.1931787]
[6.2693596]
[6.3040915]
[6.2924457]
[6.2034326]
[6.2759027]
[6.1733527]
[6.2568893]
[6.228548]
[6.2054205]
[6.1446223]
[6.1919656]
[6.212876]
[6.1144943]
[6.149283]
[6.1818075]
[6.0705185]
[6.1308904]
[6.0571427]
[8.702312]
[8.977357]
[9.14973]
[8.867252]
[9.071037]
[9.175488]
[9.069624]
[9.016118]
[9.489718]
[9.015019]
[9.326051]
[8.851565]
[9.1614275]
[8.689175]
[8.999375]
[9.037471]
[8.501094]
[8.373101]
[8.400107]
[8.360664]
[8.330751]
[8.283509]
[8.201654]
[8.398137]
[8.13512]
[8.479305]
[8.304673]
[7.9720955]
[8.507704]
[8.613553]
[8.577723]
[10.00036]
[10.283277]
[10.229608]
[10.628695]
[10.206303]
[10.51087]
[10.984688]
[11.000345]
[13.488146]
[14.3633]
[13.189377]
[10.625627]
[10.482122]
[10.49211]
[10.843189]
[12.6309]
[10.92184]
[10.389161]
[10.206461]
[10.277785]
[9.627937]
[9.356072]
[9.434838]
[9.90489]
[10.117599]
[10.42597]
[10.083729]
[9.449299]
[9.506805]
[9.498948]
[10.319091]
[10.85857]
[10.84705]
[10.437277]
[9.892289]
[9.457964]
[8.961111]
[8.847586]
[9.248223]
[15.3621]
[23.238846]
[19.035978]
[13.692109]
[15.131273]
[12.766653]
[14.601496]
[14.860205]
[14.77969]
[14.598486]
[14.282991]
[13.708483]
[13.411977]
[13.217526]
[12.858453]
[13.431091]
[16.025095]
[15.014745]
[15.109023]
[15.4699745]
[15.887894]
[16.295792]
[17.346844]
[18.001]
[18.127031]
[20.33213]
[20.42905]
[18.026026]
[18.119493]
[16.539312]
[17.095825]
[18.028414]
[16.933172]
[17.375425]
[17.820723]
[17.102262]
[17.532078]
[17.8003]
[17.482307]
[17.171364]
[17.113626]
[17.034382]
[16.874994]
[16.782776]
[16.76338]
[18.21715]
[19.690615]
[18.680117]
[17.943623]
[17.38313]
[16.892109]
[16.64827]
[16.587671]
[16.924145]
[17.022635]
[18.49627]
[18.210432]
[17.308397]
[16.988699]
[16.76486]
[17.388763]
[17.172369]
[18.058067]
[18.660505]
[26.563864]
[28.590435]
[22.224953]
[34.796272]
[33.212936]
[26.109552]
[26.916416]
[23.040924]
[8.774596]
[18.249233]
[20.35679]
[19.948765]
[23.039158]
[37.73334]
[43.842766]
[52.189037]
[57.166206]
[48.13185]
[44.66056]
[58.202744]
[66.06057]
[65.3809]
[64.353806]
[56.705223]
[70.28164]
[83.20781]
[92.87663]
[122.16644]
[110.449585]
[111.50383]
[102.461]
[99.67746]
[95.98928]
[96.458466]
[92.69539]
[90.165215]
[86.86577]
[84.99874]
[68.64262]
[69.85897]
[85.75905]
[85.508705]
[85.26374]
[87.352165]
[76.95453]
[83.91456]
[106.69188]
[118.523056]
[130.54715]
[129.70178]
[125.1345]
[125.16799]
[126.52598]
[123.2067]
[99.86288]
[97.15965]
[93.947464]
[93.6355]
[91.93756]
[63.188934]
[52.96536]
[60.99915]
[57.317234]
[53.905293]
[44.615517]
[30.666214]
[27.746311]
[27.854319]
[35.78241]
[46.620388]
[43.07949]
[44.55842]
[38.32786]
[25.768167]
[21.61526]
[32.634182]
[25.29768]
[22.430182]
[21.896923]
[19.564663]
[18.89347]
[18.732012]
[20.846315]
[20.767029]
[19.659786]
[18.539392]
[19.247454]
[17.46753]
[16.920359]
[18.309813]
[18.215027]
[17.477243]
[17.810947]
[17.820211]
[17.97256]
[18.20344]
[19.992382]
[20.552677]
[17.295872]
[16.69488]
[17.473202]
[18.116915]
[18.209394]
[17.466225]
[17.365557]
[17.293852]
[16.536303]
[16.94842]
[15.381795]
[14.177297]
[15.277228]
[16.491436]
[18.911276]
[19.348965]
[21.996712]
[18.547201]
[18.197695]
[18.8272]
[17.321678]
[15.354398]
[16.607327]
[22.902569]
[16.007463]
[13.4206915]
[14.847806]
[14.986258]
[18.503784]
[18.509579]
[16.731628]
[14.147774]
[14.296461]
[25.695877]
[30.405329]
[29.828306]
[28.420753]
[24.104328]
[15.943271]
[11.908779]
[14.370274]
[11.329348]
[10.566292]
[9.885842]
[9.504784]
[8.818483]
[8.65666]
[8.457231]
[9.05926]
[8.559069]
[8.668863]
[8.30401]
[8.447421]
[8.309157][10.25]
[9.45]
[13.02]
[10.69]
[5.31]
[5.25]
[5.26]
[5.31]
[5.31]
[5.3]
[5.29]
[5.3]
[9.25]
[9.31]
[9.28]
[9.29]
[9.27]
[9.26]
[9.25]
[9.26]
[9.26]
[9.27]
[9.25]
[9.25]
[9.32]
[9.28]
[9.26]
[9.22]
[9.21]
[9.23]
[9.23]
[9.06]
[9.24]
[9.25]
[9.24]
[9.29]
[9.55]
[9.28]
[9.27]
[9.27]
[9.25]
[9.24]
[9.28]
[12.21]
[12.29]
[12.32]
[12.27]
[12.3]
[12.29]
[12.25]
[12.25]
[12.25]
[12.29]
[12.3]
[12.3]
[12.31]
[12.36]
[12.34]
[12.35]
[12.36]
[12.37]
[12.39]
[12.39]
[12.4]
[12.36]
[12.39]
[12.4]
[12.41]
[12.52]
[12.25]
[12.25]
[12.03]
[12.31]
[26.75]
[15.2]
[15.05]
[15.12]
[15.03]
[15.09]
[15.17]
[15.22]
[15.41]
[15.4]
[15.43]
[15.24]
[15.14]
[15.08]
[15.29]
[15.3]
[15.23]
[15.22]
[15.17]
[15.21]
[15.24]
[15.21]
[15.26]
[15.09]
[15.03]
[14.94]
[15.09]
[15.28]
[15.3]
[15.52]
[15.38]
[15.46]
[15.26]
[15.55]
[15.54]
[15.27]
[22.36]
[17.87]
[15.85]
[42.75]
[82.22]
[94.05]
[93.25]
[90.97]
[55.68]
[49.63]
[58.09]
[56.67]
[54.59]
[53.59]
[58.05]
[53.08]
[41.74]
[57.88]
[58.89]
[56.17]
[56.45]
[59.98]
[24.57]
[23.68]
[48.95]
[58.59]
[52.66]
[61.65]
[55.39]
[15.63]
[15.57]
[49.45]
[48.02]
[57.5]
[95.04]
[91.35]
[127.12]
[159.08]
[215.85]
[192.9]
[144.63]
[136.75]
[131.02]
[99.64]
[86.83]
[129.19]
[131.03]
[129.73]
[130.49]
[130.52]
[92.3]
[87.76]
[90.33]
[91.84]
[90.24]
[92.4]
[96.82]
[52.74]
[45.22]
[55.96]
[60.38]
[51.61]
[55.5]
[62.81]
[54.04]
[56.12]
[53.08]
[60.33]
[38.11]
[64.66]
[62.07]
[50.21]
[45.53]
[67.12]
[58.52]
[53.52]
[50.52]
[53.77]
[41.06]
[38.17]
[35.45]
[50.08]
[57.71]
[43.73]
[61.41]
[54.5]
[42.43]
[96.98]
[93.31]
[95.73]
[93.08]
[91.61]
[94.94]
[85.74]
[88.4]
[98.74]
[90.94]
[95.37]
[98.5]
[45.13]
[47.61]
[67.66]
[39.1]
[71.69]
[37.29]
[69.59]
[19.53]
[12.7]
[49.99]
[27.12]
[31.05]
[19.21]
[28.46]
[14.31]
[9.94]
[17.83]
[28.86]
[44.83]
[46.46]
[52.06]
[24.01]
[9.42]
[50.97]
[57.23]
[44.2]
[37.8]
[12.15]
[9.41]
[10.47]
[20.43]
[33.31]
[48.25]
[44.01]
[55.45]
[12.7]
[10.36]
[51.64]
[50.92]
[50.38]
[49.93]
[49.1]
[13.79]
[10.13]
[29.22]
[34.2]
[23.2]
[39.35]
[38.77]
[14.08]
[10.2]
[32.49]
[35.58]
[33.86]
[32.24]
[29.9]
[23.23]
[16.87]
[24.9]
[28.37]
[17.49]
[16.74]
[47.53]
[16.06]
[15.03]
[32.65]
[36.66]
[33.79]
[32.62]
[31.6]
[12.79]
[8.68]
[29.3]
[28.48]
[33.01]
[32.79]
[29.71]
[12.11]
[7.79]
[7.39]
[5.3]
[5.33]
[5.36]
[5.41]
[5.44]
[5.46]
[5.48]
[5.51]
[5.52]
[5.54]
[5.55]
[5.56]
[5.57]
[5.58]
[5.41]
[5.59]
[5.59]
[5.59]
[5.59]
[5.59]
[5.59]
[5.52]
[9.82]
[15.53]
[16.95]
[20.82]
[11.7]
[14.18]
[15.4]
[23.39]
[19.41]
[16.47]
[11.42]
[6.71]
[12.54]
[12.67]
[10.63]
[11.37]
[12.05]
[14.44]
[14.47]
[12.32]
[14.46]
[13.82]
[14.57]
[14.58]
[8.47]
[14.78]
[14.81]
[14.47]
[5.31]
[5.31]
[5.29]
[6.65]
[12.03]
[10.97]
[11.68]
[7.09]
[5.32]
[5.32]
[5.33]
[5.32]
[5.32]
[7.66]
[5.32]
[5.32]
[5.32]
[5.29]
[5.21]
[5.09]
[5.1]
[5.1]
[5.1]
[5.11]
[5.11]
[5.1]
[5.12]
[5.22]
[5.48]
[5.49]
[5.27]
[5.12]
[5.13]
[5.12]
[5.12]
[5.11]
[5.16]
[8.76]
[8.76]
[8.94]
[8.95]
[8.95]
[10.8]
[10.34]
[8.93]
[12.82]
[12.41]
[9.78]
[12.71]
[13.05]
[9.78]
[9.61]
[13.47]
[13.71]
[13.82]
[13.8]
[20.11]
[12.1]
[10.21]
[15.44]
[19.36]
[24.22]
[16.35]
[13.82]
[12.91]
[11.05]
[11.21]
[12.63]
[12.73]
[13.93]
[14.]
[12.75]
[12.72]
[14.06]
[13.64]
[13.18]
[14.13]
[14.47]
[12.97]
[12.08]
[13.53]
[13.92]
[14.]
[14.03]
[13.47]
[12.53]
[12.61]
[12.89]
[13.87]
[13.64]
[12.29]
[13.75]
[12.77]
[12.77]
[13.97]
[13.97]
[12.95]
[15.58]
[14.78]
[14.97]
[14.82]
[14.67]
[14.69]
[14.7]
[14.81]
[14.7]
[17.5]
[18.04]
[19.37]
[14.58]
[14.62]
[14.69]
[14.75]
[14.6]
[14.39]
[14.42]
[14.49]
[14.55]
[14.59]
[14.62]
[14.6]
[14.31]
[14.23]
[14.12]
[14.15]
[14.3]
[14.52]
[14.49]
[14.43]
[14.23]
[14.17]
[14.28]
[14.37]
[14.29]
[14.2]
[14.09]
[14.11]
[14.23]
[14.04]
[14.13]
[14.15]
[14.07]
[14.02]
[13.88]
[13.88]
[13.78]
[13.82]
[13.92]
[14.08]
[13.97]
[13.86]
[13.82]
[13.83]
[13.99]
[14.01]
[13.84]
[13.78]
[13.71]
[13.96]
[14.1]
[13.99]
[13.72]
[16.98]
[13.92]
[13.67]
[13.53]
[13.42]
[13.41]
[13.36]
[14.17]
[14.52]
[14.48]
[14.44]
[14.41]
[14.38]
[14.37]
[14.35]
[14.34]
[14.31]
[15.25]
[14.32]
[14.31]
[14.29]
[14.29]
[14.58]
[14.56]
[12.15]
[11.95]
[11.88]
[11.87]
[11.82]
[13.39]
[11.95]
[11.94]
[11.89]
[11.86]
[11.86]
[11.84]
[11.83]
[11.81]
[11.86]
[11.86]
[11.8]
[11.8]
[11.79]
[11.78]
[11.77]
[11.96]
[11.94]
[11.9]
[11.85]
[11.35]
[11.83]
[11.8]
[12.]
[12.06]
[12.03]
[9.66]
[9.6]
[9.59]
[9.63]
[9.74]
[9.73]
[9.68]
[9.68]
[9.7]
[9.68]
[9.68]
[9.67]
[9.67]
[9.73]
[9.77]
[9.75]
[9.77]
[9.77]
[9.77]
[9.74]
[9.74]
[9.73]
[9.72]
[9.75]
[9.75]
[9.79]
[9.77]
[9.77]
[9.78]
[9.77]
[9.09]
[9.09]
[8.91]
[8.69]
[8.69]
[8.66]
[8.69]
[8.7]
[8.7]
[8.66]
[8.67]
[8.77]
[8.78]
[8.78]
[8.77]
[8.78]
[8.77]
[8.74]
[8.74]
[8.77]
[8.77]
[8.77]
[8.76]
[8.77]
[8.76]
[8.77]
[8.77]
[8.76]
[8.76]
[8.77]
[8.71]
[8.26]
[8.23]
[8.06]
[8.02]
[8.01]
[8.04]
[8.06]
[8.04]
[8.05]
[8.06]
[8.05]
[8.05]
[8.07]
[8.07]
[8.06]
[8.04]
[8.08]
[8.07]
[8.07]
[8.03]
[8.1]
[8.09]
[8.1]
[8.11]
[8.1]
[8.11]
[8.12]
[8.11]
[8.11]
[8.13]
[6.13]
[6.11]
[5.91]
[5.29]
[5.35]
[5.29]
[5.31]
[5.3]
[5.3]
[5.3]
[5.31]
[5.3]
[5.27]
[5.29]
[5.29]
[5.29]
[5.3]
[5.3]
[5.34]
[5.31]
[5.31]
[5.32]
[5.32]
[5.31]
[5.33]
[5.32]
[5.32]
[5.31]
[5.33]
[5.32]
[5.34]
[5.34]
[5.89]
[5.74]
[5.51]
[5.5]
[7.49]
[7.16]
[5.55]
[5.56]
[5.48]
[5.43]
[5.41]
[5.42]
[5.48]
[5.44]
[5.44]
[5.44]
[7.99]
[5.37]
[5.4]
[5.41]
[5.38]
[5.38]
[5.39]
[5.38]
[5.38]
[5.43]
[5.4]
[5.41]
[5.42]
[5.41]
[5.41]
[5.41]
[5.41]
[5.42]
[5.44]
[5.44]
[5.45]
[5.47]
[5.47]
[5.4]
[5.42]
[5.44]
[5.46]
[5.47]
[5.46]
[5.46]
[5.47]
[5.47]
[5.42]
[5.48]
[5.49]
[5.48]
[5.46]
[5.46]
[5.5]
[5.51]
[5.48]
[5.46]
[9.04]
[9.13]
[9.13]
[9.16]
[9.17]
[9.17]
[9.19]
[9.21]
[9.24]
[9.24]
[9.22]
[9.2]
[9.27]
[9.28]
[9.28]
[9.29]
[9.32]
[9.33]
[9.33]
[9.34]
[9.36]
[9.37]
[9.38]
[9.41]
[9.41]
[9.41]
[9.41]
[9.42]
[9.83]
[9.49]
[9.52]
[12.18]
[12.29]
[12.29]
[12.33]
[12.37]
[12.42]
[12.45]
[12.39]
[15.27]
[16.55]
[14.11]
[12.06]
[12.15]
[12.22]
[12.2]
[14.89]
[12.24]
[12.29]
[12.3]
[12.82]
[12.19]
[12.16]
[12.29]
[12.32]
[12.3]
[12.41]
[12.47]
[12.46]
[12.66]
[12.65]
[14.68]
[15.59]
[15.66]
[15.62]
[15.61]
[15.62]
[15.55]
[15.55]
[15.53]
[15.48]
[15.58]
[15.63]
[15.67]
[15.73]
[15.76]
[15.69]
[15.74]
[15.74]
[15.7]
[15.75]
[15.81]
[15.74]
[15.69]
[15.67]
[15.67]
[15.69]
[15.71]
[15.78]
[15.82]
[15.85]
[15.84]
[15.82]
[15.81]
[15.68]
[15.65]
[15.45]
[15.76]
[15.72]
[15.72]
[15.72]
[15.86]
[15.62]
[15.55]
[15.84]
[15.47]
[15.85]
[15.91]
[15.89]
[15.6]
[15.96]
[15.99]
[15.84]
[15.77]
[15.99]
[15.57]
[15.56]
[15.78]
[15.69]
[15.67]
[15.63]
[15.75]
[15.5]
[15.92]
[15.96]
[15.99]
[16.2]
[15.99]
[15.99]
[15.96]
[15.93]
[15.94]
[15.96]
[15.89]
[15.75]
[15.57]
[14.85]
[16.98]
[17.18]
[17.15]
[16.64]
[16.94]
[16.89]
[16.85]
[16.85]
[16.82]
[22.09]
[48.14]
[54.09]
[52.25]
[50.82]
[26.21]
[24.32]
[46.38]
[54.6]
[55.32]
[58.59]
[42.22]
[59.61]
[52.27]
[91.07]
[134.99]
[99.13]
[93.08]
[89.49]
[90.15]
[90.7]
[92.91]
[90.54]
[92.41]
[91.17]
[89.85]
[54.37]
[55.31]
[91.98]
[89.63]
[92.51]
[92.65]
[53.92]
[58.15]
[118.86]
[121.02]
[128.01]
[129.11]
[130.04]
[130.07]
[129.96]
[130.52]
[93.73]
[94.19]
[93.43]
[94.32]
[94.03]
[49.04]
[42.92]
[63.69]
[56.03]
[54.7]
[38.34]
[11.79]
[11.72]
[12.96]
[33.11]
[57.23]
[47.44]
[52.93]
[38.46]
[13.38]
[10.84]
[32.12]
[12.86]
[13.04]
[11.96]
[9.06]
[9.09]
[9.87]
[13.99]
[13.87]
[12.77]
[11.54]
[13.62]
[10.08]
[9.89]
[11.66]
[11.41]
[10.97]
[12.27]
[12.58]
[13.52]
[14.11]
[18.19]
[19.12]
[13.6]
[13.55]
[13.48]
[13.43]
[13.64]
[13.07]
[13.76]
[13.75]
[12.85]
[13.71]
[11.22]
[9.92]
[11.7]
[12.05]
[15.5]
[15.5]
[20.41]
[11.86]
[11.21]
[12.16]
[10.03]
[8.58]
[11.93]
[24.96]
[9.81]
[9.12]
[11.89]
[11.97]
[19.72]
[18.14]
[16.04]
[11.71]
[13.74]
[39.18]
[46.43]
[42.22]
[40.7]
[29.17]
[11.6]
[7.7]
[7.77]
[5.18]
[5.21]
[5.24]
[5.27]
[5.28]
[5.29]
[5.31]
[5.33]
[5.34]
[5.35]
[5.36]
[5.37]
[5.38]
[5.39]