0.8966979631445314, 0.9040980128591838, -7.954006679645222, 195.64862006312848[14.566722]
[11.519297]
[10.169047]
[12.064469]
[11.049413]
[7.626325]
[7.2468824]
[7.254485]
[7.369103]
[7.2491403]
[7.1767416]
[7.2048635]
[7.0491934]
[9.492528]
[9.767971]
[9.872806]
[9.971779]
[11.685588]
[13.297931]
[13.730391]
[11.770945]
[11.409492]
[11.188623]
[10.902357]
[10.849664]
[10.756054]
[10.746242]
[10.65571]
[10.566374]
[10.340955]
[10.381594]
[10.462593]
[10.516517]
[10.761983]
[10.661712]
[10.529531]
[10.576507]
[11.124109]
[14.244164]
[11.6832905]
[11.464412]
[12.013947]
[12.16317]
[11.833325]
[13.324938]
[13.507678]
[13.429712]
[13.459128]
[13.442136]
[14.025286]
[14.104964]
[13.833486]
[13.4760685]
[13.634227]
[13.397764]
[13.406927]
[13.410761]
[13.408843]
[13.325139]
[13.236072]
[13.252892]
[13.196912]
[13.235797]
[13.166862]
[13.361972]
[13.401529]
[13.973578]
[14.020025]
[13.540861]
[13.876967]
[16.195055]
[11.153732]
[12.884601]
[13.326028]
[38.20727]
[18.796127]
[14.72652]
[14.977383]
[14.810386]
[14.924551]
[15.038131]
[15.128597]
[15.251784]
[15.111394]
[15.246004]
[15.199378]
[15.169675]
[15.386937]
[15.546901]
[15.3493185]
[15.478426]
[15.33353]
[15.950091]
[15.619878]
[15.3974085]
[15.625754]
[15.580542]
[15.397647]
[15.376158]
[14.956517]
[15.4577265]
[15.873156]
[15.487703]
[15.995823]
[16.148432]
[16.509262]
[20.436495]
[22.921871]
[21.867357]
[30.655693]
[53.512165]
[32.21437]
[67.971924]
[76.21806]
[86.46903]
[94.54051]
[129.02998]
[97.60755]
[71.03621]
[60.38636]
[61.96238]
[60.610165]
[56.102962]
[52.465103]
[53.046318]
[50.146084]
[42.35627]
[49.17465]
[51.858204]
[49.850407]
[49.428047]
[53.37256]
[33.247353]
[29.741453]
[44.074444]
[49.627243]
[45.737343]
[49.43578]
[45.549862]
[24.699625]
[26.182241]
[47.65335]
[48.824635]
[70.425446]
[101.88755]
[135.97559]
[161.51427]
[179.10774]
[208.03264]
[177.05899]
[145.8258]
[140.89255]
[128.5008]
[104.12488]
[88.4752]
[112.55853]
[117.60666]
[117.86245]
[121.508766]
[126.97906]
[105.24053]
[96.44935]
[92.9122]
[92.664314]
[90.23215]
[89.372986]
[92.425674]
[68.32699]
[63.136654]
[71.28159]
[72.154045]
[68.67339]
[67.890625]
[70.27114]
[61.60915]
[59.0559]
[55.342487]
[57.554657]
[44.38057]
[55.599373]
[55.91801]
[49.56124]
[47.134243]
[58.132137]
[52.577713]
[47.54901]
[44.426304]
[45.557957]
[41.050476]
[42.79512]
[45.101322]
[59.16602]
[66.90305]
[58.43315]
[65.820015]
[59.164112]
[54.41612]
[94.736]
[94.528275]
[91.595055]
[84.99419]
[80.74019]
[81.63104]
[77.49146]
[83.44165]
[92.67119]
[88.300934]
[95.30113]
[99.06045]
[68.997734]
[66.45149]
[75.18803]
[58.327877]
[71.97524]
[52.47167]
[65.26294]
[38.09701]
[30.039999]
[48.721245]
[37.69644]
[36.90312]
[30.099672]
[33.335873]
[26.184961]
[22.275604]
[25.551073]
[30.948812]
[37.91607]
[38.762684]
[41.84064]
[31.38728]
[24.306969]
[43.87385]
[49.044544]
[41.874424]
[38.825867]
[27.622326]
[25.562746]
[26.358913]
[29.321362]
[34.201256]
[40.327682]
[38.311657]
[42.98604]
[23.518927]
[21.144958]
[40.959633]
[40.68688]
[39.841366]
[40.114765]
[38.497322]
[23.629734]
[22.78426]
[32.255215]
[33.86149]
[27.69768]
[33.503513]
[33.11815]
[20.98488]
[17.301609]
[27.89147]
[30.23388]
[29.14125]
[27.575464]
[26.205097]
[22.443235]
[19.02984]
[23.025974]
[25.396908]
[20.961304]
[22.420084]
[39.66961]
[24.08941]
[19.611107]
[28.054766]
[30.277205]
[28.790865]
[27.549807]
[26.522955]
[16.6116]
[13.312327]
[23.675886]
[23.77971]
[25.663038]
[26.02575]
[24.981314]
[15.586596]
[11.836872]
[11.423667]
[10.185712]
[9.959486]
[10.231462]
[10.553152]
[10.248124]
[9.990039]
[9.806487]
[9.927855]
[9.718797]
[9.801811]
[9.469359]
[9.401569]
[9.269567]
[9.280728]
[9.164562]
[9.0603485]
[8.988002]
[8.864985]
[8.864985]
[8.864985]
[8.864985]
[8.614855]
[10.321391]
[14.983213]
[14.653055]
[16.29963]
[12.227347]
[12.780977]
[13.683608]
[17.748928]
[16.379887]
[14.5805645]
[11.683392]
[8.799908]
[11.320481]
[12.013864]
[10.632983]
[10.830497]
[11.408365]
[12.839664]
[13.07186]
[11.832893]
[12.709288]
[19.9301]
[14.494765]
[13.283929]
[9.986523]
[12.919051]
[13.689298]
[13.258187]
[8.051996]
[7.352885]
[7.484586]
[8.121239]
[11.288296]
[11.184632]
[11.254252]
[8.6490345]
[7.250857]
[7.2169933]
[7.2856674]
[7.215388]
[7.2431464]
[8.464028]
[7.431439]
[7.1372833]
[7.1081347]
[7.2448945]
[7.0362706]
[7.683011]
[7.587075]
[8.353549]
[8.122415]
[7.7193203]
[7.6290026]
[7.3586297]
[7.371073]
[7.3734765]
[7.5217113]
[7.4455395]
[7.5470777]
[7.348889]
[7.633542]
[7.2625184]
[7.391625]
[7.38666]
[7.356159]
[9.477016]
[9.687118]
[14.468176]
[10.59798]
[9.956314]
[10.940465]
[10.925581]
[9.809695]
[12.852428]
[12.339695]
[10.58571]
[12.11909]
[12.810341]
[10.879974]
[10.594388]
[13.257466]
[13.80436]
[13.862123]
[13.427277]
[18.191027]
[13.127934]
[11.149401]
[14.346475]
[18.21889]
[21.558928]
[16.142033]
[13.657163]
[12.8996]
[11.749476]
[11.7386875]
[12.725875]
[12.895775]
[13.61383]
[13.905714]
[13.138611]
[13.06765]
[13.92343]
[13.938325]
[13.47428]
[14.425345]
[14.592562]
[13.647501]
[12.934862]
[13.957774]
[14.109376]
[13.933762]
[13.705657]
[13.437695]
[12.82171]
[13.059411]
[13.519219]
[14.838542]
[14.559867]
[13.015707]
[14.374664]
[14.386002]
[13.846668]
[14.481314]
[14.433753]
[13.671876]
[15.305577]
[14.702382]
[14.774536]
[14.675775]
[14.4938]
[14.336331]
[14.252568]
[14.263984]
[14.212283]
[15.797548]
[18.686346]
[17.77083]
[14.196115]
[13.921431]
[14.273228]
[14.622382]
[14.874394]
[14.261663]
[14.069871]
[14.031973]
[14.048931]
[14.152787]
[14.087568]
[14.093723]
[13.881314]
[13.739364]
[13.597251]
[13.663625]
[13.686924]
[13.8644495]
[13.806095]
[13.769661]
[13.636357]
[13.6103945]
[13.592176]
[13.691166]
[13.640294]
[13.485816]
[13.409924]
[13.39922]
[13.485379]
[13.373595]
[13.39348]
[13.424866]
[13.428587]
[13.420571]
[13.168513]
[13.225799]
[13.1563225]
[13.027933]
[13.1795]
[13.289457]
[13.176411]
[13.085739]
[13.02899]
[13.032837]
[13.059874]
[13.139396]
[13.035764]
[12.968859]
[12.953122]
[13.014493]
[13.312851]
[13.507366]
[15.046148]
[21.314896]
[3.780385]
[41.508236]
[14.4258995]
[12.879714]
[13.788129]
[15.025328]
[15.736162]
[15.903128]
[15.790895]
[15.896773]
[15.8353195]
[15.87584]
[15.614348]
[15.533426]
[15.629766]
[15.597431]
[16.061403]
[15.457266]
[15.368152]
[15.274019]
[15.31905]
[14.725095]
[15.242395]
[13.844051]
[13.5719]
[13.2648115]
[13.52746]
[13.929888]
[14.8366165]
[14.104491]
[13.78597]
[13.532603]
[13.477913]
[13.320563]
[13.186928]
[13.479175]
[13.281573]
[13.25604]
[13.088321]
[13.07127]
[12.998752]
[13.000111]
[12.835302]
[12.836508]
[13.315264]
[14.1792345]
[14.95168]
[15.160069]
[14.781579]
[14.092636]
[14.182745]
[13.779069]
[13.774652]
[13.799241]
[12.867414]
[12.834596]
[12.147144]
[12.071559]
[12.211297]
[12.046732]
[12.155367]
[11.950161]
[12.082786]
[11.87649]
[11.888262]
[11.981403]
[11.733169]
[11.968044]
[11.757129]
[11.907772]
[11.806782]
[11.856296]
[11.754349]
[11.772479]
[11.657457]
[11.695945]
[11.577783]
[11.602728]
[11.609004]
[11.661819]
[11.550467]
[11.517813]
[11.660665]
[11.477927]
[11.275855]
[11.126938]
[11.057768]
[10.785623]
[10.674011]
[10.859918]
[10.901207]
[10.845001]
[10.786858]
[10.559417]
[10.695855]
[10.838243]
[12.311905]
[11.793518]
[11.592968]
[11.344458]
[11.168584]
[11.082888]
[11.00375]
[10.891203]
[11.069312]
[10.845883]
[10.854873]
[10.9072485]
[10.667831]
[10.676932]
[11.060954]
[11.210536]
[10.891351]
[11.30898]
[11.095605]
[10.628448]
[10.4299965]
[10.329681]
[10.29722]
[10.153319]
[10.23565]
[10.319492]
[10.235339]
[10.112041]
[10.003136]
[10.08774]
[9.966169]
[9.97693]
[9.939282]
[9.943465]
[9.808933]
[9.913668]
[9.7523775]
[9.727836]
[9.622754]
[9.63436]
[9.685893]
[9.502164]
[9.548458]
[9.640879]
[9.648488]
[9.580531]
[9.755311]
[9.829526]
[10.080225]
[8.8426285]
[8.592713]
[8.422962]
[7.872722]
[7.695626]
[7.7054367]
[7.614229]
[7.698231]
[7.597396]
[7.6113234]
[7.710146]
[7.590832]
[7.5763574]
[7.5858417]
[7.5794625]
[7.5591736]
[7.4672346]
[7.4756184]
[7.581199]
[7.386599]
[7.5198603]
[7.6135035]
[7.5081816]
[7.5084305]
[7.526528]
[7.527759]
[7.532047]
[7.5327435]
[7.5467434]
[7.5457664]
[7.5475936]
[7.4371214]
[7.8854322]
[7.7517376]
[10.980422]
[8.22226]
[8.973159]
[9.292641]
[7.6752105]
[7.430955]
[7.423179]
[7.360415]
[7.5796137]
[7.3368573]
[7.4826436]
[7.318708]
[7.444765]
[7.290271]
[9.261745]
[7.7850494]
[7.367763]
[7.3437285]
[7.3200874]
[7.2967854]
[7.2735267]
[7.06124]
[7.2149353]
[7.276877]
[9.124673]
[7.6057506]
[7.0066915]
[7.185268]
[7.0460105]
[6.965993]
[7.1310353]
[7.013213]
[7.0266724]
[7.0691924]
[6.9192195]
[6.971298]
[6.9816265]
[6.860704]
[6.9316535]
[6.966409]
[6.9210334]
[6.8624353]
[6.8977447]
[6.8243318]
[6.9030976]
[6.8737993]
[6.81396]
[6.786373]
[6.8315988]
[6.8247547]
[6.7489805]
[6.783284]
[6.795137]
[6.7076716]
[6.732749]
[6.6538033]
[9.551269]
[9.610112]
[9.85546]
[9.514054]
[9.782618]
[9.86173]
[9.761505]
[9.712175]
[10.235295]
[9.716454]
[10.138246]
[9.621956]
[10.04173]
[9.528141]
[9.94749]
[9.998648]
[9.475168]
[9.421358]
[9.51516]
[9.53303]
[9.561238]
[9.536688]
[9.522464]
[9.771657]
[9.543471]
[9.987747]
[9.818772]
[9.570212]
[10.200389]
[10.327081]
[10.246696]
[11.808259]
[12.045492]
[11.9952545]
[12.459714]
[11.984006]
[12.349067]
[12.88937]
[12.912051]
[15.75492]
[17.431492]
[15.673701]
[12.415403]
[12.365157]
[12.363164]
[12.760728]
[15.968876]
[13.138283]
[12.538814]
[12.449913]
[12.816059]
[11.882702]
[11.6568985]
[11.6575365]
[11.755788]
[11.706214]
[11.890721]
[11.896522]
[11.76325]
[11.955159]
[11.990549]
[13.347409]
[13.782187]
[13.627565]
[13.477114]
[12.900434]
[12.750145]
[12.269189]
[12.327117]
[12.45051]
[13.25258]
[17.307327]
[21.144484]
[14.475873]
[14.627102]
[11.9652195]
[14.212786]
[14.71136]
[14.732054]
[14.662012]
[14.65529]
[14.630974]
[14.557263]
[14.475861]
[14.383406]
[14.160417]
[14.264455]
[15.104671]
[14.745906]
[14.797642]
[14.924192]
[15.32324]
[14.668973]
[13.589954]
[13.937802]
[13.747858]
[14.195743]
[15.41124]
[15.919595]
[16.073278]
[16.028511]
[15.939023]
[15.550767]
[15.375549]
[16.146751]
[16.376865]
[16.726055]
[16.941303]
[17.213905]
[16.780012]
[17.108822]
[17.08034]
[16.952831]
[16.88559]
[17.095633]
[16.60509]
[17.16888]
[17.59233]
[17.392725]
[17.171831]
[17.001972]
[16.952015]
[16.637169]
[17.065561]
[17.1754]
[17.205301]
[18.243217]
[17.538164]
[17.320107]
[17.260117]
[17.12231]
[17.617645]
[17.305567]
[17.968523]
[21.224081]
[23.767588]
[20.279272]
[25.853827]
[26.742397]
[24.485638]
[23.553152]
[22.075346]
[7.597742]
[17.69016]
[19.43819]
[19.193285]
[22.339315]
[39.26779]
[45.046486]
[47.498867]
[54.797947]
[43.657898]
[38.503437]
[55.555214]
[64.219986]
[64.235054]
[65.10571]
[54.838165]
[69.2364]
[84.63663]
[95.57151]
[123.20471]
[108.03038]
[115.14881]
[103.364365]
[99.960495]
[96.5686]
[97.42583]
[93.94135]
[92.34834]
[88.61866]
[85.465096]
[67.59578]
[69.967354]
[88.64335]
[87.606766]
[86.177574]
[87.72661]
[77.77656]
[83.19392]
[111.094925]
[119.795166]
[134.95921]
[134.04382]
[128.41756]
[127.91466]
[130.03896]
[127.15759]
[99.77621]
[98.5045]
[95.816795]
[94.82649]
[93.477486]
[62.11988]
[52.59746]
[62.107426]
[57.426414]
[54.246475]
[43.458366]
[26.976181]
[24.872564]
[25.26189]
[35.179672]
[47.834114]
[43.102173]
[44.565746]
[37.485073]
[23.16027]
[20.321066]
[31.782896]
[22.724358]
[20.945925]
[20.253635]
[18.56627]
[17.782873]
[17.842146]
[19.691624]
[19.602825]
[18.65596]
[17.782404]
[18.54051]
[16.840366]
[16.769707]
[17.726042]
[17.629267]
[16.898544]
[17.235079]
[17.352245]
[17.43994]
[17.591503]
[19.357426]
[19.588648]
[16.878378]
[16.580496]
[17.278654]
[17.911142]
[17.686981]
[16.929157]
[17.040915]
[16.97418]
[16.405664]
[16.727913]
[15.543093]
[14.519548]
[15.560296]
[16.569937]
[18.563477]
[18.513071]
[20.98238]
[17.811941]
[17.899055]
[18.332994]
[16.496367]
[15.288246]
[16.35092]
[22.142317]
[15.404568]
[14.081813]
[15.047545]
[15.051396]
[17.933207]
[17.709085]
[16.184713]
[14.199762]
[14.433011]
[25.253628]
[29.549704]
[28.263586]
[27.496578]
[22.622398]
[17.19647]
[14.394638]
[14.051794]
[12.4893265]
[11.590103]
[11.353492]
[11.073524]
[10.3583975]
[10.491076]
[10.311114]
[10.860688]
[10.165346]
[10.384019]
[10.051728]
[10.008523]
[10.019219][10.25]
[9.45]
[13.02]
[10.69]
[5.31]
[5.25]
[5.26]
[5.31]
[5.31]
[5.3]
[5.29]
[5.3]
[9.25]
[9.31]
[9.28]
[9.29]
[9.27]
[9.26]
[9.25]
[9.26]
[9.26]
[9.27]
[9.25]
[9.25]
[9.32]
[9.28]
[9.26]
[9.22]
[9.21]
[9.23]
[9.23]
[9.06]
[9.24]
[9.25]
[9.24]
[9.29]
[9.55]
[9.28]
[9.27]
[9.27]
[9.25]
[9.24]
[9.28]
[12.21]
[12.29]
[12.32]
[12.27]
[12.3]
[12.29]
[12.25]
[12.25]
[12.25]
[12.29]
[12.3]
[12.3]
[12.31]
[12.36]
[12.34]
[12.35]
[12.36]
[12.37]
[12.39]
[12.39]
[12.4]
[12.36]
[12.39]
[12.4]
[12.41]
[12.52]
[12.25]
[12.25]
[12.03]
[12.31]
[26.75]
[15.2]
[15.05]
[15.12]
[15.03]
[15.09]
[15.17]
[15.22]
[15.41]
[15.4]
[15.43]
[15.24]
[15.14]
[15.08]
[15.29]
[15.3]
[15.23]
[15.22]
[15.17]
[15.21]
[15.24]
[15.21]
[15.26]
[15.09]
[15.03]
[14.94]
[15.09]
[15.28]
[15.3]
[15.52]
[15.38]
[15.46]
[15.26]
[15.55]
[15.54]
[15.27]
[22.36]
[17.87]
[15.85]
[42.75]
[82.22]
[94.05]
[93.25]
[90.97]
[55.68]
[49.63]
[58.09]
[56.67]
[54.59]
[53.59]
[58.05]
[53.08]
[41.74]
[57.88]
[58.89]
[56.17]
[56.45]
[59.98]
[24.57]
[23.68]
[48.95]
[58.59]
[52.66]
[61.65]
[55.39]
[15.63]
[15.57]
[49.45]
[48.02]
[57.5]
[95.04]
[91.35]
[127.12]
[159.08]
[215.85]
[192.9]
[144.63]
[136.75]
[131.02]
[99.64]
[86.83]
[129.19]
[131.03]
[129.73]
[130.49]
[130.52]
[92.3]
[87.76]
[90.33]
[91.84]
[90.24]
[92.4]
[96.82]
[52.74]
[45.22]
[55.96]
[60.38]
[51.61]
[55.5]
[62.81]
[54.04]
[56.12]
[53.08]
[60.33]
[38.11]
[64.66]
[62.07]
[50.21]
[45.53]
[67.12]
[58.52]
[53.52]
[50.52]
[53.77]
[41.06]
[38.17]
[35.45]
[50.08]
[57.71]
[43.73]
[61.41]
[54.5]
[42.43]
[96.98]
[93.31]
[95.73]
[93.08]
[91.61]
[94.94]
[85.74]
[88.4]
[98.74]
[90.94]
[95.37]
[98.5]
[45.13]
[47.61]
[67.66]
[39.1]
[71.69]
[37.29]
[69.59]
[19.53]
[12.7]
[49.99]
[27.12]
[31.05]
[19.21]
[28.46]
[14.31]
[9.94]
[17.83]
[28.86]
[44.83]
[46.46]
[52.06]
[24.01]
[9.42]
[50.97]
[57.23]
[44.2]
[37.8]
[12.15]
[9.41]
[10.47]
[20.43]
[33.31]
[48.25]
[44.01]
[55.45]
[12.7]
[10.36]
[51.64]
[50.92]
[50.38]
[49.93]
[49.1]
[13.79]
[10.13]
[29.22]
[34.2]
[23.2]
[39.35]
[38.77]
[14.08]
[10.2]
[32.49]
[35.58]
[33.86]
[32.24]
[29.9]
[23.23]
[16.87]
[24.9]
[28.37]
[17.49]
[16.74]
[47.53]
[16.06]
[15.03]
[32.65]
[36.66]
[33.79]
[32.62]
[31.6]
[12.79]
[8.68]
[29.3]
[28.48]
[33.01]
[32.79]
[29.71]
[12.11]
[7.79]
[7.39]
[5.3]
[5.33]
[5.36]
[5.41]
[5.44]
[5.46]
[5.48]
[5.51]
[5.52]
[5.54]
[5.55]
[5.56]
[5.57]
[5.58]
[5.41]
[5.59]
[5.59]
[5.59]
[5.59]
[5.59]
[5.59]
[5.52]
[9.82]
[15.53]
[16.95]
[20.82]
[11.7]
[14.18]
[15.4]
[23.39]
[19.41]
[16.47]
[11.42]
[6.71]
[12.54]
[12.67]
[10.63]
[11.37]
[12.05]
[14.44]
[14.47]
[12.32]
[14.46]
[13.82]
[14.57]
[14.58]
[8.47]
[14.78]
[14.81]
[14.47]
[5.31]
[5.31]
[5.29]
[6.65]
[12.03]
[10.97]
[11.68]
[7.09]
[5.32]
[5.32]
[5.33]
[5.32]
[5.32]
[7.66]
[5.32]
[5.32]
[5.32]
[5.29]
[5.21]
[5.09]
[5.1]
[5.1]
[5.1]
[5.11]
[5.11]
[5.1]
[5.12]
[5.22]
[5.48]
[5.49]
[5.27]
[5.12]
[5.13]
[5.12]
[5.12]
[5.11]
[5.16]
[8.76]
[8.76]
[8.94]
[8.95]
[8.95]
[10.8]
[10.34]
[8.93]
[12.82]
[12.41]
[9.78]
[12.71]
[13.05]
[9.78]
[9.61]
[13.47]
[13.71]
[13.82]
[13.8]
[20.11]
[12.1]
[10.21]
[15.44]
[19.36]
[24.22]
[16.35]
[13.82]
[12.91]
[11.05]
[11.21]
[12.63]
[12.73]
[13.93]
[14.]
[12.75]
[12.72]
[14.06]
[13.64]
[13.18]
[14.13]
[14.47]
[12.97]
[12.08]
[13.53]
[13.92]
[14.]
[14.03]
[13.47]
[12.53]
[12.61]
[12.89]
[13.87]
[13.64]
[12.29]
[13.75]
[12.77]
[12.77]
[13.97]
[13.97]
[12.95]
[15.58]
[14.78]
[14.97]
[14.82]
[14.67]
[14.69]
[14.7]
[14.81]
[14.7]
[17.5]
[18.04]
[19.37]
[14.58]
[14.62]
[14.69]
[14.75]
[14.6]
[14.39]
[14.42]
[14.49]
[14.55]
[14.59]
[14.62]
[14.6]
[14.31]
[14.23]
[14.12]
[14.15]
[14.3]
[14.52]
[14.49]
[14.43]
[14.23]
[14.17]
[14.28]
[14.37]
[14.29]
[14.2]
[14.09]
[14.11]
[14.23]
[14.04]
[14.13]
[14.15]
[14.07]
[14.02]
[13.88]
[13.88]
[13.78]
[13.82]
[13.92]
[14.08]
[13.97]
[13.86]
[13.82]
[13.83]
[13.99]
[14.01]
[13.84]
[13.78]
[13.71]
[13.96]
[14.1]
[13.99]
[13.72]
[16.98]
[13.92]
[13.67]
[13.53]
[13.42]
[13.41]
[13.36]
[14.17]
[14.52]
[14.48]
[14.44]
[14.41]
[14.38]
[14.37]
[14.35]
[14.34]
[14.31]
[15.25]
[14.32]
[14.31]
[14.29]
[14.29]
[14.58]
[14.56]
[12.15]
[11.95]
[11.88]
[11.87]
[11.82]
[13.39]
[11.95]
[11.94]
[11.89]
[11.86]
[11.86]
[11.84]
[11.83]
[11.81]
[11.86]
[11.86]
[11.8]
[11.8]
[11.79]
[11.78]
[11.77]
[11.96]
[11.94]
[11.9]
[11.85]
[11.35]
[11.83]
[11.8]
[12.]
[12.06]
[12.03]
[9.66]
[9.6]
[9.59]
[9.63]
[9.74]
[9.73]
[9.68]
[9.68]
[9.7]
[9.68]
[9.68]
[9.67]
[9.67]
[9.73]
[9.77]
[9.75]
[9.77]
[9.77]
[9.77]
[9.74]
[9.74]
[9.73]
[9.72]
[9.75]
[9.75]
[9.79]
[9.77]
[9.77]
[9.78]
[9.77]
[9.09]
[9.09]
[8.91]
[8.69]
[8.69]
[8.66]
[8.69]
[8.7]
[8.7]
[8.66]
[8.67]
[8.77]
[8.78]
[8.78]
[8.77]
[8.78]
[8.77]
[8.74]
[8.74]
[8.77]
[8.77]
[8.77]
[8.76]
[8.77]
[8.76]
[8.77]
[8.77]
[8.76]
[8.76]
[8.77]
[8.71]
[8.26]
[8.23]
[8.06]
[8.02]
[8.01]
[8.04]
[8.06]
[8.04]
[8.05]
[8.06]
[8.05]
[8.05]
[8.07]
[8.07]
[8.06]
[8.04]
[8.08]
[8.07]
[8.07]
[8.03]
[8.1]
[8.09]
[8.1]
[8.11]
[8.1]
[8.11]
[8.12]
[8.11]
[8.11]
[8.13]
[6.13]
[6.11]
[5.91]
[5.29]
[5.35]
[5.29]
[5.31]
[5.3]
[5.3]
[5.3]
[5.31]
[5.3]
[5.27]
[5.29]
[5.29]
[5.29]
[5.3]
[5.3]
[5.34]
[5.31]
[5.31]
[5.32]
[5.32]
[5.31]
[5.33]
[5.32]
[5.32]
[5.31]
[5.33]
[5.32]
[5.34]
[5.34]
[5.89]
[5.74]
[5.51]
[5.5]
[7.49]
[7.16]
[5.55]
[5.56]
[5.48]
[5.43]
[5.41]
[5.42]
[5.48]
[5.44]
[5.44]
[5.44]
[7.99]
[5.37]
[5.4]
[5.41]
[5.38]
[5.38]
[5.39]
[5.38]
[5.38]
[5.43]
[5.4]
[5.41]
[5.42]
[5.41]
[5.41]
[5.41]
[5.41]
[5.42]
[5.44]
[5.44]
[5.45]
[5.47]
[5.47]
[5.4]
[5.42]
[5.44]
[5.46]
[5.47]
[5.46]
[5.46]
[5.47]
[5.47]
[5.42]
[5.48]
[5.49]
[5.48]
[5.46]
[5.46]
[5.5]
[5.51]
[5.48]
[5.46]
[9.04]
[9.13]
[9.13]
[9.16]
[9.17]
[9.17]
[9.19]
[9.21]
[9.24]
[9.24]
[9.22]
[9.2]
[9.27]
[9.28]
[9.28]
[9.29]
[9.32]
[9.33]
[9.33]
[9.34]
[9.36]
[9.37]
[9.38]
[9.41]
[9.41]
[9.41]
[9.41]
[9.42]
[9.83]
[9.49]
[9.52]
[12.18]
[12.29]
[12.29]
[12.33]
[12.37]
[12.42]
[12.45]
[12.39]
[15.27]
[16.55]
[14.11]
[12.06]
[12.15]
[12.22]
[12.2]
[14.89]
[12.24]
[12.29]
[12.3]
[12.82]
[12.19]
[12.16]
[12.29]
[12.32]
[12.3]
[12.41]
[12.47]
[12.46]
[12.66]
[12.65]
[14.68]
[15.59]
[15.66]
[15.62]
[15.61]
[15.62]
[15.55]
[15.55]
[15.53]
[15.48]
[15.58]
[15.63]
[15.67]
[15.73]
[15.76]
[15.69]
[15.74]
[15.74]
[15.7]
[15.75]
[15.81]
[15.74]
[15.69]
[15.67]
[15.67]
[15.69]
[15.71]
[15.78]
[15.82]
[15.85]
[15.84]
[15.82]
[15.81]
[15.68]
[15.65]
[15.45]
[15.76]
[15.72]
[15.72]
[15.72]
[15.86]
[15.62]
[15.55]
[15.84]
[15.47]
[15.85]
[15.91]
[15.89]
[15.6]
[15.96]
[15.99]
[15.84]
[15.77]
[15.99]
[15.57]
[15.56]
[15.78]
[15.69]
[15.67]
[15.63]
[15.75]
[15.5]
[15.92]
[15.96]
[15.99]
[16.2]
[15.99]
[15.99]
[15.96]
[15.93]
[15.94]
[15.96]
[15.89]
[15.75]
[15.57]
[14.85]
[16.98]
[17.18]
[17.15]
[16.64]
[16.94]
[16.89]
[16.85]
[16.85]
[16.82]
[22.09]
[48.14]
[54.09]
[52.25]
[50.82]
[26.21]
[24.32]
[46.38]
[54.6]
[55.32]
[58.59]
[42.22]
[59.61]
[52.27]
[91.07]
[134.99]
[99.13]
[93.08]
[89.49]
[90.15]
[90.7]
[92.91]
[90.54]
[92.41]
[91.17]
[89.85]
[54.37]
[55.31]
[91.98]
[89.63]
[92.51]
[92.65]
[53.92]
[58.15]
[118.86]
[121.02]
[128.01]
[129.11]
[130.04]
[130.07]
[129.96]
[130.52]
[93.73]
[94.19]
[93.43]
[94.32]
[94.03]
[49.04]
[42.92]
[63.69]
[56.03]
[54.7]
[38.34]
[11.79]
[11.72]
[12.96]
[33.11]
[57.23]
[47.44]
[52.93]
[38.46]
[13.38]
[10.84]
[32.12]
[12.86]
[13.04]
[11.96]
[9.06]
[9.09]
[9.87]
[13.99]
[13.87]
[12.77]
[11.54]
[13.62]
[10.08]
[9.89]
[11.66]
[11.41]
[10.97]
[12.27]
[12.58]
[13.52]
[14.11]
[18.19]
[19.12]
[13.6]
[13.55]
[13.48]
[13.43]
[13.64]
[13.07]
[13.76]
[13.75]
[12.85]
[13.71]
[11.22]
[9.92]
[11.7]
[12.05]
[15.5]
[15.5]
[20.41]
[11.86]
[11.21]
[12.16]
[10.03]
[8.58]
[11.93]
[24.96]
[9.81]
[9.12]
[11.89]
[11.97]
[19.72]
[18.14]
[16.04]
[11.71]
[13.74]
[39.18]
[46.43]
[42.22]
[40.7]
[29.17]
[11.6]
[7.7]
[7.77]
[5.18]
[5.21]
[5.24]
[5.27]
[5.28]
[5.29]
[5.31]
[5.33]
[5.34]
[5.35]
[5.36]
[5.37]
[5.38]
[5.39]