0.8846850183421582, 0.8974978684718977, -3.5054289233849225, 206.71177387104484[12.15005]
[9.862845]
[8.539231]
[10.31639]
[9.637152]
[6.2691517]
[5.3796334]
[5.3434114]
[5.3725724]
[5.368189]
[5.3125315]
[5.341609]
[5.2954655]
[7.554865]
[8.212955]
[8.246782]
[8.3697]
[10.049289]
[10.375069]
[10.225633]
[9.529573]
[8.910965]
[8.767143]
[8.650917]
[8.611243]
[8.628303]
[8.619777]
[8.547627]
[8.477905]
[8.390885]
[8.418377]
[8.536661]
[8.470827]
[8.515963]
[8.541195]
[8.508232]
[8.484868]
[8.860883]
[12.037956]
[9.880054]
[9.131772]
[9.423268]
[9.4577875]
[9.264494]
[10.76015]
[11.146971]
[11.14408]
[11.092991]
[11.299817]
[11.545773]
[11.606392]
[11.396046]
[11.246835]
[11.153493]
[11.104384]
[11.051551]
[11.05564]
[11.052367]
[11.008698]
[10.986103]
[10.997946]
[10.970473]
[10.977885]
[10.996666]
[11.054579]
[11.218331]
[11.446495]
[11.472036]
[11.374284]
[11.364044]
[13.720847]
[9.3182535]
[10.144084]
[10.997837]
[37.865665]
[20.119097]
[12.897557]
[12.9223385]
[12.866442]
[12.905808]
[13.006435]
[13.071566]
[13.136492]
[13.173477]
[13.223866]
[13.094542]
[13.041865]
[13.083516]
[13.24999]
[13.223856]
[13.200352]
[13.266658]
[13.546951]
[13.396213]
[13.2443]
[13.303605]
[13.316982]
[13.1757145]
[13.107931]
[12.998474]
[13.493864]
[13.85363]
[13.833385]
[14.283723]
[14.494489]
[15.115933]
[20.123884]
[20.028215]
[20.7765]
[38.474064]
[61.155502]
[34.46401]
[76.40224]
[76.24508]
[79.53206]
[95.99604]
[133.25699]
[95.11293]
[77.77523]
[65.38449]
[66.14806]
[64.79706]
[59.435665]
[55.23541]
[56.073647]
[53.241558]
[44.615997]
[51.432472]
[55.02044]
[52.728493]
[52.983498]
[56.023464]
[35.35513]
[29.042467]
[43.588135]
[51.583687]
[48.581406]
[51.790363]
[48.573006]
[26.917488]
[26.054832]
[46.660202]
[53.058064]
[84.72423]
[103.66558]
[139.28488]
[151.03366]
[164.84624]
[201.76813]
[171.67113]
[147.79471]
[141.32639]
[127.76638]
[108.385284]
[92.905014]
[109.80695]
[116.653595]
[116.02731]
[120.565575]
[126.8106]
[113.07828]
[100.52239]
[94.83801]
[95.42268]
[93.07754]
[91.75035]
[94.630394]
[80.23438]
[69.61655]
[78.115974]
[76.48589]
[76.12594]
[73.10444]
[74.87521]
[67.05286]
[63.270535]
[59.230534]
[60.687595]
[47.953266]
[57.73294]
[60.067883]
[53.79109]
[50.190205]
[60.150913]
[56.55619]
[50.80931]
[47.265057]
[48.43281]
[45.1642]
[45.2613]
[50.48846]
[67.2722]
[71.064415]
[65.19991]
[70.27697]
[63.42124]
[64.06771]
[96.138306]
[97.24547]
[93.69936]
[87.93507]
[84.06069]
[84.68823]
[82.34812]
[86.71096]
[94.08695]
[91.809906]
[99.43543]
[101.43107]
[80.85232]
[72.73813]
[77.53425]
[64.24814]
[74.96051]
[58.535362]
[67.23005]
[42.835766]
[29.182526]
[48.569958]
[40.031704]
[37.07839]
[29.965439]
[32.55599]
[25.292482]
[19.30256]
[23.058]
[29.859592]
[39.035305]
[41.401882]
[45.285316]
[33.92885]
[22.11767]
[43.722404]
[52.241238]
[45.503475]
[41.520485]
[27.442017]
[23.184565]
[22.890726]
[27.248983]
[33.988514]
[42.113846]
[41.381012]
[45.903057]
[25.041464]
[18.131266]
[40.329174]
[43.984184]
[43.536816]
[43.019176]
[41.381115]
[25.598083]
[19.419065]
[30.008759]
[34.243744]
[27.570532]
[33.322998]
[34.519543]
[20.642502]
[14.31478]
[25.991985]
[30.81348]
[29.555897]
[27.980736]
[26.0731]
[21.803143]
[17.492495]
[21.230785]
[24.529346]
[20.06716]
[20.810314]
[38.885075]
[24.602327]
[17.430275]
[26.287474]
[30.598331]
[29.071655]
[27.6319]
[26.154615]
[15.870195]
[10.503016]
[21.089523]
[23.038977]
[25.393654]
[26.288784]
[24.530329]
[14.532233]
[9.227566]
[8.272903]
[6.9934807]
[6.506854]
[6.903946]
[6.9708924]
[6.771134]
[6.650791]
[6.474994]
[6.577838]
[6.4886436]
[6.4772816]
[6.3211455]
[6.275859]
[6.255882]
[6.263943]
[6.147252]
[6.0941663]
[6.0736256]
[6.048719]
[6.048719]
[6.048719]
[6.048719]
[5.865767]
[7.90225]
[13.260295]
[13.855107]
[15.5231]
[11.454008]
[11.337421]
[12.273926]
[16.627174]
[15.822619]
[13.743318]
[10.564833]
[7.220027]
[9.519318]
[10.48742]
[9.374064]
[9.4284725]
[9.981232]
[11.450249]
[11.799895]
[10.5976925]
[11.394858]
[18.51395]
[13.996224]
[11.983406]
[8.713654]
[11.253101]
[12.245633]
[12.005628]
[6.974993]
[5.4398775]
[5.4476814]
[6.1088605]
[9.30292]
[9.781597]
[9.823844]
[7.382769]
[5.654614]
[5.374709]
[5.390791]
[5.3417606]
[5.370535]
[6.655261]
[5.7348256]
[5.3639383]
[5.3370795]
[5.3636217]
[5.26303]
[5.555507]
[5.5387397]
[5.5692563]
[5.5125985]
[5.3825345]
[5.3481193]
[5.305265]
[5.31557]
[5.33632]
[5.5026975]
[5.539833]
[5.5454197]
[5.3352466]
[5.3564706]
[5.3121324]
[5.3264174]
[5.321213]
[5.3091927]
[7.3673415]
[7.939129]
[12.4154005]
[9.413396]
[8.127632]
[9.20181]
[9.204037]
[8.30324]
[10.983212]
[10.866132]
[9.149771]
[10.384867]
[11.082087]
[9.338947]
[8.755783]
[11.021508]
[11.817102]
[11.842328]
[11.763464]
[16.417904]
[12.155588]
[9.474157]
[12.281747]
[16.185787]
[20.495836]
[15.466824]
[12.25591]
[11.334728]
[10.083084]
[9.923678]
[10.804859]
[11.087018]
[11.839204]
[12.032744]
[11.326601]
[11.165743]
[11.950547]
[11.784945]
[11.562418]
[12.223578]
[12.417844]
[11.472151]
[10.876861]
[11.661912]
[11.949684]
[11.8943205]
[11.888498]
[11.479088]
[10.96076]
[11.121559]
[11.73265]
[12.852075]
[12.725195]
[11.501658]
[12.367353]
[12.521978]
[12.021797]
[12.525545]
[12.521112]
[11.784714]
[13.290802]
[13.014905]
[12.973188]
[12.946586]
[12.835029]
[12.743968]
[12.666187]
[12.84938]
[12.768873]
[14.62642]
[18.14214]
[17.741758]
[13.639115]
[12.639831]
[12.952233]
[12.828503]
[13.284709]
[13.080327]
[12.916441]
[12.834275]
[12.658778]
[12.714925]
[12.647227]
[12.652401]
[12.46553]
[12.310844]
[12.145528]
[12.221138]
[12.237561]
[12.4265375]
[12.390701]
[12.359299]
[12.230187]
[12.232106]
[12.208755]
[12.316757]
[12.31937]
[12.168903]
[12.095442]
[12.092792]
[12.194373]
[12.12913]
[12.148589]
[12.176763]
[12.186951]
[12.286775]
[12.017134]
[12.06366]
[12.110006]
[11.8963585]
[12.102272]
[12.304533]
[12.129275]
[12.008631]
[11.912209]
[11.938996]
[11.624299]
[11.939136]
[12.076012]
[12.100406]
[12.183993]
[12.011047]
[12.203759]
[12.46619]
[12.846197]
[15.054585]
[19.187063]
[20.833376]
[13.098648]
[11.943333]
[13.912934]
[14.044243]
[14.584017]
[14.356124]
[14.019916]
[13.927797]
[13.734244]
[13.793738]
[13.615229]
[13.466107]
[13.55364]
[13.620986]
[14.0938425]
[13.5824995]
[13.420826]
[13.356598]
[13.411749]
[12.901951]
[13.207587]
[11.960655]
[11.57516]
[11.422874]
[11.647919]
[11.954239]
[12.920371]
[12.375194]
[12.008627]
[11.783694]
[11.69384]
[11.568257]
[11.449573]
[11.647898]
[11.554366]
[11.503639]
[11.38102]
[11.328395]
[11.2522955]
[11.175859]
[11.09142]
[11.126887]
[11.849896]
[12.8289795]
[13.371498]
[13.645953]
[13.315175]
[12.661385]
[12.509955]
[12.210549]
[12.136891]
[12.519709]
[11.475854]
[11.088476]
[10.383566]
[10.117201]
[10.0133705]
[9.851001]
[9.697713]
[9.502871]
[9.461027]
[9.421169]
[9.385752]
[9.377372]
[9.342717]
[9.346103]
[9.373719]
[9.344788]
[9.353069]
[9.328146]
[9.308729]
[9.252328]
[9.219399]
[9.182933]
[9.146064]
[9.143435]
[9.149332]
[9.158403]
[9.127585]
[9.113205]
[9.130192]
[9.146591]
[8.755113]
[8.65817]
[8.524465]
[8.333774]
[8.286443]
[8.300709]
[8.346337]
[8.32588]
[8.279176]
[8.248366]
[8.322626]
[9.578811]
[9.729364]
[9.204254]
[8.954475]
[8.785392]
[8.652665]
[8.54679]
[8.475819]
[8.468533]
[8.438173]
[8.410471]
[8.364538]
[8.326411]
[8.295615]
[8.358692]
[8.492617]
[8.561571]
[8.592298]
[8.596543]
[8.537111]
[8.133259]
[7.9615364]
[7.8218412]
[7.741849]
[7.723911]
[7.7420406]
[7.7593017]
[7.714654]
[7.692752]
[7.6789227]
[7.678148]
[7.659221]
[7.667286]
[7.652249]
[7.6497235]
[7.6210485]
[7.637336]
[7.6059313]
[7.594724]
[7.568044]
[7.5968757]
[7.5913196]
[7.572927]
[7.5948486]
[7.605145]
[7.601978]
[7.609592]
[7.6330543]
[7.6583014]
[7.7017665]
[6.5355363]
[6.1670356]
[6.0447526]
[5.628866]
[5.5345144]
[5.5158596]
[5.506865]
[5.5212426]
[5.500063]
[5.5030127]
[5.5260797]
[5.5065303]
[5.489325]
[5.4959383]
[5.508727]
[5.51042]
[5.49584]
[5.5123444]
[5.5454974]
[5.5050616]
[5.523453]
[5.5435586]
[5.533387]
[5.53036]
[5.54344]
[5.5436897]
[5.542306]
[5.540775]
[5.550658]
[5.567344]
[5.5680385]
[5.572497]
[5.897299]
[5.900287]
[8.888507]
[6.64475]
[7.13028]
[7.4318066]
[6.0385127]
[5.666928]
[5.617406]
[5.548659]
[5.7689967]
[5.5354314]
[5.708193]
[5.5021296]
[5.6629763]
[5.4588127]
[7.301536]
[6.125885]
[5.5752716]
[5.545325]
[5.516226]
[5.4871984]
[5.4580946]
[5.2225337]
[5.3779497]
[5.2483764]
[7.164836]
[5.705442]
[5.123657]
[5.2736764]
[5.10172]
[5.066504]
[5.2018213]
[5.046063]
[5.142614]
[5.122134]
[4.983087]
[5.072874]
[4.967202]
[4.9168444]
[4.9097123]
[4.985007]
[4.8856506]
[4.9750423]
[4.879088]
[4.940431]
[4.952051]
[4.9588895]
[4.837103]
[4.940253]
[4.9551945]
[4.874424]
[4.945545]
[4.9329295]
[4.8749704]
[4.9632473]
[4.8651085]
[4.849417]
[7.7306867]
[8.020722]
[8.328794]
[8.035322]
[8.318881]
[8.428981]
[8.3887825]
[8.354646]
[8.903443]
[8.484572]
[8.8624935]
[8.444282]
[8.821676]
[8.40429]
[8.782612]
[8.931232]
[8.329024]
[8.245826]
[8.248668]
[8.162454]
[8.086171]
[8.0618725]
[7.970075]
[8.266529]
[8.045877]
[8.467716]
[8.336415]
[8.023552]
[8.667283]
[8.770613]
[8.73251]
[10.195926]
[10.602441]
[10.553082]
[11.001864]
[10.60333]
[10.900279]
[11.498207]
[11.591796]
[13.733912]
[15.175652]
[13.883397]
[11.294501]
[11.008849]
[10.993109]
[11.235874]
[13.64054]
[11.711007]
[10.954461]
[10.845411]
[11.081657]
[10.366236]
[10.087883]
[9.92454]
[10.488937]
[10.599747]
[11.008631]
[11.039934]
[10.212695]
[10.430554]
[10.415424]
[11.618237]
[12.118766]
[12.386032]
[11.942612]
[11.229769]
[10.689922]
[10.013523]
[9.365476]
[9.604357]
[11.91573]
[13.47412]
[19.343494]
[17.064167]
[12.516398]
[10.778787]
[12.618384]
[13.778046]
[13.973559]
[14.004433]
[14.154473]
[14.068817]
[13.836853]
[13.805958]
[13.41339]
[13.025077]
[12.88297]
[12.233362]
[12.148737]
[12.616189]
[12.617193]
[12.726265]
[12.039851]
[11.561277]
[11.557852]
[13.15788]
[12.478568]
[12.452836]
[14.433353]
[14.799411]
[15.867419]
[16.404245]
[15.35124]
[16.329351]
[16.070328]
[16.286858]
[16.776041]
[16.801304]
[16.862816]
[16.223911]
[16.219065]
[16.0641]
[15.79277]
[15.612597]
[15.704085]
[16.553495]
[16.740114]
[16.158606]
[16.242893]
[15.513253]
[14.972465]
[14.915349]
[14.575339]
[14.896946]
[15.099935]
[15.520316]
[16.058008]
[15.813043]
[15.490034]
[15.402501]
[15.318606]
[15.6845045]
[15.791603]
[16.053106]
[23.68261]
[22.22799]
[18.217472]
[27.511919]
[24.63999]
[23.336817]
[23.725613]
[21.661154]
[6.9906178]
[14.777855]
[17.796724]
[17.14624]
[20.029755]
[37.11739]
[45.85543]
[52.96672]
[55.57685]
[48.60357]
[38.48831]
[55.609417]
[65.909424]
[64.47838]
[65.75044]
[58.19099]
[76.18906]
[97.0786]
[92.70465]
[120.34861]
[114.71319]
[121.930016]
[105.98503]
[103.28654]
[99.35726]
[100.89455]
[97.13008]
[94.72294]
[91.18626]
[88.633644]
[79.30763]
[75.882225]
[88.74626]
[90.17121]
[88.90485]
[90.772026]
[93.91965]
[92.610146]
[107.65401]
[121.144005]
[137.31976]
[134.1271]
[128.11429]
[128.35265]
[130.80923]
[126.76771]
[104.70403]
[103.15972]
[98.50166]
[97.42709]
[96.10237]
[69.03614]
[56.513428]
[64.42406]
[61.345375]
[57.267403]
[46.08235]
[27.01097]
[22.086782]
[22.38822]
[33.789997]
[49.022423]
[46.087864]
[47.045494]
[39.618656]
[22.91952]
[17.403816]
[29.797815]
[21.903498]
[18.026281]
[17.481506]
[15.165806]
[14.279982]
[14.312714]
[16.60279]
[16.87548]
[15.848029]
[14.785373]
[15.476424]
[13.878963]
[13.216789]
[14.3986435]
[14.367242]
[13.635438]
[14.096179]
[14.275003]
[14.483417]
[14.876284]
[16.851131]
[17.714607]
[14.612546]
[13.816934]
[14.543812]
[14.935091]
[14.775955]
[14.138563]
[14.185548]
[14.210164]
[13.523194]
[13.914056]
[12.492681]
[11.2263365]
[12.292437]
[13.476212]
[15.588102]
[16.092476]
[18.944227]
[15.608593]
[14.687654]
[14.881163]
[13.34805]
[11.619613]
[12.8484335]
[20.031319]
[13.516579]
[10.556397]
[11.700651]
[12.03366]
[15.822004]
[16.112837]
[14.582708]
[11.948446]
[12.101979]
[25.107235]
[32.275993]
[31.636614]
[29.989468]
[23.81708]
[16.97371]
[11.272848]
[10.8347225]
[8.540519]
[7.688911]
[7.3559504]
[7.092469]
[6.443401]
[6.7457476]
[6.7125773]
[6.950037]
[6.451552]
[6.6410646]
[6.5205336]
[6.335388]
[6.422218][10.25]
[9.45]
[13.02]
[10.69]
[5.31]
[5.25]
[5.26]
[5.31]
[5.31]
[5.3]
[5.29]
[5.3]
[9.25]
[9.31]
[9.28]
[9.29]
[9.27]
[9.26]
[9.25]
[9.26]
[9.26]
[9.27]
[9.25]
[9.25]
[9.32]
[9.28]
[9.26]
[9.22]
[9.21]
[9.23]
[9.23]
[9.06]
[9.24]
[9.25]
[9.24]
[9.29]
[9.55]
[9.28]
[9.27]
[9.27]
[9.25]
[9.24]
[9.28]
[12.21]
[12.29]
[12.32]
[12.27]
[12.3]
[12.29]
[12.25]
[12.25]
[12.25]
[12.29]
[12.3]
[12.3]
[12.31]
[12.36]
[12.34]
[12.35]
[12.36]
[12.37]
[12.39]
[12.39]
[12.4]
[12.36]
[12.39]
[12.4]
[12.41]
[12.52]
[12.25]
[12.25]
[12.03]
[12.31]
[26.75]
[15.2]
[15.05]
[15.12]
[15.03]
[15.09]
[15.17]
[15.22]
[15.41]
[15.4]
[15.43]
[15.24]
[15.14]
[15.08]
[15.29]
[15.3]
[15.23]
[15.22]
[15.17]
[15.21]
[15.24]
[15.21]
[15.26]
[15.09]
[15.03]
[14.94]
[15.09]
[15.28]
[15.3]
[15.52]
[15.38]
[15.46]
[15.26]
[15.55]
[15.54]
[15.27]
[22.36]
[17.87]
[15.85]
[42.75]
[82.22]
[94.05]
[93.25]
[90.97]
[55.68]
[49.63]
[58.09]
[56.67]
[54.59]
[53.59]
[58.05]
[53.08]
[41.74]
[57.88]
[58.89]
[56.17]
[56.45]
[59.98]
[24.57]
[23.68]
[48.95]
[58.59]
[52.66]
[61.65]
[55.39]
[15.63]
[15.57]
[49.45]
[48.02]
[57.5]
[95.04]
[91.35]
[127.12]
[159.08]
[215.85]
[192.9]
[144.63]
[136.75]
[131.02]
[99.64]
[86.83]
[129.19]
[131.03]
[129.73]
[130.49]
[130.52]
[92.3]
[87.76]
[90.33]
[91.84]
[90.24]
[92.4]
[96.82]
[52.74]
[45.22]
[55.96]
[60.38]
[51.61]
[55.5]
[62.81]
[54.04]
[56.12]
[53.08]
[60.33]
[38.11]
[64.66]
[62.07]
[50.21]
[45.53]
[67.12]
[58.52]
[53.52]
[50.52]
[53.77]
[41.06]
[38.17]
[35.45]
[50.08]
[57.71]
[43.73]
[61.41]
[54.5]
[42.43]
[96.98]
[93.31]
[95.73]
[93.08]
[91.61]
[94.94]
[85.74]
[88.4]
[98.74]
[90.94]
[95.37]
[98.5]
[45.13]
[47.61]
[67.66]
[39.1]
[71.69]
[37.29]
[69.59]
[19.53]
[12.7]
[49.99]
[27.12]
[31.05]
[19.21]
[28.46]
[14.31]
[9.94]
[17.83]
[28.86]
[44.83]
[46.46]
[52.06]
[24.01]
[9.42]
[50.97]
[57.23]
[44.2]
[37.8]
[12.15]
[9.41]
[10.47]
[20.43]
[33.31]
[48.25]
[44.01]
[55.45]
[12.7]
[10.36]
[51.64]
[50.92]
[50.38]
[49.93]
[49.1]
[13.79]
[10.13]
[29.22]
[34.2]
[23.2]
[39.35]
[38.77]
[14.08]
[10.2]
[32.49]
[35.58]
[33.86]
[32.24]
[29.9]
[23.23]
[16.87]
[24.9]
[28.37]
[17.49]
[16.74]
[47.53]
[16.06]
[15.03]
[32.65]
[36.66]
[33.79]
[32.62]
[31.6]
[12.79]
[8.68]
[29.3]
[28.48]
[33.01]
[32.79]
[29.71]
[12.11]
[7.79]
[7.39]
[5.3]
[5.33]
[5.36]
[5.41]
[5.44]
[5.46]
[5.48]
[5.51]
[5.52]
[5.54]
[5.55]
[5.56]
[5.57]
[5.58]
[5.41]
[5.59]
[5.59]
[5.59]
[5.59]
[5.59]
[5.59]
[5.52]
[9.82]
[15.53]
[16.95]
[20.82]
[11.7]
[14.18]
[15.4]
[23.39]
[19.41]
[16.47]
[11.42]
[6.71]
[12.54]
[12.67]
[10.63]
[11.37]
[12.05]
[14.44]
[14.47]
[12.32]
[14.46]
[13.82]
[14.57]
[14.58]
[8.47]
[14.78]
[14.81]
[14.47]
[5.31]
[5.31]
[5.29]
[6.65]
[12.03]
[10.97]
[11.68]
[7.09]
[5.32]
[5.32]
[5.33]
[5.32]
[5.32]
[7.66]
[5.32]
[5.32]
[5.32]
[5.29]
[5.21]
[5.09]
[5.1]
[5.1]
[5.1]
[5.11]
[5.11]
[5.1]
[5.12]
[5.22]
[5.48]
[5.49]
[5.27]
[5.12]
[5.13]
[5.12]
[5.12]
[5.11]
[5.16]
[8.76]
[8.76]
[8.94]
[8.95]
[8.95]
[10.8]
[10.34]
[8.93]
[12.82]
[12.41]
[9.78]
[12.71]
[13.05]
[9.78]
[9.61]
[13.47]
[13.71]
[13.82]
[13.8]
[20.11]
[12.1]
[10.21]
[15.44]
[19.36]
[24.22]
[16.35]
[13.82]
[12.91]
[11.05]
[11.21]
[12.63]
[12.73]
[13.93]
[14.]
[12.75]
[12.72]
[14.06]
[13.64]
[13.18]
[14.13]
[14.47]
[12.97]
[12.08]
[13.53]
[13.92]
[14.]
[14.03]
[13.47]
[12.53]
[12.61]
[12.89]
[13.87]
[13.64]
[12.29]
[13.75]
[12.77]
[12.77]
[13.97]
[13.97]
[12.95]
[15.58]
[14.78]
[14.97]
[14.82]
[14.67]
[14.69]
[14.7]
[14.81]
[14.7]
[17.5]
[18.04]
[19.37]
[14.58]
[14.62]
[14.69]
[14.75]
[14.6]
[14.39]
[14.42]
[14.49]
[14.55]
[14.59]
[14.62]
[14.6]
[14.31]
[14.23]
[14.12]
[14.15]
[14.3]
[14.52]
[14.49]
[14.43]
[14.23]
[14.17]
[14.28]
[14.37]
[14.29]
[14.2]
[14.09]
[14.11]
[14.23]
[14.04]
[14.13]
[14.15]
[14.07]
[14.02]
[13.88]
[13.88]
[13.78]
[13.82]
[13.92]
[14.08]
[13.97]
[13.86]
[13.82]
[13.83]
[13.99]
[14.01]
[13.84]
[13.78]
[13.71]
[13.96]
[14.1]
[13.99]
[13.72]
[16.98]
[13.92]
[13.67]
[13.53]
[13.42]
[13.41]
[13.36]
[14.17]
[14.52]
[14.48]
[14.44]
[14.41]
[14.38]
[14.37]
[14.35]
[14.34]
[14.31]
[15.25]
[14.32]
[14.31]
[14.29]
[14.29]
[14.58]
[14.56]
[12.15]
[11.95]
[11.88]
[11.87]
[11.82]
[13.39]
[11.95]
[11.94]
[11.89]
[11.86]
[11.86]
[11.84]
[11.83]
[11.81]
[11.86]
[11.86]
[11.8]
[11.8]
[11.79]
[11.78]
[11.77]
[11.96]
[11.94]
[11.9]
[11.85]
[11.35]
[11.83]
[11.8]
[12.]
[12.06]
[12.03]
[9.66]
[9.6]
[9.59]
[9.63]
[9.74]
[9.73]
[9.68]
[9.68]
[9.7]
[9.68]
[9.68]
[9.67]
[9.67]
[9.73]
[9.77]
[9.75]
[9.77]
[9.77]
[9.77]
[9.74]
[9.74]
[9.73]
[9.72]
[9.75]
[9.75]
[9.79]
[9.77]
[9.77]
[9.78]
[9.77]
[9.09]
[9.09]
[8.91]
[8.69]
[8.69]
[8.66]
[8.69]
[8.7]
[8.7]
[8.66]
[8.67]
[8.77]
[8.78]
[8.78]
[8.77]
[8.78]
[8.77]
[8.74]
[8.74]
[8.77]
[8.77]
[8.77]
[8.76]
[8.77]
[8.76]
[8.77]
[8.77]
[8.76]
[8.76]
[8.77]
[8.71]
[8.26]
[8.23]
[8.06]
[8.02]
[8.01]
[8.04]
[8.06]
[8.04]
[8.05]
[8.06]
[8.05]
[8.05]
[8.07]
[8.07]
[8.06]
[8.04]
[8.08]
[8.07]
[8.07]
[8.03]
[8.1]
[8.09]
[8.1]
[8.11]
[8.1]
[8.11]
[8.12]
[8.11]
[8.11]
[8.13]
[6.13]
[6.11]
[5.91]
[5.29]
[5.35]
[5.29]
[5.31]
[5.3]
[5.3]
[5.3]
[5.31]
[5.3]
[5.27]
[5.29]
[5.29]
[5.29]
[5.3]
[5.3]
[5.34]
[5.31]
[5.31]
[5.32]
[5.32]
[5.31]
[5.33]
[5.32]
[5.32]
[5.31]
[5.33]
[5.32]
[5.34]
[5.34]
[5.89]
[5.74]
[5.51]
[5.5]
[7.49]
[7.16]
[5.55]
[5.56]
[5.48]
[5.43]
[5.41]
[5.42]
[5.48]
[5.44]
[5.44]
[5.44]
[7.99]
[5.37]
[5.4]
[5.41]
[5.38]
[5.38]
[5.39]
[5.38]
[5.38]
[5.43]
[5.4]
[5.41]
[5.42]
[5.41]
[5.41]
[5.41]
[5.41]
[5.42]
[5.44]
[5.44]
[5.45]
[5.47]
[5.47]
[5.4]
[5.42]
[5.44]
[5.46]
[5.47]
[5.46]
[5.46]
[5.47]
[5.47]
[5.42]
[5.48]
[5.49]
[5.48]
[5.46]
[5.46]
[5.5]
[5.51]
[5.48]
[5.46]
[9.04]
[9.13]
[9.13]
[9.16]
[9.17]
[9.17]
[9.19]
[9.21]
[9.24]
[9.24]
[9.22]
[9.2]
[9.27]
[9.28]
[9.28]
[9.29]
[9.32]
[9.33]
[9.33]
[9.34]
[9.36]
[9.37]
[9.38]
[9.41]
[9.41]
[9.41]
[9.41]
[9.42]
[9.83]
[9.49]
[9.52]
[12.18]
[12.29]
[12.29]
[12.33]
[12.37]
[12.42]
[12.45]
[12.39]
[15.27]
[16.55]
[14.11]
[12.06]
[12.15]
[12.22]
[12.2]
[14.89]
[12.24]
[12.29]
[12.3]
[12.82]
[12.19]
[12.16]
[12.29]
[12.32]
[12.3]
[12.41]
[12.47]
[12.46]
[12.66]
[12.65]
[14.68]
[15.59]
[15.66]
[15.62]
[15.61]
[15.62]
[15.55]
[15.55]
[15.53]
[15.48]
[15.58]
[15.63]
[15.67]
[15.73]
[15.76]
[15.69]
[15.74]
[15.74]
[15.7]
[15.75]
[15.81]
[15.74]
[15.69]
[15.67]
[15.67]
[15.69]
[15.71]
[15.78]
[15.82]
[15.85]
[15.84]
[15.82]
[15.81]
[15.68]
[15.65]
[15.45]
[15.76]
[15.72]
[15.72]
[15.72]
[15.86]
[15.62]
[15.55]
[15.84]
[15.47]
[15.85]
[15.91]
[15.89]
[15.6]
[15.96]
[15.99]
[15.84]
[15.77]
[15.99]
[15.57]
[15.56]
[15.78]
[15.69]
[15.67]
[15.63]
[15.75]
[15.5]
[15.92]
[15.96]
[15.99]
[16.2]
[15.99]
[15.99]
[15.96]
[15.93]
[15.94]
[15.96]
[15.89]
[15.75]
[15.57]
[14.85]
[16.98]
[17.18]
[17.15]
[16.64]
[16.94]
[16.89]
[16.85]
[16.85]
[16.82]
[22.09]
[48.14]
[54.09]
[52.25]
[50.82]
[26.21]
[24.32]
[46.38]
[54.6]
[55.32]
[58.59]
[42.22]
[59.61]
[52.27]
[91.07]
[134.99]
[99.13]
[93.08]
[89.49]
[90.15]
[90.7]
[92.91]
[90.54]
[92.41]
[91.17]
[89.85]
[54.37]
[55.31]
[91.98]
[89.63]
[92.51]
[92.65]
[53.92]
[58.15]
[118.86]
[121.02]
[128.01]
[129.11]
[130.04]
[130.07]
[129.96]
[130.52]
[93.73]
[94.19]
[93.43]
[94.32]
[94.03]
[49.04]
[42.92]
[63.69]
[56.03]
[54.7]
[38.34]
[11.79]
[11.72]
[12.96]
[33.11]
[57.23]
[47.44]
[52.93]
[38.46]
[13.38]
[10.84]
[32.12]
[12.86]
[13.04]
[11.96]
[9.06]
[9.09]
[9.87]
[13.99]
[13.87]
[12.77]
[11.54]
[13.62]
[10.08]
[9.89]
[11.66]
[11.41]
[10.97]
[12.27]
[12.58]
[13.52]
[14.11]
[18.19]
[19.12]
[13.6]
[13.55]
[13.48]
[13.43]
[13.64]
[13.07]
[13.76]
[13.75]
[12.85]
[13.71]
[11.22]
[9.92]
[11.7]
[12.05]
[15.5]
[15.5]
[20.41]
[11.86]
[11.21]
[12.16]
[10.03]
[8.58]
[11.93]
[24.96]
[9.81]
[9.12]
[11.89]
[11.97]
[19.72]
[18.14]
[16.04]
[11.71]
[13.74]
[39.18]
[46.43]
[42.22]
[40.7]
[29.17]
[11.6]
[7.7]
[7.77]
[5.18]
[5.21]
[5.24]
[5.27]
[5.28]
[5.29]
[5.31]
[5.33]
[5.34]
[5.35]
[5.36]
[5.37]
[5.38]
[5.39]