0.8889263318842869, 0.9021246334845219, -6.0916467111609505, 202.874706187877[12.794788]
[10.514753]
[9.322574]
[11.14516]
[10.406207]
[7.096141]
[6.217763]
[6.2371016]
[6.172121]
[6.2164016]
[6.180555]
[6.1398506]
[6.2117567]
[8.333502]
[9.072286]
[9.018654]
[9.18919]
[9.940906]
[11.336723]
[10.801109]
[9.462335]
[9.48658]
[9.404676]
[9.406792]
[9.323295]
[9.389156]
[9.385792]
[9.333837]
[9.221365]
[9.202117]
[9.162882]
[9.333364]
[9.344984]
[9.266835]
[9.282874]
[9.357676]
[9.26496]
[9.564381]
[13.146138]
[10.441296]
[9.88449]
[10.237688]
[10.122625]
[9.8176565]
[11.378931]
[11.8719]
[11.8678875]
[11.927372]
[11.932287]
[12.420197]
[12.335268]
[12.065867]
[11.863468]
[11.991701]
[11.814146]
[11.846527]
[11.850695]
[11.872167]
[11.80803]
[11.843726]
[11.86685]
[11.862519]
[11.84257]
[11.945993]
[11.949402]
[12.084124]
[12.375289]
[12.271089]
[11.991912]
[12.257804]
[14.581834]
[10.119331]
[11.0131035]
[11.85692]
[37.353123]
[17.148455]
[14.209617]
[14.121391]
[14.129369]
[14.160158]
[14.304862]
[14.366475]
[14.379414]
[14.545022]
[14.568616]
[14.386713]
[14.396532]
[14.414632]
[14.537165]
[14.447403]
[14.543071]
[14.579123]
[14.726729]
[14.473114]
[14.421035]
[14.596443]
[14.55562]
[14.4321]
[14.412793]
[14.41073]
[15.036221]
[14.895403]
[15.132465]
[15.75329]
[15.776012]
[16.50055]
[20.734669]
[23.51708]
[20.826746]
[34.30726]
[60.97101]
[44.285263]
[74.5323]
[84.28595]
[86.15537]
[89.86519]
[137.51958]
[105.35019]
[67.19033]
[59.12009]
[63.511803]
[60.729828]
[56.122787]
[53.018543]
[53.793304]
[50.798687]
[42.57432]
[49.72432]
[52.630962]
[50.47002]
[50.541588]
[53.749264]
[32.930874]
[28.844984]
[43.429897]
[49.891026]
[45.90793]
[49.96986]
[45.793777]
[23.490437]
[25.21444]
[46.10888]
[50.67294]
[80.441216]
[108.90511]
[148.60432]
[168.97113]
[175.68831]
[209.97258]
[185.83699]
[148.8132]
[144.73601]
[130.67097]
[104.38709]
[87.98327]
[112.604164]
[120.031334]
[122.493195]
[124.73196]
[132.1949]
[113.229546]
[101.60092]
[93.7814]
[92.22495]
[90.226364]
[90.1006]
[95.058235]
[75.66892]
[68.23365]
[76.16431]
[74.25003]
[71.09138]
[69.37223]
[69.03191]
[61.963547]
[59.64865]
[56.459034]
[58.700806]
[45.322586]
[56.825058]
[57.687267]
[50.746998]
[47.843277]
[59.245575]
[54.14884]
[48.714935]
[45.296673]
[46.439003]
[41.936764]
[43.646072]
[48.19023]
[65.408714]
[67.192]
[60.724854]
[65.17692]
[58.632828]
[60.254322]
[96.64069]
[94.74171]
[90.25446]
[86.254]
[83.55605]
[85.44567]
[83.9318]
[87.69995]
[94.111946]
[91.83725]
[100.09497]
[102.5512]
[75.23118]
[72.91618]
[76.25787]
[57.384884]
[71.965866]
[52.47416]
[65.41293]
[38.716732]
[29.866108]
[48.82888]
[38.246468]
[37.03307]
[30.071835]
[33.24645]
[25.878103]
[21.07878]
[24.84075]
[30.932405]
[39.0884]
[40.396217]
[43.8057]
[31.637197]
[23.235676]
[44.584793]
[51.033142]
[43.292194]
[39.61456]
[27.187809]
[24.565418]
[25.018978]
[29.32149]
[34.779877]
[42.010868]
[40.06435]
[45.381145]
[23.506138]
[19.526329]
[41.941162]
[42.825813]
[41.871204]
[41.916508]
[40.118156]
[22.694223]
[20.831356]
[31.821348]
[34.19933]
[27.541882]
[33.84174]
[33.75007]
[20.387995]
[15.533962]
[27.390244]
[30.45457]
[29.269125]
[27.508734]
[25.89936]
[21.780628]
[17.864826]
[21.949137]
[24.69801]
[19.837189]
[20.62289]
[39.45098]
[24.001692]
[18.593246]
[27.338316]
[30.05537]
[28.431839]
[27.003115]
[25.886122]
[15.515361]
[11.222529]
[22.399794]
[22.904903]
[24.675142]
[25.575676]
[23.825806]
[14.301255]
[9.617578]
[8.701731]
[7.4103317]
[7.0080175]
[7.2208986]
[7.567796]
[7.3745494]
[7.114062]
[6.9908133]
[6.9839005]
[7.019668]
[6.9346194]
[6.825347]
[6.70624]
[6.6918583]
[6.702441]
[6.5968304]
[6.56732]
[6.4803376]
[6.4578195]
[6.4578195]
[6.4578195]
[6.4578195]
[6.317092]
[8.351466]
[13.887959]
[14.160547]
[15.7977705]
[11.74203]
[11.903015]
[12.803827]
[17.068722]
[15.792126]
[14.145765]
[11.157742]
[7.7171054]
[10.1903305]
[11.034402]
[10.004838]
[10.101107]
[10.63746]
[12.229259]
[12.600369]
[11.302515]
[12.2284775]
[19.020884]
[14.062816]
[12.893117]
[9.371322]
[12.21465]
[13.08488]
[12.90161]
[7.7622313]
[6.297511]
[6.2576485]
[6.9344845]
[10.05614]
[10.6226225]
[10.655351]
[8.180723]
[6.5261397]
[6.247081]
[6.244184]
[6.2165914]
[6.1747174]
[7.5467963]
[6.54157]
[6.213133]
[6.2636385]
[6.17572]
[6.1941094]
[6.2296834]
[6.6725802]
[6.3711185]
[6.261524]
[6.2597356]
[6.123601]
[6.170461]
[6.180374]
[6.218308]
[6.3258095]
[6.412866]
[6.3648105]
[6.3629155]
[6.0797424]
[6.2255]
[6.19692]
[6.1926303]
[6.198305]
[8.169923]
[8.805873]
[13.403789]
[10.355417]
[8.96673]
[10.186727]
[10.059931]
[9.298369]
[12.033418]
[11.900783]
[10.15762]
[11.505939]
[12.13592]
[10.35548]
[9.801483]
[12.0798435]
[12.941931]
[12.886551]
[12.9829445]
[17.456488]
[13.024707]
[10.587164]
[13.659507]
[17.181234]
[20.539701]
[15.657281]
[13.641676]
[12.661281]
[11.289431]
[11.16221]
[12.038224]
[12.341184]
[13.222643]
[13.444301]
[12.651657]
[12.496567]
[13.281075]
[13.013604]
[12.9553385]
[13.417469]
[13.485547]
[12.615723]
[11.932481]
[12.640524]
[12.923981]
[12.980608]
[13.052612]
[12.552616]
[11.997463]
[12.458107]
[13.635857]
[13.872846]
[12.802981]
[12.533107]
[14.420073]
[13.212718]
[11.941937]
[12.878112]
[13.175124]
[12.588104]
[14.093672]
[13.877539]
[14.076117]
[14.025387]
[13.815978]
[13.710687]
[13.829027]
[14.005685]
[13.884014]
[15.607901]
[18.208021]
[17.341982]
[14.222585]
[14.257646]
[14.417532]
[14.559187]
[14.630295]
[13.964142]
[13.993067]
[14.122032]
[14.245542]
[14.392529]
[14.377984]
[14.42901]
[14.056911]
[13.753264]
[13.683961]
[13.688488]
[13.716904]
[13.894873]
[13.853981]
[13.824182]
[13.710647]
[13.584786]
[13.569909]
[13.714496]
[13.603007]
[13.444648]
[13.375587]
[13.359847]
[13.464202]
[13.333429]
[13.345078]
[13.420518]
[13.415798]
[13.292791]
[13.04881]
[13.136092]
[12.992015]
[12.809315]
[13.06101]
[13.14025]
[12.997492]
[12.894649]
[12.815011]
[12.798924]
[12.812418]
[12.974647]
[12.861577]
[12.824904]
[12.892937]
[12.988086]
[13.338784]
[13.198981]
[13.649234]
[13.313289]
[11.440738]
[18.268438]
[9.831403]
[12.952388]
[12.456744]
[13.163007]
[13.701766]
[14.2767105]
[14.659786]
[14.813749]
[14.7070875]
[14.55587]
[14.42348]
[14.652829]
[14.705644]
[14.436415]
[15.011586]
[14.64435]
[14.432232]
[14.374296]
[14.306441]
[13.781461]
[14.67869]
[13.406431]
[12.572178]
[12.639276]
[13.283929]
[13.055781]
[13.909077]
[13.2589245]
[12.61729]
[12.541631]
[12.501336]
[12.391079]
[12.636825]
[12.631852]
[12.345814]
[12.281647]
[12.250982]
[12.20918]
[12.07776]
[12.001509]
[12.050725]
[12.31079]
[13.139063]
[14.0203905]
[14.049944]
[13.193499]
[12.887243]
[12.842648]
[12.426564]
[12.200306]
[12.360299]
[13.040846]
[11.946812]
[10.622739]
[9.9856615]
[10.0844]
[10.213351]
[10.149897]
[10.211299]
[10.093353]
[10.177201]
[10.075504]
[10.127367]
[10.132013]
[10.025882]
[10.168638]
[10.077956]
[10.179049]
[10.10456]
[10.13732]
[10.0864725]
[10.088173]
[10.023975]
[10.04853]
[9.982164]
[10.027079]
[10.036158]
[10.056847]
[9.998025]
[10.017758]
[10.081244]
[9.997776]
[9.720329]
[9.511026]
[9.420624]
[9.193616]
[9.170288]
[9.263031]
[9.225189]
[9.185019]
[9.16176]
[9.107249]
[9.287033]
[10.013013]
[10.199762]
[9.598737]
[9.540163]
[9.402949]
[9.322568]
[9.280317]
[9.236907]
[9.235875]
[9.308348]
[9.168719]
[9.219407]
[9.207221]
[9.100745]
[9.245556]
[9.452944]
[9.375786]
[9.261497]
[9.478707]
[9.239475]
[8.873334]
[8.756977]
[8.687222]
[8.617364]
[8.5603]
[8.663233]
[8.648358]
[8.582102]
[8.559313]
[8.643676]
[8.56345]
[8.59268]
[8.603816]
[8.604996]
[8.554689]
[8.624896]
[8.560894]
[8.592686]
[8.544757]
[8.552952]
[8.649249]
[8.529606]
[8.58351]
[8.6503]
[8.634782]
[8.580147]
[8.674255]
[8.6322975]
[8.739806]
[8.700709]
[7.5267267]
[7.18028]
[7.0252895]
[6.593437]
[6.580526]
[6.488976]
[6.576388]
[6.5064855]
[6.511801]
[6.5764422]
[6.5121884]
[6.53317]
[6.515456]
[6.5216694]
[6.5495152]
[6.501673]
[6.512038]
[6.605386]
[6.4867053]
[6.5611386]
[6.602653]
[6.5355945]
[6.5631433]
[6.5598135]
[6.5719714]
[6.573464]
[6.5703735]
[6.568611]
[6.57779]
[6.608294]
[6.54246]
[6.6482406]
[6.881919]
[6.9499364]
[10.042668]
[7.6577783]
[8.259771]
[8.592687]
[7.1909957]
[6.8006034]
[6.749815]
[6.7030473]
[6.9898796]
[6.753058]
[6.992802]
[6.7592745]
[6.9882026]
[6.7550263]
[8.672944]
[7.450944]
[6.9395103]
[6.8987103]
[6.8589573]
[6.8190107]
[6.779064]
[6.520249]
[6.68117]
[6.4265575]
[8.42022]
[6.7858663]
[6.3692656]
[6.486562]
[6.28472]
[6.282999]
[6.3844266]
[6.197844]
[6.346883]
[6.270254]
[6.143513]
[6.2467203]
[6.0602155]
[6.052592]
[5.9864035]
[6.077845]
[5.9350476]
[6.050146]
[5.86897]
[5.909196]
[5.8526797]
[5.8858557]
[5.721737]
[5.7992554]
[5.79937]
[5.6674266]
[5.718517]
[5.6926064]
[5.5835705]
[5.702138]
[5.5677366]
[5.600257]
[8.493675]
[8.786772]
[9.164188]
[8.868334]
[9.156517]
[9.273941]
[9.248163]
[9.214408]
[9.809751]
[9.36686]
[9.7757015]
[9.3337345]
[9.742078]
[9.30128]
[9.710763]
[9.8793]
[9.298587]
[9.180765]
[9.156997]
[9.179357]
[9.214033]
[9.236833]
[9.224428]
[9.589576]
[9.261577]
[9.653501]
[9.427978]
[9.146584]
[9.79927]
[9.879741]
[9.850061]
[11.474648]
[11.861494]
[11.784158]
[12.27125]
[11.778967]
[12.107771]
[12.695197]
[12.713073]
[14.995728]
[15.967644]
[14.231093]
[11.890505]
[11.956085]
[12.002368]
[12.403449]
[15.004669]
[12.161898]
[12.163439]
[12.063439]
[12.360776]
[11.490213]
[11.089286]
[11.101625]
[11.28672]
[11.377173]
[11.669248]
[11.639262]
[11.523891]
[11.815034]
[11.878506]
[13.164145]
[13.5321245]
[13.722473]
[13.944931]
[13.522565]
[13.326914]
[12.606491]
[12.612202]
[12.769242]
[14.23538]
[13.222766]
[19.684534]
[14.866734]
[14.402396]
[11.803447]
[13.955709]
[15.177061]
[15.33203]
[15.340215]
[15.434682]
[15.418202]
[15.346415]
[15.312786]
[15.168864]
[14.938915]
[14.601597]
[14.58048]
[14.016526]
[14.406592]
[14.188195]
[14.239426]
[14.127942]
[14.390259]
[14.744602]
[15.480595]
[15.240948]
[13.239914]
[14.853072]
[15.783921]
[16.416632]
[16.295834]
[16.261162]
[15.654227]
[16.500278]
[16.044678]
[16.1719]
[16.54061]
[16.411856]
[15.945244]
[16.157875]
[16.154463]
[16.0302]
[15.903139]
[15.952124]
[16.308674]
[17.02876]
[16.2501]
[15.514526]
[15.692566]
[15.764412]
[15.898455]
[15.944884]
[16.448885]
[16.537512]
[17.274923]
[17.55532]
[16.374743]
[16.554472]
[16.630577]
[17.042463]
[17.150179]
[17.268028]
[17.671644]
[20.68946]
[25.004599]
[20.017391]
[25.877136]
[27.88834]
[24.269138]
[22.345367]
[20.587986]
[5.98254]
[13.886203]
[17.40752]
[17.181532]
[20.361923]
[35.955032]
[43.19332]
[51.067135]
[56.1766]
[46.61553]
[43.293736]
[58.468357]
[67.91355]
[65.29818]
[64.010864]
[55.180737]
[74.63857]
[93.777054]
[99.80247]
[122.80173]
[114.40121]
[123.666374]
[109.70019]
[103.762024]
[98.90997]
[99.702484]
[95.69819]
[91.81206]
[88.35698]
[87.970634]
[75.609505]
[74.47936]
[87.35575]
[86.26148]
[88.43103]
[91.57592]
[89.02859]
[93.429756]
[111.12778]
[120.87863]
[139.03673]
[139.49103]
[131.83328]
[130.84308]
[134.16151]
[130.44678]
[102.27501]
[102.08363]
[98.41711]
[95.34162]
[93.551994]
[62.90503]
[52.688683]
[62.435078]
[58.443417]
[54.681137]
[43.316246]
[26.719543]
[23.478004]
[23.989346]
[34.809414]
[48.506516]
[43.853935]
[45.33043]
[37.563942]
[22.514519]
[18.594593]
[30.966347]
[22.14254]
[19.431734]
[18.737108]
[16.591984]
[15.615661]
[15.675366]
[17.978483]
[18.290651]
[17.207855]
[16.072582]
[16.866417]
[15.082818]
[14.53202]
[15.714942]
[15.770036]
[15.006136]
[15.402652]
[15.633879]
[15.858803]
[16.172962]
[18.270761]
[18.717968]
[15.681005]
[14.994774]
[15.689715]
[16.288664]
[16.181717]
[15.41597]
[15.470696]
[15.467374]
[14.779518]
[15.111937]
[13.72065]
[12.361995]
[13.400718]
[14.621496]
[17.03167]
[17.378666]
[20.006393]
[16.503544]
[15.954151]
[16.455456]
[14.687898]
[12.983114]
[14.209486]
[21.472591]
[14.334039]
[11.715877]
[12.98552]
[13.17633]
[17.28148]
[16.89228]
[15.580529]
[12.969811]
[13.241931]
[26.285646]
[31.451239]
[30.273424]
[29.148148]
[22.712566]
[14.794439]
[12.824844]
[11.699316]
[9.697084]
[8.695301]
[8.350738]
[8.066799]
[7.4807696]
[7.4227295]
[7.685303]
[7.8024592]
[7.524124]
[7.3898125]
[7.485073]
[7.2642937]
[7.233027][10.25]
[9.45]
[13.02]
[10.69]
[5.31]
[5.25]
[5.26]
[5.31]
[5.31]
[5.3]
[5.29]
[5.3]
[9.25]
[9.31]
[9.28]
[9.29]
[9.27]
[9.26]
[9.25]
[9.26]
[9.26]
[9.27]
[9.25]
[9.25]
[9.32]
[9.28]
[9.26]
[9.22]
[9.21]
[9.23]
[9.23]
[9.06]
[9.24]
[9.25]
[9.24]
[9.29]
[9.55]
[9.28]
[9.27]
[9.27]
[9.25]
[9.24]
[9.28]
[12.21]
[12.29]
[12.32]
[12.27]
[12.3]
[12.29]
[12.25]
[12.25]
[12.25]
[12.29]
[12.3]
[12.3]
[12.31]
[12.36]
[12.34]
[12.35]
[12.36]
[12.37]
[12.39]
[12.39]
[12.4]
[12.36]
[12.39]
[12.4]
[12.41]
[12.52]
[12.25]
[12.25]
[12.03]
[12.31]
[26.75]
[15.2]
[15.05]
[15.12]
[15.03]
[15.09]
[15.17]
[15.22]
[15.41]
[15.4]
[15.43]
[15.24]
[15.14]
[15.08]
[15.29]
[15.3]
[15.23]
[15.22]
[15.17]
[15.21]
[15.24]
[15.21]
[15.26]
[15.09]
[15.03]
[14.94]
[15.09]
[15.28]
[15.3]
[15.52]
[15.38]
[15.46]
[15.26]
[15.55]
[15.54]
[15.27]
[22.36]
[17.87]
[15.85]
[42.75]
[82.22]
[94.05]
[93.25]
[90.97]
[55.68]
[49.63]
[58.09]
[56.67]
[54.59]
[53.59]
[58.05]
[53.08]
[41.74]
[57.88]
[58.89]
[56.17]
[56.45]
[59.98]
[24.57]
[23.68]
[48.95]
[58.59]
[52.66]
[61.65]
[55.39]
[15.63]
[15.57]
[49.45]
[48.02]
[57.5]
[95.04]
[91.35]
[127.12]
[159.08]
[215.85]
[192.9]
[144.63]
[136.75]
[131.02]
[99.64]
[86.83]
[129.19]
[131.03]
[129.73]
[130.49]
[130.52]
[92.3]
[87.76]
[90.33]
[91.84]
[90.24]
[92.4]
[96.82]
[52.74]
[45.22]
[55.96]
[60.38]
[51.61]
[55.5]
[62.81]
[54.04]
[56.12]
[53.08]
[60.33]
[38.11]
[64.66]
[62.07]
[50.21]
[45.53]
[67.12]
[58.52]
[53.52]
[50.52]
[53.77]
[41.06]
[38.17]
[35.45]
[50.08]
[57.71]
[43.73]
[61.41]
[54.5]
[42.43]
[96.98]
[93.31]
[95.73]
[93.08]
[91.61]
[94.94]
[85.74]
[88.4]
[98.74]
[90.94]
[95.37]
[98.5]
[45.13]
[47.61]
[67.66]
[39.1]
[71.69]
[37.29]
[69.59]
[19.53]
[12.7]
[49.99]
[27.12]
[31.05]
[19.21]
[28.46]
[14.31]
[9.94]
[17.83]
[28.86]
[44.83]
[46.46]
[52.06]
[24.01]
[9.42]
[50.97]
[57.23]
[44.2]
[37.8]
[12.15]
[9.41]
[10.47]
[20.43]
[33.31]
[48.25]
[44.01]
[55.45]
[12.7]
[10.36]
[51.64]
[50.92]
[50.38]
[49.93]
[49.1]
[13.79]
[10.13]
[29.22]
[34.2]
[23.2]
[39.35]
[38.77]
[14.08]
[10.2]
[32.49]
[35.58]
[33.86]
[32.24]
[29.9]
[23.23]
[16.87]
[24.9]
[28.37]
[17.49]
[16.74]
[47.53]
[16.06]
[15.03]
[32.65]
[36.66]
[33.79]
[32.62]
[31.6]
[12.79]
[8.68]
[29.3]
[28.48]
[33.01]
[32.79]
[29.71]
[12.11]
[7.79]
[7.39]
[5.3]
[5.33]
[5.36]
[5.41]
[5.44]
[5.46]
[5.48]
[5.51]
[5.52]
[5.54]
[5.55]
[5.56]
[5.57]
[5.58]
[5.41]
[5.59]
[5.59]
[5.59]
[5.59]
[5.59]
[5.59]
[5.52]
[9.82]
[15.53]
[16.95]
[20.82]
[11.7]
[14.18]
[15.4]
[23.39]
[19.41]
[16.47]
[11.42]
[6.71]
[12.54]
[12.67]
[10.63]
[11.37]
[12.05]
[14.44]
[14.47]
[12.32]
[14.46]
[13.82]
[14.57]
[14.58]
[8.47]
[14.78]
[14.81]
[14.47]
[5.31]
[5.31]
[5.29]
[6.65]
[12.03]
[10.97]
[11.68]
[7.09]
[5.32]
[5.32]
[5.33]
[5.32]
[5.32]
[7.66]
[5.32]
[5.32]
[5.32]
[5.29]
[5.21]
[5.09]
[5.1]
[5.1]
[5.1]
[5.11]
[5.11]
[5.1]
[5.12]
[5.22]
[5.48]
[5.49]
[5.27]
[5.12]
[5.13]
[5.12]
[5.12]
[5.11]
[5.16]
[8.76]
[8.76]
[8.94]
[8.95]
[8.95]
[10.8]
[10.34]
[8.93]
[12.82]
[12.41]
[9.78]
[12.71]
[13.05]
[9.78]
[9.61]
[13.47]
[13.71]
[13.82]
[13.8]
[20.11]
[12.1]
[10.21]
[15.44]
[19.36]
[24.22]
[16.35]
[13.82]
[12.91]
[11.05]
[11.21]
[12.63]
[12.73]
[13.93]
[14.]
[12.75]
[12.72]
[14.06]
[13.64]
[13.18]
[14.13]
[14.47]
[12.97]
[12.08]
[13.53]
[13.92]
[14.]
[14.03]
[13.47]
[12.53]
[12.61]
[12.89]
[13.87]
[13.64]
[12.29]
[13.75]
[12.77]
[12.77]
[13.97]
[13.97]
[12.95]
[15.58]
[14.78]
[14.97]
[14.82]
[14.67]
[14.69]
[14.7]
[14.81]
[14.7]
[17.5]
[18.04]
[19.37]
[14.58]
[14.62]
[14.69]
[14.75]
[14.6]
[14.39]
[14.42]
[14.49]
[14.55]
[14.59]
[14.62]
[14.6]
[14.31]
[14.23]
[14.12]
[14.15]
[14.3]
[14.52]
[14.49]
[14.43]
[14.23]
[14.17]
[14.28]
[14.37]
[14.29]
[14.2]
[14.09]
[14.11]
[14.23]
[14.04]
[14.13]
[14.15]
[14.07]
[14.02]
[13.88]
[13.88]
[13.78]
[13.82]
[13.92]
[14.08]
[13.97]
[13.86]
[13.82]
[13.83]
[13.99]
[14.01]
[13.84]
[13.78]
[13.71]
[13.96]
[14.1]
[13.99]
[13.72]
[16.98]
[13.92]
[13.67]
[13.53]
[13.42]
[13.41]
[13.36]
[14.17]
[14.52]
[14.48]
[14.44]
[14.41]
[14.38]
[14.37]
[14.35]
[14.34]
[14.31]
[15.25]
[14.32]
[14.31]
[14.29]
[14.29]
[14.58]
[14.56]
[12.15]
[11.95]
[11.88]
[11.87]
[11.82]
[13.39]
[11.95]
[11.94]
[11.89]
[11.86]
[11.86]
[11.84]
[11.83]
[11.81]
[11.86]
[11.86]
[11.8]
[11.8]
[11.79]
[11.78]
[11.77]
[11.96]
[11.94]
[11.9]
[11.85]
[11.35]
[11.83]
[11.8]
[12.]
[12.06]
[12.03]
[9.66]
[9.6]
[9.59]
[9.63]
[9.74]
[9.73]
[9.68]
[9.68]
[9.7]
[9.68]
[9.68]
[9.67]
[9.67]
[9.73]
[9.77]
[9.75]
[9.77]
[9.77]
[9.77]
[9.74]
[9.74]
[9.73]
[9.72]
[9.75]
[9.75]
[9.79]
[9.77]
[9.77]
[9.78]
[9.77]
[9.09]
[9.09]
[8.91]
[8.69]
[8.69]
[8.66]
[8.69]
[8.7]
[8.7]
[8.66]
[8.67]
[8.77]
[8.78]
[8.78]
[8.77]
[8.78]
[8.77]
[8.74]
[8.74]
[8.77]
[8.77]
[8.77]
[8.76]
[8.77]
[8.76]
[8.77]
[8.77]
[8.76]
[8.76]
[8.77]
[8.71]
[8.26]
[8.23]
[8.06]
[8.02]
[8.01]
[8.04]
[8.06]
[8.04]
[8.05]
[8.06]
[8.05]
[8.05]
[8.07]
[8.07]
[8.06]
[8.04]
[8.08]
[8.07]
[8.07]
[8.03]
[8.1]
[8.09]
[8.1]
[8.11]
[8.1]
[8.11]
[8.12]
[8.11]
[8.11]
[8.13]
[6.13]
[6.11]
[5.91]
[5.29]
[5.35]
[5.29]
[5.31]
[5.3]
[5.3]
[5.3]
[5.31]
[5.3]
[5.27]
[5.29]
[5.29]
[5.29]
[5.3]
[5.3]
[5.34]
[5.31]
[5.31]
[5.32]
[5.32]
[5.31]
[5.33]
[5.32]
[5.32]
[5.31]
[5.33]
[5.32]
[5.34]
[5.34]
[5.89]
[5.74]
[5.51]
[5.5]
[7.49]
[7.16]
[5.55]
[5.56]
[5.48]
[5.43]
[5.41]
[5.42]
[5.48]
[5.44]
[5.44]
[5.44]
[7.99]
[5.37]
[5.4]
[5.41]
[5.38]
[5.38]
[5.39]
[5.38]
[5.38]
[5.43]
[5.4]
[5.41]
[5.42]
[5.41]
[5.41]
[5.41]
[5.41]
[5.42]
[5.44]
[5.44]
[5.45]
[5.47]
[5.47]
[5.4]
[5.42]
[5.44]
[5.46]
[5.47]
[5.46]
[5.46]
[5.47]
[5.47]
[5.42]
[5.48]
[5.49]
[5.48]
[5.46]
[5.46]
[5.5]
[5.51]
[5.48]
[5.46]
[9.04]
[9.13]
[9.13]
[9.16]
[9.17]
[9.17]
[9.19]
[9.21]
[9.24]
[9.24]
[9.22]
[9.2]
[9.27]
[9.28]
[9.28]
[9.29]
[9.32]
[9.33]
[9.33]
[9.34]
[9.36]
[9.37]
[9.38]
[9.41]
[9.41]
[9.41]
[9.41]
[9.42]
[9.83]
[9.49]
[9.52]
[12.18]
[12.29]
[12.29]
[12.33]
[12.37]
[12.42]
[12.45]
[12.39]
[15.27]
[16.55]
[14.11]
[12.06]
[12.15]
[12.22]
[12.2]
[14.89]
[12.24]
[12.29]
[12.3]
[12.82]
[12.19]
[12.16]
[12.29]
[12.32]
[12.3]
[12.41]
[12.47]
[12.46]
[12.66]
[12.65]
[14.68]
[15.59]
[15.66]
[15.62]
[15.61]
[15.62]
[15.55]
[15.55]
[15.53]
[15.48]
[15.58]
[15.63]
[15.67]
[15.73]
[15.76]
[15.69]
[15.74]
[15.74]
[15.7]
[15.75]
[15.81]
[15.74]
[15.69]
[15.67]
[15.67]
[15.69]
[15.71]
[15.78]
[15.82]
[15.85]
[15.84]
[15.82]
[15.81]
[15.68]
[15.65]
[15.45]
[15.76]
[15.72]
[15.72]
[15.72]
[15.86]
[15.62]
[15.55]
[15.84]
[15.47]
[15.85]
[15.91]
[15.89]
[15.6]
[15.96]
[15.99]
[15.84]
[15.77]
[15.99]
[15.57]
[15.56]
[15.78]
[15.69]
[15.67]
[15.63]
[15.75]
[15.5]
[15.92]
[15.96]
[15.99]
[16.2]
[15.99]
[15.99]
[15.96]
[15.93]
[15.94]
[15.96]
[15.89]
[15.75]
[15.57]
[14.85]
[16.98]
[17.18]
[17.15]
[16.64]
[16.94]
[16.89]
[16.85]
[16.85]
[16.82]
[22.09]
[48.14]
[54.09]
[52.25]
[50.82]
[26.21]
[24.32]
[46.38]
[54.6]
[55.32]
[58.59]
[42.22]
[59.61]
[52.27]
[91.07]
[134.99]
[99.13]
[93.08]
[89.49]
[90.15]
[90.7]
[92.91]
[90.54]
[92.41]
[91.17]
[89.85]
[54.37]
[55.31]
[91.98]
[89.63]
[92.51]
[92.65]
[53.92]
[58.15]
[118.86]
[121.02]
[128.01]
[129.11]
[130.04]
[130.07]
[129.96]
[130.52]
[93.73]
[94.19]
[93.43]
[94.32]
[94.03]
[49.04]
[42.92]
[63.69]
[56.03]
[54.7]
[38.34]
[11.79]
[11.72]
[12.96]
[33.11]
[57.23]
[47.44]
[52.93]
[38.46]
[13.38]
[10.84]
[32.12]
[12.86]
[13.04]
[11.96]
[9.06]
[9.09]
[9.87]
[13.99]
[13.87]
[12.77]
[11.54]
[13.62]
[10.08]
[9.89]
[11.66]
[11.41]
[10.97]
[12.27]
[12.58]
[13.52]
[14.11]
[18.19]
[19.12]
[13.6]
[13.55]
[13.48]
[13.43]
[13.64]
[13.07]
[13.76]
[13.75]
[12.85]
[13.71]
[11.22]
[9.92]
[11.7]
[12.05]
[15.5]
[15.5]
[20.41]
[11.86]
[11.21]
[12.16]
[10.03]
[8.58]
[11.93]
[24.96]
[9.81]
[9.12]
[11.89]
[11.97]
[19.72]
[18.14]
[16.04]
[11.71]
[13.74]
[39.18]
[46.43]
[42.22]
[40.7]
[29.17]
[11.6]
[7.7]
[7.77]
[5.18]
[5.21]
[5.24]
[5.27]
[5.28]
[5.29]
[5.31]
[5.33]
[5.34]
[5.35]
[5.36]
[5.37]
[5.38]
[5.39]