0.8799055256774075, 0.9019954353778288, -12.041355419538872, 210.9521030980834[14.623501]
[11.804451]
[10.8186]
[12.528561]
[11.511054]
[8.809051]
[8.2595215]
[8.364571]
[8.351161]
[8.311524]
[8.319598]
[8.192466]
[8.248355]
[10.025559]
[10.289748]
[10.324449]
[10.612034]
[11.590875]
[12.680177]
[14.292999]
[12.465396]
[11.825316]
[11.45302]
[11.3834715]
[11.255709]
[11.245019]
[11.241569]
[11.10393]
[10.951893]
[10.766111]
[10.773267]
[10.945148]
[11.055802]
[11.040257]
[11.030519]
[10.9499445]
[10.833851]
[11.08041]
[14.69029]
[12.129572]
[11.683991]
[12.344912]
[12.868427]
[12.552132]
[13.795553]
[13.813446]
[13.742745]
[13.674464]
[13.746186]
[14.220044]
[14.766832]
[14.388082]
[13.946306]
[13.825034]
[13.63945]
[13.580351]
[13.582571]
[13.538265]
[13.405324]
[13.363821]
[13.3716135]
[13.306205]
[13.246202]
[13.296742]
[13.453212]
[13.72964]
[14.261566]
[14.509028]
[14.049784]
[14.090061]
[16.597797]
[11.598512]
[12.998398]
[13.47615]
[37.532825]
[17.090673]
[14.830608]
[14.905122]
[14.824983]
[14.877474]
[15.02673]
[15.165305]
[14.992201]
[15.075011]
[15.215872]
[14.936865]
[15.013746]
[15.294707]
[15.612602]
[15.31852]
[15.424624]
[15.676581]
[16.116085]
[16.024069]
[15.590303]
[15.735805]
[15.815591]
[15.526669]
[15.456014]
[15.053411]
[15.642055]
[16.501917]
[16.355268]
[16.844965]
[17.301613]
[17.693666]
[24.074858]
[25.38606]
[24.79697]
[38.17515]
[56.116745]
[43.113644]
[71.42921]
[92.9356]
[91.65058]
[100.75121]
[133.8573]
[96.64131]
[74.27986]
[63.35229]
[66.096535]
[64.19278]
[58.683056]
[54.522205]
[55.403446]
[52.407986]
[44.25092]
[51.334747]
[54.101864]
[52.11878]
[51.898975]
[55.112423]
[34.88595]
[31.567291]
[45.88107]
[51.73066]
[47.517498]
[51.22142]
[46.411922]
[25.81581]
[25.44534]
[48.640625]
[51.45801]
[74.7497]
[104.50091]
[145.94524]
[169.6929]
[179.06213]
[211.25142]
[179.7834]
[156.42416]
[147.97208]
[132.71254]
[109.04431]
[92.00172]
[115.76199]
[118.864105]
[121.772934]
[123.30638]
[133.67592]
[111.09065]
[103.70495]
[98.559654]
[96.71541]
[93.71291]
[93.62567]
[97.96896]
[74.86552]
[67.00068]
[77.10765]
[76.68964]
[73.27219]
[71.77757]
[73.11565]
[65.52242]
[62.4765]
[58.262695]
[60.24266]
[46.37375]
[58.05435]
[58.515366]
[52.27091]
[49.65396]
[60.860565]
[54.714256]
[49.74603]
[46.467094]
[47.7345]
[43.142254]
[43.81521]
[48.292957]
[62.256493]
[69.574104]
[63.38311]
[68.90751]
[61.967533]
[56.749466]
[96.35253]
[98.3244]
[94.700134]
[88.29472]
[83.79829]
[84.466064]
[82.91178]
[88.03035]
[96.60242]
[94.40016]
[101.672516]
[104.07331]
[75.6671]
[71.55729]
[79.87507]
[61.053932]
[75.883896]
[56.234207]
[68.461655]
[41.46717]
[31.485386]
[51.02309]
[39.728386]
[38.957123]
[31.36288]
[35.07407]
[26.622856]
[21.048729]
[25.35821]
[32.507706]
[40.22473]
[41.049404]
[44.273727]
[31.87723]
[22.715448]
[46.363014]
[51.577564]
[43.815304]
[40.572628]
[27.568521]
[24.844898]
[24.475521]
[29.711975]
[36.062214]
[42.779045]
[40.47128]
[45.785885]
[24.169786]
[19.00436]
[43.07591]
[42.695393]
[42.14554]
[42.270435]
[40.60611]
[22.780079]
[19.745543]
[33.365505]
[35.63858]
[29.057983]
[35.67443]
[34.954796]
[21.43853]
[16.167854]
[29.338596]
[31.97473]
[30.859062]
[29.037893]
[27.560162]
[23.348804]
[19.173061]
[23.626602]
[26.694221]
[21.318272]
[21.068691]
[40.676933]
[25.360607]
[19.65958]
[29.658573]
[31.793682]
[30.287403]
[28.855814]
[27.768255]
[16.725632]
[12.533545]
[24.749187]
[24.684952]
[26.555414]
[27.210587]
[25.763767]
[15.783388]
[11.505549]
[10.935341]
[9.861388]
[9.557492]
[9.601779]
[9.869882]
[9.940496]
[9.564756]
[9.483065]
[9.413412]
[9.433685]
[9.402319]
[9.302419]
[9.18789]
[9.135831]
[9.141956]
[9.059609]
[9.061468]
[8.978015]
[8.915087]
[8.915087]
[8.915087]
[8.915087]
[8.836056]
[10.6095705]
[15.6464]
[15.618388]
[17.432873]
[12.89947]
[13.427966]
[14.413928]
[18.880438]
[17.266447]
[15.429946]
[12.430716]
[9.54417]
[11.9907]
[12.544725]
[11.408101]
[11.599117]
[12.098612]
[13.578512]
[13.781842]
[12.504718]
[13.418073]
[20.764397]
[14.979291]
[13.896968]
[10.688183]
[13.567425]
[14.016736]
[13.767994]
[9.221638]
[8.379297]
[8.448699]
[9.058121]
[11.638514]
[11.664752]
[11.712555]
[9.475189]
[8.391713]
[8.297866]
[8.336914]
[8.303785]
[8.220229]
[9.223491]
[8.3544235]
[8.195708]
[8.203298]
[8.221846]
[8.113414]
[8.088349]
[8.599934]
[9.027928]
[8.677714]
[8.670093]
[8.392086]
[8.355139]
[8.362593]
[8.3868475]
[8.451726]
[8.456051]
[8.356971]
[8.44872]
[8.230509]
[8.308407]
[8.379108]
[8.375455]
[8.2890005]
[9.864111]
[10.059532]
[14.768254]
[10.898493]
[10.204889]
[11.191446]
[10.93116]
[10.114998]
[13.114942]
[12.409873]
[10.7540045]
[12.328426]
[12.843596]
[10.977182]
[10.775176]
[13.353049]
[13.937072]
[13.688373]
[13.569216]
[18.314941]
[12.949972]
[11.13466]
[14.605666]
[18.093212]
[21.079062]
[15.768005]
[13.5395975]
[12.781984]
[11.496267]
[11.542337]
[12.54735]
[12.631265]
[13.516104]
[13.679503]
[12.822031]
[12.82418]
[13.948646]
[13.282018]
[13.161576]
[14.289761]
[14.327935]
[13.105724]
[12.514229]
[13.807564]
[14.040173]
[13.826506]
[13.879322]
[13.317369]
[12.702099]
[12.540056]
[13.109478]
[15.024117]
[15.05657]
[12.919692]
[14.154976]
[14.816683]
[14.401561]
[14.66092]
[14.5006]
[13.551674]
[15.497881]
[14.757554]
[14.788991]
[14.743911]
[14.705376]
[14.58839]
[14.349651]
[14.571006]
[14.470894]
[16.28101]
[18.564524]
[17.459969]
[14.221558]
[13.955244]
[14.384802]
[14.129735]
[14.810386]
[14.909559]
[14.615922]
[14.566833]
[14.350964]
[14.568396]
[14.511611]
[14.498744]
[14.339754]
[14.32495]
[13.990168]
[14.18071]
[14.162313]
[14.402181]
[14.263776]
[14.143238]
[13.858407]
[13.941605]
[13.715766]
[13.709369]
[13.69979]
[13.342384]
[13.1852865]
[13.072675]
[13.04277]
[12.897073]
[12.793831]
[12.632995]
[12.579975]
[12.824469]
[12.202583]
[12.426352]
[12.373414]
[11.979362]
[12.324333]
[12.445401]
[12.260717]
[12.225604]
[12.206043]
[12.206459]
[12.145406]
[12.453372]
[12.513856]
[12.577935]
[12.698761]
[12.676814]
[13.143737]
[13.636993]
[14.765358]
[16.428703]
[12.718365]
[16.279108]
[17.38616]
[14.537851]
[16.889713]
[17.800531]
[17.55258]
[17.03912]
[16.995579]
[16.859188]
[16.718513]
[16.555073]
[16.136866]
[15.991141]
[16.041958]
[16.144154]
[16.555788]
[15.78323]
[15.735397]
[15.598005]
[15.73354]
[14.980156]
[15.323125]
[13.882783]
[13.896055]
[14.031625]
[14.235249]
[14.820871]
[16.11995]
[15.326456]
[14.89775]
[14.565911]
[14.46685]
[14.261919]
[14.122148]
[14.338564]
[14.3316145]
[14.26644]
[14.036637]
[14.008541]
[13.894962]
[13.775967]
[13.609976]
[13.685553]
[14.040806]
[15.003555]
[16.07143]
[16.676363]
[16.459892]
[15.571855]
[15.830223]
[15.464489]
[15.454722]
[15.043601]
[13.925793]
[14.429413]
[13.815871]
[13.597947]
[13.658221]
[13.387758]
[13.441049]
[13.144779]
[13.2226515]
[12.931544]
[12.914244]
[12.97749]
[12.639582]
[12.752287]
[12.591069]
[12.670478]
[12.634942]
[12.543081]
[12.434164]
[12.308059]
[12.183817]
[12.079739]
[11.951413]
[11.945339]
[11.947647]
[11.8974905]
[11.775882]
[11.812684]
[11.811147]
[11.890752]
[11.580866]
[11.577889]
[11.355054]
[11.063346]
[11.163738]
[11.278994]
[11.330478]
[11.157707]
[10.948996]
[11.006479]
[11.164494]
[11.791871]
[12.977306]
[13.094246]
[12.717238]
[12.292628]
[11.984923]
[11.798525]
[11.56027]
[11.487495]
[11.389972]
[11.214177]
[11.17997]
[10.991543]
[10.825798]
[11.043785]
[11.41477]
[11.848833]
[11.560377]
[11.84655]
[11.704496]
[11.029363]
[10.769135]
[10.628053]
[10.465598]
[10.429804]
[10.499233]
[10.468027]
[10.272475]
[10.212209]
[10.162505]
[10.120543]
[10.083235]
[10.085724]
[9.991849]
[9.965127]
[9.901796]
[9.879059]
[9.75745]
[9.662012]
[9.67034]
[9.620989]
[9.470626]
[9.48861]
[9.551812]
[9.548399]
[9.502921]
[9.541871]
[9.73038]
[9.853297]
[9.987084]
[8.904186]
[8.610657]
[8.3246]
[7.877114]
[7.751032]
[7.7509823]
[7.6906962]
[7.6531196]
[7.7074866]
[7.663368]
[7.635893]
[7.5932846]
[7.568554]
[7.567572]
[7.481384]
[7.3978763]
[7.4438343]
[7.3368425]
[7.2837996]
[7.3834105]
[7.4030976]
[7.3750706]
[7.3364153]
[7.323633]
[7.328026]
[7.317603]
[7.3076773]
[7.2961884]
[7.297258]
[7.230031]
[7.2076335]
[7.1739297]
[7.4798245]
[7.4378824]
[10.7571335]
[7.7838078]
[8.703617]
[8.937021]
[7.4248857]
[7.20383]
[7.1874137]
[7.1367974]
[7.3804536]
[7.126584]
[7.3214498]
[7.11911]
[7.3011203]
[7.1015916]
[9.161647]
[7.6393323]
[7.2651587]
[7.251086]
[7.2375183]
[7.2242804]
[7.2110686]
[6.972178]
[7.171061]
[7.014485]
[9.159815]
[7.319667]
[6.9539366]
[7.167964]
[6.967863]
[6.936426]
[7.140454]
[6.954776]
[7.0758476]
[7.093115]
[6.9262195]
[7.0498443]
[6.95196]
[6.8966312]
[6.9480276]
[7.0603156]
[6.923402]
[6.996822]
[6.9114666]
[6.9039407]
[6.9647503]
[7.022472]
[6.8610888]
[6.8965836]
[7.0085797]
[6.8888793]
[6.8856444]
[6.987184]
[6.882716]
[6.950121]
[6.9350467]
[6.834761]
[10.126259]
[10.043394]
[10.458077]
[10.046027]
[10.43293]
[10.504856]
[10.447718]
[10.421713]
[11.0169325]
[10.461209]
[10.968506]
[10.414772]
[10.92005]
[10.367798]
[10.873012]
[10.92672]
[10.199547]
[10.1845255]
[10.27387]
[10.286871]
[10.307963]
[10.442337]
[10.344703]
[10.740961]
[10.358364]
[10.900302]
[10.759441]
[10.359372]
[11.207059]
[11.221875]
[11.181122]
[12.598596]
[12.533984]
[12.388447]
[12.697131]
[12.114107]
[12.398327]
[12.708904]
[12.561984]
[14.662932]
[15.480817]
[13.870636]
[11.387063]
[11.5737705]
[11.432251]
[11.645565]
[13.9377]
[11.488135]
[11.326169]
[11.277641]
[11.541746]
[10.882389]
[10.790308]
[10.907985]
[11.21507]
[11.398842]
[11.6789875]
[11.488149]
[11.00194]
[11.240901]
[11.131575]
[11.57621]
[11.516255]
[11.461033]
[11.451614]
[11.090898]
[11.111956]
[10.789781]
[11.061969]
[11.452406]
[12.0655575]
[15.947445]
[25.809607]
[13.599803]
[14.583354]
[11.977585]
[15.097157]
[15.074258]
[14.977432]
[14.780348]
[14.708758]
[14.460588]
[14.22188]
[13.992843]
[13.685094]
[14.302973]
[13.391857]
[15.18988]
[14.690707]
[15.544539]
[14.509967]
[14.806847]
[14.4387045]
[13.787279]
[14.236328]
[10.997376]
[13.983756]
[17.425402]
[18.33263]
[18.95816]
[19.506157]
[18.646454]
[18.060703]
[19.475285]
[19.90869]
[19.125097]
[19.743952]
[19.896116]
[19.337547]
[18.388897]
[18.202538]
[17.84789]
[17.597486]
[17.46972]
[17.389616]
[19.510805]
[20.211826]
[20.265903]
[19.7911]
[18.650768]
[18.136742]
[17.857624]
[17.48424]
[17.944286]
[18.217545]
[19.345407]
[19.242374]
[19.190845]
[18.702524]
[18.50863]
[18.521624]
[18.807875]
[18.935505]
[19.396315]
[26.810797]
[28.826365]
[23.300646]
[33.64387]
[32.547684]
[27.047318]
[27.646088]
[25.257948]
[10.856452]
[19.272924]
[21.581898]
[21.155813]
[24.249882]
[39.721462]
[43.80599]
[49.368233]
[54.194393]
[50.493095]
[44.987865]
[60.439583]
[70.1377]
[67.81917]
[67.45958]
[57.40073]
[75.71512]
[90.266716]
[102.83237]
[129.92892]
[114.97562]
[122.87884]
[111.83864]
[107.73202]
[103.93512]
[103.72231]
[99.15919]
[95.94455]
[92.402916]
[90.889626]
[73.24734]
[73.340225]
[92.07933]
[90.91497]
[91.379684]
[93.66786]
[86.426445]
[89.20731]
[117.362564]
[127.90748]
[138.43797]
[140.69878]
[136.37228]
[136.01378]
[137.38947]
[132.15088]
[105.68324]
[104.5094]
[100.71792]
[99.24394]
[97.09343]
[65.893234]
[56.258675]
[65.34743]
[60.58172]
[56.914112]
[45.77887]
[28.615015]
[24.70891]
[24.96563]
[37.181664]
[50.210823]
[44.942963]
[46.745415]
[39.245728]
[23.992315]
[19.51038]
[33.3919]
[23.320562]
[20.456861]
[19.641296]
[17.296124]
[16.48235]
[16.569534]
[18.966478]
[19.057869]
[17.931612]
[16.793873]
[17.66235]
[15.685309]
[15.193748]
[16.455467]
[16.379251]
[15.683342]
[16.09048]
[16.247705]
[16.532032]
[16.741518]
[18.98304]
[19.644857]
[16.277014]
[15.601763]
[16.077682]
[16.553549]
[16.812654]
[16.053207]
[16.157349]
[16.120918]
[15.418063]
[15.79546]
[14.347604]
[13.225366]
[14.198923]
[15.126055]
[17.484772]
[18.00978]
[21.015915]
[16.943043]
[16.228456]
[16.86105]
[15.220593]
[13.719391]
[15.007212]
[22.749424]
[14.719301]
[12.535398]
[13.799698]
[13.906092]
[18.048674]
[17.690737]
[16.183056]
[13.625843]
[14.037059]
[28.05387]
[31.519716]
[30.38487]
[29.371138]
[23.69618]
[15.234193]
[13.32503]
[13.031908]
[11.321111]
[10.463215]
[10.2235565]
[9.971929]
[9.560776]
[9.2309885]
[9.519375]
[9.646885]
[9.447332]
[9.192882]
[9.348915]
[9.244067]
[9.147114][10.25]
[9.45]
[13.02]
[10.69]
[5.31]
[5.25]
[5.26]
[5.31]
[5.31]
[5.3]
[5.29]
[5.3]
[9.25]
[9.31]
[9.28]
[9.29]
[9.27]
[9.26]
[9.25]
[9.26]
[9.26]
[9.27]
[9.25]
[9.25]
[9.32]
[9.28]
[9.26]
[9.22]
[9.21]
[9.23]
[9.23]
[9.06]
[9.24]
[9.25]
[9.24]
[9.29]
[9.55]
[9.28]
[9.27]
[9.27]
[9.25]
[9.24]
[9.28]
[12.21]
[12.29]
[12.32]
[12.27]
[12.3]
[12.29]
[12.25]
[12.25]
[12.25]
[12.29]
[12.3]
[12.3]
[12.31]
[12.36]
[12.34]
[12.35]
[12.36]
[12.37]
[12.39]
[12.39]
[12.4]
[12.36]
[12.39]
[12.4]
[12.41]
[12.52]
[12.25]
[12.25]
[12.03]
[12.31]
[26.75]
[15.2]
[15.05]
[15.12]
[15.03]
[15.09]
[15.17]
[15.22]
[15.41]
[15.4]
[15.43]
[15.24]
[15.14]
[15.08]
[15.29]
[15.3]
[15.23]
[15.22]
[15.17]
[15.21]
[15.24]
[15.21]
[15.26]
[15.09]
[15.03]
[14.94]
[15.09]
[15.28]
[15.3]
[15.52]
[15.38]
[15.46]
[15.26]
[15.55]
[15.54]
[15.27]
[22.36]
[17.87]
[15.85]
[42.75]
[82.22]
[94.05]
[93.25]
[90.97]
[55.68]
[49.63]
[58.09]
[56.67]
[54.59]
[53.59]
[58.05]
[53.08]
[41.74]
[57.88]
[58.89]
[56.17]
[56.45]
[59.98]
[24.57]
[23.68]
[48.95]
[58.59]
[52.66]
[61.65]
[55.39]
[15.63]
[15.57]
[49.45]
[48.02]
[57.5]
[95.04]
[91.35]
[127.12]
[159.08]
[215.85]
[192.9]
[144.63]
[136.75]
[131.02]
[99.64]
[86.83]
[129.19]
[131.03]
[129.73]
[130.49]
[130.52]
[92.3]
[87.76]
[90.33]
[91.84]
[90.24]
[92.4]
[96.82]
[52.74]
[45.22]
[55.96]
[60.38]
[51.61]
[55.5]
[62.81]
[54.04]
[56.12]
[53.08]
[60.33]
[38.11]
[64.66]
[62.07]
[50.21]
[45.53]
[67.12]
[58.52]
[53.52]
[50.52]
[53.77]
[41.06]
[38.17]
[35.45]
[50.08]
[57.71]
[43.73]
[61.41]
[54.5]
[42.43]
[96.98]
[93.31]
[95.73]
[93.08]
[91.61]
[94.94]
[85.74]
[88.4]
[98.74]
[90.94]
[95.37]
[98.5]
[45.13]
[47.61]
[67.66]
[39.1]
[71.69]
[37.29]
[69.59]
[19.53]
[12.7]
[49.99]
[27.12]
[31.05]
[19.21]
[28.46]
[14.31]
[9.94]
[17.83]
[28.86]
[44.83]
[46.46]
[52.06]
[24.01]
[9.42]
[50.97]
[57.23]
[44.2]
[37.8]
[12.15]
[9.41]
[10.47]
[20.43]
[33.31]
[48.25]
[44.01]
[55.45]
[12.7]
[10.36]
[51.64]
[50.92]
[50.38]
[49.93]
[49.1]
[13.79]
[10.13]
[29.22]
[34.2]
[23.2]
[39.35]
[38.77]
[14.08]
[10.2]
[32.49]
[35.58]
[33.86]
[32.24]
[29.9]
[23.23]
[16.87]
[24.9]
[28.37]
[17.49]
[16.74]
[47.53]
[16.06]
[15.03]
[32.65]
[36.66]
[33.79]
[32.62]
[31.6]
[12.79]
[8.68]
[29.3]
[28.48]
[33.01]
[32.79]
[29.71]
[12.11]
[7.79]
[7.39]
[5.3]
[5.33]
[5.36]
[5.41]
[5.44]
[5.46]
[5.48]
[5.51]
[5.52]
[5.54]
[5.55]
[5.56]
[5.57]
[5.58]
[5.41]
[5.59]
[5.59]
[5.59]
[5.59]
[5.59]
[5.59]
[5.52]
[9.82]
[15.53]
[16.95]
[20.82]
[11.7]
[14.18]
[15.4]
[23.39]
[19.41]
[16.47]
[11.42]
[6.71]
[12.54]
[12.67]
[10.63]
[11.37]
[12.05]
[14.44]
[14.47]
[12.32]
[14.46]
[13.82]
[14.57]
[14.58]
[8.47]
[14.78]
[14.81]
[14.47]
[5.31]
[5.31]
[5.29]
[6.65]
[12.03]
[10.97]
[11.68]
[7.09]
[5.32]
[5.32]
[5.33]
[5.32]
[5.32]
[7.66]
[5.32]
[5.32]
[5.32]
[5.29]
[5.21]
[5.09]
[5.1]
[5.1]
[5.1]
[5.11]
[5.11]
[5.1]
[5.12]
[5.22]
[5.48]
[5.49]
[5.27]
[5.12]
[5.13]
[5.12]
[5.12]
[5.11]
[5.16]
[8.76]
[8.76]
[8.94]
[8.95]
[8.95]
[10.8]
[10.34]
[8.93]
[12.82]
[12.41]
[9.78]
[12.71]
[13.05]
[9.78]
[9.61]
[13.47]
[13.71]
[13.82]
[13.8]
[20.11]
[12.1]
[10.21]
[15.44]
[19.36]
[24.22]
[16.35]
[13.82]
[12.91]
[11.05]
[11.21]
[12.63]
[12.73]
[13.93]
[14.]
[12.75]
[12.72]
[14.06]
[13.64]
[13.18]
[14.13]
[14.47]
[12.97]
[12.08]
[13.53]
[13.92]
[14.]
[14.03]
[13.47]
[12.53]
[12.61]
[12.89]
[13.87]
[13.64]
[12.29]
[13.75]
[12.77]
[12.77]
[13.97]
[13.97]
[12.95]
[15.58]
[14.78]
[14.97]
[14.82]
[14.67]
[14.69]
[14.7]
[14.81]
[14.7]
[17.5]
[18.04]
[19.37]
[14.58]
[14.62]
[14.69]
[14.75]
[14.6]
[14.39]
[14.42]
[14.49]
[14.55]
[14.59]
[14.62]
[14.6]
[14.31]
[14.23]
[14.12]
[14.15]
[14.3]
[14.52]
[14.49]
[14.43]
[14.23]
[14.17]
[14.28]
[14.37]
[14.29]
[14.2]
[14.09]
[14.11]
[14.23]
[14.04]
[14.13]
[14.15]
[14.07]
[14.02]
[13.88]
[13.88]
[13.78]
[13.82]
[13.92]
[14.08]
[13.97]
[13.86]
[13.82]
[13.83]
[13.99]
[14.01]
[13.84]
[13.78]
[13.71]
[13.96]
[14.1]
[13.99]
[13.72]
[16.98]
[13.92]
[13.67]
[13.53]
[13.42]
[13.41]
[13.36]
[14.17]
[14.52]
[14.48]
[14.44]
[14.41]
[14.38]
[14.37]
[14.35]
[14.34]
[14.31]
[15.25]
[14.32]
[14.31]
[14.29]
[14.29]
[14.58]
[14.56]
[12.15]
[11.95]
[11.88]
[11.87]
[11.82]
[13.39]
[11.95]
[11.94]
[11.89]
[11.86]
[11.86]
[11.84]
[11.83]
[11.81]
[11.86]
[11.86]
[11.8]
[11.8]
[11.79]
[11.78]
[11.77]
[11.96]
[11.94]
[11.9]
[11.85]
[11.35]
[11.83]
[11.8]
[12.]
[12.06]
[12.03]
[9.66]
[9.6]
[9.59]
[9.63]
[9.74]
[9.73]
[9.68]
[9.68]
[9.7]
[9.68]
[9.68]
[9.67]
[9.67]
[9.73]
[9.77]
[9.75]
[9.77]
[9.77]
[9.77]
[9.74]
[9.74]
[9.73]
[9.72]
[9.75]
[9.75]
[9.79]
[9.77]
[9.77]
[9.78]
[9.77]
[9.09]
[9.09]
[8.91]
[8.69]
[8.69]
[8.66]
[8.69]
[8.7]
[8.7]
[8.66]
[8.67]
[8.77]
[8.78]
[8.78]
[8.77]
[8.78]
[8.77]
[8.74]
[8.74]
[8.77]
[8.77]
[8.77]
[8.76]
[8.77]
[8.76]
[8.77]
[8.77]
[8.76]
[8.76]
[8.77]
[8.71]
[8.26]
[8.23]
[8.06]
[8.02]
[8.01]
[8.04]
[8.06]
[8.04]
[8.05]
[8.06]
[8.05]
[8.05]
[8.07]
[8.07]
[8.06]
[8.04]
[8.08]
[8.07]
[8.07]
[8.03]
[8.1]
[8.09]
[8.1]
[8.11]
[8.1]
[8.11]
[8.12]
[8.11]
[8.11]
[8.13]
[6.13]
[6.11]
[5.91]
[5.29]
[5.35]
[5.29]
[5.31]
[5.3]
[5.3]
[5.3]
[5.31]
[5.3]
[5.27]
[5.29]
[5.29]
[5.29]
[5.3]
[5.3]
[5.34]
[5.31]
[5.31]
[5.32]
[5.32]
[5.31]
[5.33]
[5.32]
[5.32]
[5.31]
[5.33]
[5.32]
[5.34]
[5.34]
[5.89]
[5.74]
[5.51]
[5.5]
[7.49]
[7.16]
[5.55]
[5.56]
[5.48]
[5.43]
[5.41]
[5.42]
[5.48]
[5.44]
[5.44]
[5.44]
[7.99]
[5.37]
[5.4]
[5.41]
[5.38]
[5.38]
[5.39]
[5.38]
[5.38]
[5.43]
[5.4]
[5.41]
[5.42]
[5.41]
[5.41]
[5.41]
[5.41]
[5.42]
[5.44]
[5.44]
[5.45]
[5.47]
[5.47]
[5.4]
[5.42]
[5.44]
[5.46]
[5.47]
[5.46]
[5.46]
[5.47]
[5.47]
[5.42]
[5.48]
[5.49]
[5.48]
[5.46]
[5.46]
[5.5]
[5.51]
[5.48]
[5.46]
[9.04]
[9.13]
[9.13]
[9.16]
[9.17]
[9.17]
[9.19]
[9.21]
[9.24]
[9.24]
[9.22]
[9.2]
[9.27]
[9.28]
[9.28]
[9.29]
[9.32]
[9.33]
[9.33]
[9.34]
[9.36]
[9.37]
[9.38]
[9.41]
[9.41]
[9.41]
[9.41]
[9.42]
[9.83]
[9.49]
[9.52]
[12.18]
[12.29]
[12.29]
[12.33]
[12.37]
[12.42]
[12.45]
[12.39]
[15.27]
[16.55]
[14.11]
[12.06]
[12.15]
[12.22]
[12.2]
[14.89]
[12.24]
[12.29]
[12.3]
[12.82]
[12.19]
[12.16]
[12.29]
[12.32]
[12.3]
[12.41]
[12.47]
[12.46]
[12.66]
[12.65]
[14.68]
[15.59]
[15.66]
[15.62]
[15.61]
[15.62]
[15.55]
[15.55]
[15.53]
[15.48]
[15.58]
[15.63]
[15.67]
[15.73]
[15.76]
[15.69]
[15.74]
[15.74]
[15.7]
[15.75]
[15.81]
[15.74]
[15.69]
[15.67]
[15.67]
[15.69]
[15.71]
[15.78]
[15.82]
[15.85]
[15.84]
[15.82]
[15.81]
[15.68]
[15.65]
[15.45]
[15.76]
[15.72]
[15.72]
[15.72]
[15.86]
[15.62]
[15.55]
[15.84]
[15.47]
[15.85]
[15.91]
[15.89]
[15.6]
[15.96]
[15.99]
[15.84]
[15.77]
[15.99]
[15.57]
[15.56]
[15.78]
[15.69]
[15.67]
[15.63]
[15.75]
[15.5]
[15.92]
[15.96]
[15.99]
[16.2]
[15.99]
[15.99]
[15.96]
[15.93]
[15.94]
[15.96]
[15.89]
[15.75]
[15.57]
[14.85]
[16.98]
[17.18]
[17.15]
[16.64]
[16.94]
[16.89]
[16.85]
[16.85]
[16.82]
[22.09]
[48.14]
[54.09]
[52.25]
[50.82]
[26.21]
[24.32]
[46.38]
[54.6]
[55.32]
[58.59]
[42.22]
[59.61]
[52.27]
[91.07]
[134.99]
[99.13]
[93.08]
[89.49]
[90.15]
[90.7]
[92.91]
[90.54]
[92.41]
[91.17]
[89.85]
[54.37]
[55.31]
[91.98]
[89.63]
[92.51]
[92.65]
[53.92]
[58.15]
[118.86]
[121.02]
[128.01]
[129.11]
[130.04]
[130.07]
[129.96]
[130.52]
[93.73]
[94.19]
[93.43]
[94.32]
[94.03]
[49.04]
[42.92]
[63.69]
[56.03]
[54.7]
[38.34]
[11.79]
[11.72]
[12.96]
[33.11]
[57.23]
[47.44]
[52.93]
[38.46]
[13.38]
[10.84]
[32.12]
[12.86]
[13.04]
[11.96]
[9.06]
[9.09]
[9.87]
[13.99]
[13.87]
[12.77]
[11.54]
[13.62]
[10.08]
[9.89]
[11.66]
[11.41]
[10.97]
[12.27]
[12.58]
[13.52]
[14.11]
[18.19]
[19.12]
[13.6]
[13.55]
[13.48]
[13.43]
[13.64]
[13.07]
[13.76]
[13.75]
[12.85]
[13.71]
[11.22]
[9.92]
[11.7]
[12.05]
[15.5]
[15.5]
[20.41]
[11.86]
[11.21]
[12.16]
[10.03]
[8.58]
[11.93]
[24.96]
[9.81]
[9.12]
[11.89]
[11.97]
[19.72]
[18.14]
[16.04]
[11.71]
[13.74]
[39.18]
[46.43]
[42.22]
[40.7]
[29.17]
[11.6]
[7.7]
[7.77]
[5.18]
[5.21]
[5.24]
[5.27]
[5.28]
[5.29]
[5.31]
[5.33]
[5.34]
[5.35]
[5.36]
[5.37]
[5.38]
[5.39]