0.8913553329492867, 0.897377471297677, -3.5878372675224557, 200.6441737716132[12.839245]
[10.485775]
[9.132151]
[10.753541]
[10.136475]
[7.101092]
[6.3837957]
[6.35346]
[6.460388]
[6.3974]
[6.346018]
[6.4029775]
[6.2816706]
[8.381919]
[8.925714]
[9.021433]
[9.093627]
[10.125941]
[11.046542]
[11.892421]
[10.670231]
[10.122489]
[9.890578]
[9.640312]
[9.623446]
[9.576926]
[9.582013]
[9.528572]
[9.482443]
[9.340497]
[9.388295]
[9.445258]
[9.455782]
[9.657296]
[9.617732]
[9.533361]
[9.599446]
[9.911043]
[12.762922]
[10.974356]
[10.346998]
[10.802089]
[10.872304]
[10.570077]
[11.861861]
[12.162619]
[12.153357]
[12.134422]
[12.344898]
[12.637243]
[12.766981]
[12.468681]
[12.273054]
[12.217359]
[12.104803]
[12.070716]
[12.075856]
[12.063988]
[11.993462]
[11.979494]
[11.992493]
[11.959056]
[11.943586]
[12.00289]
[12.0624]
[12.300962]
[12.67247]
[12.612805]
[12.42385]
[12.484733]
[14.579607]
[10.504168]
[11.315286]
[12.03365]
[36.47522]
[19.272774]
[13.692481]
[13.658759]
[13.617515]
[13.657516]
[13.802633]
[13.85679]
[13.8285885]
[13.928074]
[13.9702015]
[13.811514]
[13.86617]
[13.991432]
[14.1325245]
[14.029867]
[14.114917]
[14.160093]
[14.526175]
[14.353158]
[14.148247]
[14.266035]
[14.259284]
[14.089203]
[14.022767]
[13.792733]
[14.209852]
[14.601758]
[14.481137]
[14.810788]
[14.935089]
[15.4497795]
[20.759901]
[24.165918]
[21.32022]
[33.32312]
[57.611504]
[25.120195]
[60.252888]
[71.1946]
[70.242516]
[87.31493]
[132.6607]
[84.76732]
[66.63403]
[59.8248]
[62.61586]
[61.19343]
[56.60586]
[53.166416]
[54.331753]
[51.61687]
[42.864555]
[50.008785]
[53.728703]
[51.198307]
[51.28758]
[54.889854]
[33.812756]
[28.174145]
[42.32315]
[50.076897]
[46.91185]
[50.414974]
[46.66205]
[25.420248]
[22.456333]
[44.590294]
[49.568817]
[78.8852]
[100.90656]
[136.33884]
[151.6153]
[162.51146]
[195.74245]
[170.70798]
[146.95297]
[142.23991]
[125.97722]
[105.28849]
[89.518456]
[111.37475]
[119.39179]
[121.52291]
[123.89315]
[132.74268]
[115.6907]
[98.531296]
[90.84712]
[91.94423]
[90.754486]
[90.66247]
[94.82706]
[77.66519]
[67.709915]
[73.92383]
[72.15879]
[70.88247]
[68.76659]
[69.189995]
[62.34111]
[59.74776]
[56.393677]
[58.61629]
[45.418495]
[56.178303]
[58.287807]
[51.88808]
[48.059597]
[58.760975]
[54.4614]
[49.0268]
[45.5526]
[46.6407]
[42.237576]
[41.880466]
[46.660034]
[62.834923]
[67.71507]
[60.27103]
[65.52247]
[59.532787]
[58.978283]
[94.18984]
[94.29878]
[91.13925]
[86.43714]
[82.535545]
[83.40133]
[81.45676]
[86.24888]
[93.49802]
[91.86838]
[100.1882]
[101.70312]
[78.6844]
[69.07594]
[72.387314]
[57.41302]
[71.29164]
[53.59703]
[64.45938]
[39.37301]
[26.84967]
[46.327023]
[37.572937]
[34.869713]
[28.011515]
[30.04872]
[23.278778]
[17.625185]
[20.860706]
[26.82886]
[36.03236]
[38.01772]
[41.520023]
[30.146402]
[19.405497]
[40.90741]
[50.15246]
[42.95754]
[38.270622]
[24.545279]
[20.974009]
[20.31936]
[25.085503]
[31.219751]
[38.910034]
[37.8245]
[42.117588]
[22.432438]
[15.736895]
[36.566467]
[41.53397]
[39.581917]
[39.20481]
[38.380157]
[22.1224]
[16.688866]
[27.329956]
[32.488308]
[25.150358]
[30.624895]
[31.688509]
[18.527246]
[12.994495]
[23.213196]
[27.983578]
[26.558384]
[25.250092]
[23.253103]
[19.603355]
[15.701729]
[18.922821]
[22.162748]
[18.220968]
[18.270824]
[35.980625]
[23.659885]
[16.657928]
[24.212246]
[28.433443]
[26.600933]
[25.379818]
[23.94877]
[14.856798]
[9.868616]
[19.483063]
[21.371119]
[23.072582]
[23.793243]
[22.71425]
[13.786912]
[9.163038]
[8.470338]
[7.45437]
[6.9838247]
[7.4096894]
[7.2725396]
[7.312775]
[7.1858907]
[6.8666844]
[6.9938016]
[6.7928824]
[6.880344]
[6.655289]
[6.6440244]
[6.5538344]
[6.558471]
[6.458655]
[6.3988223]
[6.396785]
[6.3159804]
[6.3159804]
[6.3159804]
[6.3159804]
[6.146116]
[7.8013153]
[12.341904]
[12.717127]
[14.1346]
[10.72746]
[10.664408]
[11.648349]
[15.415259]
[14.693916]
[12.913477]
[10.266087]
[7.4869604]
[9.3948]
[10.389447]
[9.302293]
[9.372472]
[9.911984]
[11.191076]
[11.583892]
[10.576303]
[11.235067]
[17.62646]
[13.6664715]
[11.962536]
[9.1651125]
[11.339439]
[12.419088]
[12.068833]
[7.651261]
[6.3805823]
[6.462161]
[7.0263424]
[9.904715]
[10.242341]
[10.291164]
[8.10813]
[6.59398]
[6.408349]
[6.4589396]
[6.4110084]
[6.4667754]
[7.533098]
[6.8066154]
[6.4299912]
[6.388817]
[6.5067806]
[6.3389773]
[6.7045703]
[6.586251]
[7.0749216]
[6.971661]
[6.6938515]
[6.6849113]
[6.516855]
[6.5311112]
[6.5437365]
[6.7106237]
[6.689511]
[6.747174]
[6.5011067]
[6.751907]
[6.5004354]
[6.584912]
[6.584531]
[6.568038]
[8.445147]
[8.919376]
[13.07362]
[10.292659]
[9.206264]
[10.141818]
[10.162924]
[9.288967]
[11.827932]
[11.634821]
[10.127987]
[11.318465]
[11.880442]
[10.326967]
[9.891459]
[12.001821]
[12.6989155]
[12.609047]
[12.542143]
[16.650421]
[12.734362]
[10.492091]
[13.232989]
[16.518173]
[20.093454]
[15.606985]
[12.881202]
[12.100229]
[10.97574]
[10.884843]
[11.663144]
[11.887595]
[12.624309]
[12.814783]
[12.145564]
[12.060816]
[12.863079]
[12.613619]
[12.467778]
[13.146217]
[13.325986]
[12.428746]
[11.8187275]
[12.661831]
[12.990965]
[12.927775]
[12.968325]
[12.565322]
[12.056784]
[11.819615]
[12.038593]
[13.394994]
[13.398325]
[11.955398]
[12.936133]
[13.026838]
[12.730772]
[13.199124]
[13.280991]
[12.582673]
[14.108919]
[13.835611]
[13.795928]
[13.765256]
[13.687702]
[13.615706]
[13.495962]
[13.683453]
[13.590444]
[15.280545]
[18.190247]
[17.692957]
[14.178021]
[13.32285]
[13.625508]
[13.719285]
[14.166255]
[13.777815]
[13.58731]
[13.593534]
[13.616227]
[13.810817]
[13.818965]
[13.880698]
[13.763637]
[13.709548]
[13.592217]
[13.69]
[13.704757]
[13.856677]
[13.813919]
[13.784338]
[13.688574]
[13.641109]
[13.618526]
[13.727919]
[13.67839]
[13.535262]
[13.473958]
[13.4723]
[13.568605]
[13.496881]
[13.519424]
[13.590318]
[13.64181]
[13.634986]
[13.417871]
[13.494284]
[13.437412]
[13.079873]
[13.35681]
[13.4405575]
[13.254715]
[13.164388]
[13.100548]
[13.087734]
[13.012055]
[13.261068]
[13.322409]
[13.3676815]
[13.454553]
[13.378715]
[13.829651]
[14.081137]
[14.659802]
[25.01371]
[15.426735]
[17.55654]
[13.873079]
[11.373858]
[13.925295]
[14.479742]
[14.967756]
[15.195493]
[15.117323]
[15.091203]
[15.021648]
[14.89371]
[14.66472]
[14.572488]
[14.579111]
[14.450434]
[14.845123]
[14.338538]
[14.121594]
[14.038599]
[13.982289]
[13.472956]
[14.000994]
[12.9121]
[12.400753]
[12.411805]
[12.781942]
[12.847716]
[13.852488]
[13.129887]
[12.610633]
[12.366892]
[12.175545]
[12.00167]
[12.0533695]
[12.102134]
[11.993285]
[12.036825]
[11.977167]
[11.958533]
[11.946166]
[11.922682]
[11.836566]
[11.777153]
[12.323165]
[13.682253]
[14.234688]
[13.781665]
[13.522412]
[13.103191]
[12.8104315]
[12.803618]
[12.8076935]
[12.826883]
[12.069639]
[11.452042]
[11.285896]
[11.172108]
[11.196218]
[11.147784]
[11.082643]
[11.003839]
[10.964756]
[10.881414]
[10.858302]
[10.820845]
[10.754548]
[10.764106]
[10.750306]
[10.744274]
[10.721222]
[10.689437]
[10.645831]
[10.584188]
[10.527001]
[10.484469]
[10.423645]
[10.425078]
[10.43138]
[10.427617]
[10.372513]
[10.374327]
[10.405831]
[10.414877]
[10.103003]
[9.994929]
[9.857794]
[9.650807]
[9.633493]
[9.698166]
[9.7197695]
[9.663181]
[9.584511]
[9.57243]
[9.778931]
[10.481285]
[11.000182]
[10.754463]
[10.459725]
[10.227926]
[10.0616865]
[9.934397]
[9.834018]
[9.822245]
[9.793425]
[9.715048]
[9.679401]
[9.61588]
[9.55059]
[9.696496]
[9.937625]
[9.976465]
[9.998754]
[10.052522]
[9.904609]
[9.473471]
[9.291772]
[9.165012]
[9.073278]
[9.047008]
[9.091012]
[9.090093]
[9.010152]
[8.981324]
[8.981376]
[8.953822]
[8.937979]
[8.945477]
[8.917895]
[8.903562]
[8.890173]
[8.878254]
[8.837666]
[8.801182]
[8.789446]
[8.816964]
[8.760147]
[8.754897]
[8.802257]
[8.799521]
[8.781278]
[8.815369]
[8.860536]
[8.937253]
[8.97633]
[7.901439]
[7.559359]
[7.407098]
[7.003808]
[6.91155]
[6.888279]
[6.883105]
[6.8768625]
[6.8687434]
[6.877349]
[6.8792605]
[6.85814]
[6.840827]
[6.845959]
[6.8433676]
[6.82294]
[6.8192687]
[6.828306]
[6.7756124]
[6.8225656]
[6.849767]
[6.82852]
[6.817396]
[6.8076067]
[6.8144307]
[6.8092227]
[6.800598]
[6.7922807]
[6.795987]
[6.750107]
[6.728236]
[6.7472725]
[7.007216]
[7.0341415]
[9.8711405]
[7.673951]
[8.204783]
[8.482002]
[7.157461]
[6.816538]
[6.7750096]
[6.7209954]
[6.95291]
[6.7379746]
[6.927252]
[6.733873]
[6.9113355]
[6.71983]
[8.537371]
[7.3895736]
[6.891931]
[6.87828]
[6.8654833]
[6.852706]
[6.8398786]
[6.624501]
[6.791168]
[6.667038]
[8.55999]
[7.1106086]
[6.600513]
[6.7556744]
[6.6018085]
[6.5863276]
[6.7269144]
[6.5889425]
[6.7041497]
[6.6931314]
[6.577972]
[6.680218]
[6.5838127]
[6.554264]
[6.552324]
[6.642752]
[6.5539055]
[6.627295]
[6.54072]
[6.557692]
[6.565609]
[6.5983396]
[6.4891343]
[6.544201]
[6.5829206]
[6.5109854]
[6.5352407]
[6.5519667]
[6.500479]
[6.569372]
[6.5123186]
[6.4636703]
[9.173642]
[9.408726]
[9.69599]
[9.404425]
[9.669005]
[9.758719]
[9.714082]
[9.675889]
[10.17113]
[9.76863]
[10.11601]
[9.71419]
[10.060869]
[9.659879]
[10.007117]
[10.123522]
[9.536405]
[9.447901]
[9.460742]
[9.466334]
[9.48063]
[9.561838]
[9.520509]
[9.850624]
[9.601722]
[10.078347]
[9.987157]
[9.725286]
[10.313848]
[10.410941]
[10.382417]
[11.766795]
[12.111103]
[12.060056]
[12.46718]
[12.087294]
[12.36349]
[12.886305]
[12.944064]
[15.087487]
[16.435518]
[15.150169]
[12.541413]
[12.23523]
[12.244783]
[12.524241]
[14.906275]
[13.03716]
[12.320655]
[12.239047]
[12.503074]
[11.830712]
[11.57783]
[11.616157]
[11.964327]
[12.075549]
[12.40955]
[12.201061]
[11.834255]
[12.008526]
[11.962918]
[12.970435]
[13.542953]
[13.735804]
[13.753305]
[13.372776]
[13.206579]
[12.862265]
[12.57829]
[12.943283]
[12.996617]
[16.329]
[19.158815]
[16.750534]
[15.309112]
[13.295732]
[15.052746]
[15.596061]
[15.5570345]
[15.230533]
[15.114356]
[14.817816]
[14.630182]
[14.561152]
[14.293684]
[13.959045]
[15.2802725]
[16.21191]
[14.698106]
[15.239417]
[15.265439]
[15.13737]
[14.198199]
[12.889159]
[12.64457]
[11.689362]
[11.517598]
[14.059989]
[15.335113]
[16.179623]
[15.777804]
[15.444777]
[15.336618]
[15.840466]
[16.123096]
[16.332523]
[16.443884]
[16.50167]
[16.613504]
[16.281261]
[16.413439]
[16.400574]
[16.234816]
[16.131895]
[16.268673]
[16.22152]
[16.828033]
[17.030184]
[16.829277]
[16.49745]
[16.211096]
[16.074015]
[15.829164]
[16.146112]
[16.295984]
[16.738163]
[17.240314]
[16.735846]
[16.429396]
[16.289057]
[16.372183]
[16.568415]
[16.741312]
[17.226503]
[21.885366]
[27.63551]
[19.326426]
[27.33615]
[27.01446]
[22.573584]
[22.225107]
[20.668407]
[7.6525207]
[15.38824]
[18.324053]
[17.957897]
[20.765402]
[36.92413]
[43.584076]
[50.24391]
[57.62951]
[48.188087]
[39.420532]
[55.0625]
[66.38072]
[64.14335]
[63.311802]
[56.237114]
[75.82385]
[90.98369]
[89.04835]
[114.66155]
[115.09039]
[121.02352]
[102.551445]
[94.86951]
[92.98211]
[98.26278]
[94.814316]
[91.42342]
[89.265816]
[87.774704]
[76.462975]
[74.283295]
[85.24924]
[87.14096]
[87.92423]
[90.722404]
[91.77427]
[87.07319]
[101.290085]
[120.10784]
[140.03745]
[134.41745]
[125.411934]
[128.17903]
[132.60094]
[126.89658]
[103.0133]
[102.88283]
[97.648415]
[94.89229]
[93.74241]
[65.39624]
[52.26602]
[61.56522]
[58.705044]
[55.110588]
[44.103912]
[26.023684]
[21.365873]
[21.483868]
[32.40932]
[47.624947]
[44.264084]
[45.29487]
[37.710747]
[21.725739]
[16.494604]
[27.820555]
[20.852634]
[16.963078]
[16.553246]
[14.240532]
[13.623011]
[13.410226]
[15.261813]
[15.373016]
[14.424818]
[13.4370165]
[13.888553]
[12.634563]
[11.860129]
[12.932551]
[12.841863]
[12.275436]
[12.585115]
[12.596376]
[12.771322]
[13.087526]
[14.589322]
[15.461738]
[12.723192]
[12.051207]
[12.645305]
[12.928198]
[13.028791]
[12.564947]
[12.450466]
[12.45844]
[11.848163]
[12.202337]
[10.957533]
[10.015223]
[10.815574]
[11.76101]
[13.494591]
[14.190784]
[16.487385]
[13.701149]
[12.877627]
[13.0771675]
[12.16818]
[10.4537]
[11.3903055]
[17.393898]
[11.930647]
[9.284347]
[10.197506]
[10.601141]
[13.525674]
[13.906281]
[12.449723]
[10.427103]
[10.456874]
[21.71861]
[27.80633]
[26.925013]
[26.02938]
[20.791641]
[13.997381]
[9.909039]
[11.053255]
[8.455217]
[7.91138]
[7.4015994]
[7.114019]
[6.47892]
[6.8168635]
[6.428365]
[6.890521]
[6.304779]
[6.682276]
[6.2642026]
[6.273687]
[6.3271585][10.25]
[9.45]
[13.02]
[10.69]
[5.31]
[5.25]
[5.26]
[5.31]
[5.31]
[5.3]
[5.29]
[5.3]
[9.25]
[9.31]
[9.28]
[9.29]
[9.27]
[9.26]
[9.25]
[9.26]
[9.26]
[9.27]
[9.25]
[9.25]
[9.32]
[9.28]
[9.26]
[9.22]
[9.21]
[9.23]
[9.23]
[9.06]
[9.24]
[9.25]
[9.24]
[9.29]
[9.55]
[9.28]
[9.27]
[9.27]
[9.25]
[9.24]
[9.28]
[12.21]
[12.29]
[12.32]
[12.27]
[12.3]
[12.29]
[12.25]
[12.25]
[12.25]
[12.29]
[12.3]
[12.3]
[12.31]
[12.36]
[12.34]
[12.35]
[12.36]
[12.37]
[12.39]
[12.39]
[12.4]
[12.36]
[12.39]
[12.4]
[12.41]
[12.52]
[12.25]
[12.25]
[12.03]
[12.31]
[26.75]
[15.2]
[15.05]
[15.12]
[15.03]
[15.09]
[15.17]
[15.22]
[15.41]
[15.4]
[15.43]
[15.24]
[15.14]
[15.08]
[15.29]
[15.3]
[15.23]
[15.22]
[15.17]
[15.21]
[15.24]
[15.21]
[15.26]
[15.09]
[15.03]
[14.94]
[15.09]
[15.28]
[15.3]
[15.52]
[15.38]
[15.46]
[15.26]
[15.55]
[15.54]
[15.27]
[22.36]
[17.87]
[15.85]
[42.75]
[82.22]
[94.05]
[93.25]
[90.97]
[55.68]
[49.63]
[58.09]
[56.67]
[54.59]
[53.59]
[58.05]
[53.08]
[41.74]
[57.88]
[58.89]
[56.17]
[56.45]
[59.98]
[24.57]
[23.68]
[48.95]
[58.59]
[52.66]
[61.65]
[55.39]
[15.63]
[15.57]
[49.45]
[48.02]
[57.5]
[95.04]
[91.35]
[127.12]
[159.08]
[215.85]
[192.9]
[144.63]
[136.75]
[131.02]
[99.64]
[86.83]
[129.19]
[131.03]
[129.73]
[130.49]
[130.52]
[92.3]
[87.76]
[90.33]
[91.84]
[90.24]
[92.4]
[96.82]
[52.74]
[45.22]
[55.96]
[60.38]
[51.61]
[55.5]
[62.81]
[54.04]
[56.12]
[53.08]
[60.33]
[38.11]
[64.66]
[62.07]
[50.21]
[45.53]
[67.12]
[58.52]
[53.52]
[50.52]
[53.77]
[41.06]
[38.17]
[35.45]
[50.08]
[57.71]
[43.73]
[61.41]
[54.5]
[42.43]
[96.98]
[93.31]
[95.73]
[93.08]
[91.61]
[94.94]
[85.74]
[88.4]
[98.74]
[90.94]
[95.37]
[98.5]
[45.13]
[47.61]
[67.66]
[39.1]
[71.69]
[37.29]
[69.59]
[19.53]
[12.7]
[49.99]
[27.12]
[31.05]
[19.21]
[28.46]
[14.31]
[9.94]
[17.83]
[28.86]
[44.83]
[46.46]
[52.06]
[24.01]
[9.42]
[50.97]
[57.23]
[44.2]
[37.8]
[12.15]
[9.41]
[10.47]
[20.43]
[33.31]
[48.25]
[44.01]
[55.45]
[12.7]
[10.36]
[51.64]
[50.92]
[50.38]
[49.93]
[49.1]
[13.79]
[10.13]
[29.22]
[34.2]
[23.2]
[39.35]
[38.77]
[14.08]
[10.2]
[32.49]
[35.58]
[33.86]
[32.24]
[29.9]
[23.23]
[16.87]
[24.9]
[28.37]
[17.49]
[16.74]
[47.53]
[16.06]
[15.03]
[32.65]
[36.66]
[33.79]
[32.62]
[31.6]
[12.79]
[8.68]
[29.3]
[28.48]
[33.01]
[32.79]
[29.71]
[12.11]
[7.79]
[7.39]
[5.3]
[5.33]
[5.36]
[5.41]
[5.44]
[5.46]
[5.48]
[5.51]
[5.52]
[5.54]
[5.55]
[5.56]
[5.57]
[5.58]
[5.41]
[5.59]
[5.59]
[5.59]
[5.59]
[5.59]
[5.59]
[5.52]
[9.82]
[15.53]
[16.95]
[20.82]
[11.7]
[14.18]
[15.4]
[23.39]
[19.41]
[16.47]
[11.42]
[6.71]
[12.54]
[12.67]
[10.63]
[11.37]
[12.05]
[14.44]
[14.47]
[12.32]
[14.46]
[13.82]
[14.57]
[14.58]
[8.47]
[14.78]
[14.81]
[14.47]
[5.31]
[5.31]
[5.29]
[6.65]
[12.03]
[10.97]
[11.68]
[7.09]
[5.32]
[5.32]
[5.33]
[5.32]
[5.32]
[7.66]
[5.32]
[5.32]
[5.32]
[5.29]
[5.21]
[5.09]
[5.1]
[5.1]
[5.1]
[5.11]
[5.11]
[5.1]
[5.12]
[5.22]
[5.48]
[5.49]
[5.27]
[5.12]
[5.13]
[5.12]
[5.12]
[5.11]
[5.16]
[8.76]
[8.76]
[8.94]
[8.95]
[8.95]
[10.8]
[10.34]
[8.93]
[12.82]
[12.41]
[9.78]
[12.71]
[13.05]
[9.78]
[9.61]
[13.47]
[13.71]
[13.82]
[13.8]
[20.11]
[12.1]
[10.21]
[15.44]
[19.36]
[24.22]
[16.35]
[13.82]
[12.91]
[11.05]
[11.21]
[12.63]
[12.73]
[13.93]
[14.]
[12.75]
[12.72]
[14.06]
[13.64]
[13.18]
[14.13]
[14.47]
[12.97]
[12.08]
[13.53]
[13.92]
[14.]
[14.03]
[13.47]
[12.53]
[12.61]
[12.89]
[13.87]
[13.64]
[12.29]
[13.75]
[12.77]
[12.77]
[13.97]
[13.97]
[12.95]
[15.58]
[14.78]
[14.97]
[14.82]
[14.67]
[14.69]
[14.7]
[14.81]
[14.7]
[17.5]
[18.04]
[19.37]
[14.58]
[14.62]
[14.69]
[14.75]
[14.6]
[14.39]
[14.42]
[14.49]
[14.55]
[14.59]
[14.62]
[14.6]
[14.31]
[14.23]
[14.12]
[14.15]
[14.3]
[14.52]
[14.49]
[14.43]
[14.23]
[14.17]
[14.28]
[14.37]
[14.29]
[14.2]
[14.09]
[14.11]
[14.23]
[14.04]
[14.13]
[14.15]
[14.07]
[14.02]
[13.88]
[13.88]
[13.78]
[13.82]
[13.92]
[14.08]
[13.97]
[13.86]
[13.82]
[13.83]
[13.99]
[14.01]
[13.84]
[13.78]
[13.71]
[13.96]
[14.1]
[13.99]
[13.72]
[16.98]
[13.92]
[13.67]
[13.53]
[13.42]
[13.41]
[13.36]
[14.17]
[14.52]
[14.48]
[14.44]
[14.41]
[14.38]
[14.37]
[14.35]
[14.34]
[14.31]
[15.25]
[14.32]
[14.31]
[14.29]
[14.29]
[14.58]
[14.56]
[12.15]
[11.95]
[11.88]
[11.87]
[11.82]
[13.39]
[11.95]
[11.94]
[11.89]
[11.86]
[11.86]
[11.84]
[11.83]
[11.81]
[11.86]
[11.86]
[11.8]
[11.8]
[11.79]
[11.78]
[11.77]
[11.96]
[11.94]
[11.9]
[11.85]
[11.35]
[11.83]
[11.8]
[12.]
[12.06]
[12.03]
[9.66]
[9.6]
[9.59]
[9.63]
[9.74]
[9.73]
[9.68]
[9.68]
[9.7]
[9.68]
[9.68]
[9.67]
[9.67]
[9.73]
[9.77]
[9.75]
[9.77]
[9.77]
[9.77]
[9.74]
[9.74]
[9.73]
[9.72]
[9.75]
[9.75]
[9.79]
[9.77]
[9.77]
[9.78]
[9.77]
[9.09]
[9.09]
[8.91]
[8.69]
[8.69]
[8.66]
[8.69]
[8.7]
[8.7]
[8.66]
[8.67]
[8.77]
[8.78]
[8.78]
[8.77]
[8.78]
[8.77]
[8.74]
[8.74]
[8.77]
[8.77]
[8.77]
[8.76]
[8.77]
[8.76]
[8.77]
[8.77]
[8.76]
[8.76]
[8.77]
[8.71]
[8.26]
[8.23]
[8.06]
[8.02]
[8.01]
[8.04]
[8.06]
[8.04]
[8.05]
[8.06]
[8.05]
[8.05]
[8.07]
[8.07]
[8.06]
[8.04]
[8.08]
[8.07]
[8.07]
[8.03]
[8.1]
[8.09]
[8.1]
[8.11]
[8.1]
[8.11]
[8.12]
[8.11]
[8.11]
[8.13]
[6.13]
[6.11]
[5.91]
[5.29]
[5.35]
[5.29]
[5.31]
[5.3]
[5.3]
[5.3]
[5.31]
[5.3]
[5.27]
[5.29]
[5.29]
[5.29]
[5.3]
[5.3]
[5.34]
[5.31]
[5.31]
[5.32]
[5.32]
[5.31]
[5.33]
[5.32]
[5.32]
[5.31]
[5.33]
[5.32]
[5.34]
[5.34]
[5.89]
[5.74]
[5.51]
[5.5]
[7.49]
[7.16]
[5.55]
[5.56]
[5.48]
[5.43]
[5.41]
[5.42]
[5.48]
[5.44]
[5.44]
[5.44]
[7.99]
[5.37]
[5.4]
[5.41]
[5.38]
[5.38]
[5.39]
[5.38]
[5.38]
[5.43]
[5.4]
[5.41]
[5.42]
[5.41]
[5.41]
[5.41]
[5.41]
[5.42]
[5.44]
[5.44]
[5.45]
[5.47]
[5.47]
[5.4]
[5.42]
[5.44]
[5.46]
[5.47]
[5.46]
[5.46]
[5.47]
[5.47]
[5.42]
[5.48]
[5.49]
[5.48]
[5.46]
[5.46]
[5.5]
[5.51]
[5.48]
[5.46]
[9.04]
[9.13]
[9.13]
[9.16]
[9.17]
[9.17]
[9.19]
[9.21]
[9.24]
[9.24]
[9.22]
[9.2]
[9.27]
[9.28]
[9.28]
[9.29]
[9.32]
[9.33]
[9.33]
[9.34]
[9.36]
[9.37]
[9.38]
[9.41]
[9.41]
[9.41]
[9.41]
[9.42]
[9.83]
[9.49]
[9.52]
[12.18]
[12.29]
[12.29]
[12.33]
[12.37]
[12.42]
[12.45]
[12.39]
[15.27]
[16.55]
[14.11]
[12.06]
[12.15]
[12.22]
[12.2]
[14.89]
[12.24]
[12.29]
[12.3]
[12.82]
[12.19]
[12.16]
[12.29]
[12.32]
[12.3]
[12.41]
[12.47]
[12.46]
[12.66]
[12.65]
[14.68]
[15.59]
[15.66]
[15.62]
[15.61]
[15.62]
[15.55]
[15.55]
[15.53]
[15.48]
[15.58]
[15.63]
[15.67]
[15.73]
[15.76]
[15.69]
[15.74]
[15.74]
[15.7]
[15.75]
[15.81]
[15.74]
[15.69]
[15.67]
[15.67]
[15.69]
[15.71]
[15.78]
[15.82]
[15.85]
[15.84]
[15.82]
[15.81]
[15.68]
[15.65]
[15.45]
[15.76]
[15.72]
[15.72]
[15.72]
[15.86]
[15.62]
[15.55]
[15.84]
[15.47]
[15.85]
[15.91]
[15.89]
[15.6]
[15.96]
[15.99]
[15.84]
[15.77]
[15.99]
[15.57]
[15.56]
[15.78]
[15.69]
[15.67]
[15.63]
[15.75]
[15.5]
[15.92]
[15.96]
[15.99]
[16.2]
[15.99]
[15.99]
[15.96]
[15.93]
[15.94]
[15.96]
[15.89]
[15.75]
[15.57]
[14.85]
[16.98]
[17.18]
[17.15]
[16.64]
[16.94]
[16.89]
[16.85]
[16.85]
[16.82]
[22.09]
[48.14]
[54.09]
[52.25]
[50.82]
[26.21]
[24.32]
[46.38]
[54.6]
[55.32]
[58.59]
[42.22]
[59.61]
[52.27]
[91.07]
[134.99]
[99.13]
[93.08]
[89.49]
[90.15]
[90.7]
[92.91]
[90.54]
[92.41]
[91.17]
[89.85]
[54.37]
[55.31]
[91.98]
[89.63]
[92.51]
[92.65]
[53.92]
[58.15]
[118.86]
[121.02]
[128.01]
[129.11]
[130.04]
[130.07]
[129.96]
[130.52]
[93.73]
[94.19]
[93.43]
[94.32]
[94.03]
[49.04]
[42.92]
[63.69]
[56.03]
[54.7]
[38.34]
[11.79]
[11.72]
[12.96]
[33.11]
[57.23]
[47.44]
[52.93]
[38.46]
[13.38]
[10.84]
[32.12]
[12.86]
[13.04]
[11.96]
[9.06]
[9.09]
[9.87]
[13.99]
[13.87]
[12.77]
[11.54]
[13.62]
[10.08]
[9.89]
[11.66]
[11.41]
[10.97]
[12.27]
[12.58]
[13.52]
[14.11]
[18.19]
[19.12]
[13.6]
[13.55]
[13.48]
[13.43]
[13.64]
[13.07]
[13.76]
[13.75]
[12.85]
[13.71]
[11.22]
[9.92]
[11.7]
[12.05]
[15.5]
[15.5]
[20.41]
[11.86]
[11.21]
[12.16]
[10.03]
[8.58]
[11.93]
[24.96]
[9.81]
[9.12]
[11.89]
[11.97]
[19.72]
[18.14]
[16.04]
[11.71]
[13.74]
[39.18]
[46.43]
[42.22]
[40.7]
[29.17]
[11.6]
[7.7]
[7.77]
[5.18]
[5.21]
[5.24]
[5.27]
[5.28]
[5.29]
[5.31]
[5.33]
[5.34]
[5.35]
[5.36]
[5.37]
[5.38]
[5.39]