0.8915181423309062, 0.8957634295748957, 3.941419117277835, 200.49377982174224[11.444978]
[9.032964]
[8.0179405]
[9.87091]
[8.954419]
[5.722542]
[5.0023804]
[5.072263]
[5.02157]
[5.041165]
[5.0368443]
[4.959404]
[5.0458007]
[7.2421675]
[7.831974]
[7.7638097]
[7.876206]
[8.285537]
[7.8201985]
[9.920417]
[8.622496]
[8.372606]
[8.206517]
[8.192614]
[8.10492]
[8.148665]
[8.14618]
[8.124494]
[8.009282]
[7.9959393]
[7.930177]
[8.038037]
[8.11162]
[8.099992]
[8.057611]
[8.144929]
[8.092253]
[8.16654]
[11.691515]
[8.980937]
[8.494945]
[8.917878]
[9.010655]
[8.7781315]
[10.26415]
[10.559401]
[10.502874]
[10.571927]
[10.490408]
[10.954531]
[11.022161]
[10.8257675]
[10.551909]
[10.669207]
[10.503333]
[10.502018]
[10.509757]
[10.550188]
[10.461722]
[10.4644575]
[10.479812]
[10.495076]
[10.415584]
[10.508809]
[10.508096]
[10.525089]
[10.977506]
[11.042631]
[10.678101]
[10.935115]
[13.180245]
[8.563267]
[9.9048395]
[10.478614]
[33.921616]
[16.408333]
[12.350752]
[12.280657]
[12.242566]
[12.243425]
[12.38922]
[12.48698]
[12.40655]
[12.5191965]
[12.568367]
[12.321998]
[12.32726]
[12.439544]
[12.620279]
[12.422671]
[12.499575]
[12.356151]
[12.899974]
[12.6828575]
[12.431775]
[12.613757]
[12.598252]
[12.413609]
[12.379702]
[11.942213]
[12.368768]
[12.78996]
[12.638291]
[13.28622]
[13.513634]
[14.063376]
[20.837221]
[19.734755]
[19.390726]
[35.84042]
[55.111275]
[21.576971]
[68.987236]
[68.05759]
[61.504154]
[85.577126]
[133.43214]
[88.64998]
[66.82743]
[56.461662]
[59.479588]
[56.872116]
[52.8425]
[49.91783]
[51.255238]
[48.380825]
[40.273487]
[47.803032]
[50.534813]
[48.264713]
[48.60229]
[51.60035]
[30.99385]
[26.497446]
[41.009094]
[47.8081]
[44.378418]
[48.088894]
[44.264442]
[22.550322]
[22.252106]
[43.044018]
[48.45451]
[74.890656]
[98.57334]
[141.9131]
[153.80836]
[159.84334]
[198.43547]
[160.76315]
[141.72176]
[137.77327]
[122.57402]
[100.864525]
[83.02615]
[105.206184]
[111.29579]
[111.98548]
[116.995155]
[124.14074]
[108.715904]
[96.437454]
[88.89262]
[89.71625]
[87.12787]
[86.44667]
[90.65891]
[72.06012]
[65.109634]
[73.464294]
[70.07998]
[69.22833]
[65.753624]
[65.43006]
[57.969833]
[55.31121]
[52.39544]
[54.799084]
[42.260883]
[53.356323]
[54.635685]
[48.34047]
[45.148148]
[55.586926]
[51.320805]
[46.310482]
[43.220203]
[44.61645]
[40.240112]
[40.40842]
[44.827785]
[60.318844]
[63.331238]
[57.650196]
[60.934452]
[55.193893]
[56.347137]
[90.00216]
[91.030495]
[86.148865]
[81.32084]
[78.19383]
[79.4288]
[77.3243]
[81.73673]
[89.46678]
[87.64519]
[95.31949]
[99.219345]
[74.54804]
[69.03704]
[71.19571]
[56.146618]
[68.033585]
[49.410454]
[60.658714]
[35.879444]
[25.17177]
[44.465046]
[35.09831]
[33.542793]
[26.700836]
[29.785208]
[22.51254]
[17.492847]
[21.129065]
[27.55463]
[36.301376]
[38.03824]
[41.75862]
[29.85748]
[19.684284]
[41.036823]
[47.865124]
[41.037704]
[37.516823]
[24.01034]
[20.371838]
[20.60998]
[24.69241]
[31.18136]
[38.990135]
[37.728878]
[42.553715]
[21.469818]
[16.240845]
[38.36113]
[40.237507]
[39.95804]
[39.509705]
[37.970833]
[21.292675]
[17.554262]
[27.935139]
[31.438442]
[24.930742]
[31.225327]
[31.732233]
[18.125484]
[12.872765]
[24.669828]
[28.47738]
[27.154242]
[25.663567]
[23.899443]
[19.731474]
[15.648246]
[19.71199]
[22.67385]
[17.893904]
[18.42961]
[37.032837]
[21.542665]
[15.893157]
[24.870472]
[28.304222]
[26.62787]
[25.328777]
[23.95853]
[13.616386]
[9.184952]
[20.03096]
[20.98382]
[23.272417]
[24.002409]
[22.231916]
[12.38785]
[7.8341603]
[7.0843773]
[5.817633]
[5.460824]
[5.6884823]
[5.980237]
[5.806642]
[5.554473]
[5.405312]
[5.4080505]
[5.415621]
[5.346018]
[5.221299]
[5.110972]
[5.085445]
[5.094056]
[4.985268]
[4.9583545]
[4.8743496]
[4.850448]
[4.850448]
[4.850448]
[4.850448]
[4.748124]
[6.852531]
[12.016754]
[12.34257]
[14.095281]
[9.863565]
[10.2455435]
[11.067393]
[15.429507]
[14.261927]
[12.428086]
[9.422494]
[6.227534]
[8.90553]
[9.512947]
[8.467478]
[8.657716]
[9.141783]
[10.646833]
[10.945544]
[9.706713]
[10.673447]
[17.721037]
[12.582916]
[11.253414]
[7.829473]
[10.909792]
[11.458361]
[11.225524]
[6.218562]
[5.0861506]
[5.074204]
[5.8336053]
[8.933175]
[9.233988]
[9.286258]
[6.785023]
[5.266693]
[5.0675683]
[5.0770364]
[5.0788975]
[5.001577]
[6.433346]
[5.3311663]
[5.02298]
[5.1085243]
[5.0113025]
[5.0422816]
[4.8696156]
[4.832413]
[5.3293357]
[5.172085]
[5.179643]
[5.0237627]
[5.022012]
[5.0329413]
[5.0988693]
[5.197458]
[5.2576637]
[5.128347]
[5.2461467]
[4.9810934]
[5.05946]
[5.0562534]
[5.0526285]
[5.0859156]
[7.112732]
[7.6080265]
[12.084531]
[8.741085]
[7.700261]
[8.964841]
[8.675038]
[7.9177427]
[10.742041]
[10.26831]
[8.592683]
[10.121314]
[10.563534]
[8.731869]
[8.374258]
[10.688787]
[11.390181]
[11.2486]
[11.284585]
[15.572499]
[11.050497]
[8.832941]
[12.150036]
[15.556879]
[18.093287]
[13.853386]
[11.433852]
[10.6599455]
[9.379967]
[9.402225]
[10.2432575]
[10.374771]
[11.2173605]
[11.328099]
[10.506191]
[10.469977]
[11.400915]
[10.923921]
[10.762155]
[11.574612]
[11.69292]
[10.60364]
[9.979184]
[11.0011]
[11.314703]
[11.258691]
[11.329061]
[10.814532]
[10.179413]
[9.831538]
[10.803139]
[11.986748]
[11.36317]
[10.247324]
[11.795127]
[11.580364]
[10.706577]
[11.238353]
[11.287978]
[10.47549]
[12.316409]
[11.845841]
[11.834014]
[11.762186]
[11.708042]
[11.675761]
[11.559124]
[11.773901]
[11.674432]
[12.947585]
[15.005422]
[14.186491]
[11.346386]
[11.528532]
[12.0329485]
[12.072005]
[12.320134]
[11.8998995]
[11.827817]
[11.873479]
[11.88809]
[12.02564]
[11.923044]
[11.927835]
[11.649449]
[11.390663]
[11.200021]
[11.282675]
[11.199912]
[11.277327]
[11.138084]
[11.101239]
[11.082735]
[11.111558]
[10.985054]
[11.081782]
[10.998854]
[10.73836]
[10.653304]
[10.653757]
[10.758853]
[10.7079935]
[10.725733]
[10.862996]
[11.09767]
[11.041723]
[10.643438]
[10.792589]
[10.532397]
[10.245703]
[10.510802]
[10.552298]
[10.354574]
[10.255874]
[10.155449]
[9.927913]
[9.705095]
[10.1774845]
[10.522463]
[10.809909]
[10.908096]
[10.85291]
[11.826094]
[12.63823]
[12.75814]
[15.491486]
[4.0008616]
[51.62165]
[16.535461]
[9.604339]
[12.798318]
[12.950327]
[13.139802]
[13.142694]
[13.000393]
[12.870757]
[12.72013]
[12.712301]
[12.585517]
[12.668124]
[12.741346]
[12.622224]
[13.1355915]
[12.646994]
[12.529866]
[12.470456]
[12.448492]
[11.936921]
[12.633451]
[11.369999]
[10.908895]
[10.889239]
[11.354644]
[11.312101]
[12.23685]
[11.560308]
[11.176266]
[11.083609]
[11.039335]
[10.840332]
[10.804084]
[10.994063]
[10.774564]
[10.654097]
[10.490365]
[10.413697]
[10.27424]
[10.144191]
[10.078125]
[10.24871]
[10.898924]
[12.220173]
[12.876171]
[12.456731]
[12.243967]
[11.679907]
[11.47783]
[11.102121]
[11.047104]
[11.299094]
[10.471057]
[9.919789]
[9.15321]
[9.109963]
[9.23066]
[9.122309]
[9.189644]
[9.041551]
[9.136183]
[8.986149]
[8.988382]
[9.05679]
[8.873113]
[9.046116]
[8.903438]
[9.006399]
[8.938011]
[8.97187]
[8.897472]
[8.900526]
[8.813231]
[8.835435]
[8.744707]
[8.7601595]
[8.766652]
[8.812111]
[8.727322]
[8.693243]
[8.803186]
[8.671162]
[8.427073]
[8.291992]
[8.213257]
[7.97175]
[7.868047]
[8.000373]
[8.047013]
[8.008764]
[7.9603853]
[7.777631]
[7.8828597]
[7.881355]
[9.075175]
[8.741841]
[8.59863]
[8.416511]
[8.279751]
[8.201945]
[8.136583]
[8.052722]
[8.178613]
[8.0201025]
[8.013266]
[8.054723]
[7.8736844]
[7.869762]
[8.167105]
[8.292316]
[8.066849]
[8.358223]
[8.210409]
[7.792514]
[7.6039786]
[7.4963593]
[7.4573107]
[7.3455963]
[7.4391665]
[7.478188]
[7.4159884]
[7.3151236]
[7.4158063]
[7.340188]
[7.33839]
[7.3462396]
[7.36938]
[7.2704353]
[7.354348]
[7.2947044]
[7.3165393]
[7.245033]
[7.1967306]
[7.353546]
[7.214643]
[7.186301]
[7.26472]
[7.2930827]
[7.1926804]
[7.2704897]
[7.2070932]
[7.3484535]
[7.360933]
[6.1612086]
[5.925543]
[5.7778325]
[5.2827215]
[5.2886257]
[5.1659846]
[5.2638593]
[5.2015805]
[5.154356]
[5.253883]
[5.199077]
[5.1886115]
[5.1684823]
[5.1716743]
[5.2159467]
[5.149825]
[5.1077294]
[5.2514577]
[5.107916]
[5.114464]
[5.2153473]
[5.156875]
[5.1519656]
[5.143957]
[5.1515937]
[5.147211]
[5.140169]
[5.1332746]
[5.137536]
[5.180367]
[5.0784936]
[5.1811256]
[5.423172]
[5.4375296]
[8.592647]
[5.8386006]
[6.778086]
[6.9740214]
[5.500255]
[5.2345834]
[5.1918]
[5.1414876]
[5.436091]
[5.1439853]
[5.407783]
[5.134654]
[5.385623]
[5.115175]
[7.129655]
[5.727589]
[5.339018]
[5.3215175]
[5.3044524]
[5.2871923]
[5.269684]
[4.9892435]
[5.223226]
[4.8673463]
[7.078093]
[5.332279]
[4.946552]
[5.1564813]
[4.926393]
[4.9142146]
[5.109589]
[4.89499]
[5.0738807]
[5.048052]
[4.862995]
[5.026223]
[4.852436]
[4.8221555]
[4.8144956]
[4.9591293]
[4.793066]
[4.9253383]
[4.763191]
[4.7739043]
[4.77273]
[4.861236]
[4.6795945]
[4.725436]
[4.816552]
[4.6703773]
[4.684721]
[4.7569084]
[4.6301174]
[4.748821]
[4.6814203]
[4.5596666]
[7.4781933]
[7.4373703]
[7.777204]
[7.382624]
[7.6929126]
[7.725328]
[7.683862]
[7.680597]
[8.249066]
[7.7605004]
[8.213052]
[7.725413]
[8.171215]
[7.6902747]
[8.101343]
[8.138157]
[7.6566586]
[7.6213727]
[7.625631]
[7.641486]
[7.667518]
[7.704406]
[7.667384]
[7.856297]
[7.542295]
[7.879203]
[7.6814637]
[7.4740853]
[7.986742]
[7.9051466]
[7.8579617]
[8.955631]
[9.073269]
[9.03317]
[9.369031]
[9.002477]
[9.285183]
[9.671627]
[9.672852]
[11.743996]
[12.328449]
[11.344478]
[9.180238]
[9.14665]
[9.122839]
[9.398866]
[10.684643]
[9.289792]
[8.832246]
[8.645299]
[8.659373]
[8.106013]
[7.850402]
[8.034333]
[8.808983]
[9.342302]
[9.7561655]
[8.880976]
[7.9557576]
[7.8680477]
[7.6486707]
[8.08687]
[8.160477]
[8.154381]
[8.157464]
[7.8344607]
[7.78233]
[7.531301]
[7.6370173]
[8.376791]
[8.6912985]
[18.9017]
[21.358135]
[15.4454775]
[13.576056]
[10.964375]
[13.548955]
[14.177389]
[13.884819]
[13.296048]
[12.777554]
[12.059837]
[11.679318]
[11.484119]
[11.063817]
[11.41972]
[13.1009865]
[13.809356]
[13.229867]
[13.615976]
[13.592485]
[13.363784]
[13.180115]
[13.197563]
[13.41848]
[11.855036]
[12.834863]
[13.701842]
[15.487661]
[15.713577]
[15.654456]
[15.185359]
[14.703246]
[15.597685]
[15.512107]
[15.424515]
[15.503556]
[15.443274]
[15.258964]
[14.797014]
[14.776537]
[14.647318]
[14.410777]
[14.268393]
[14.391576]
[14.677868]
[15.431281]
[15.351637]
[14.818074]
[14.23432]
[13.831715]
[13.838666]
[13.737645]
[14.179527]
[14.282612]
[15.3541155]
[15.168814]
[14.417501]
[14.469026]
[14.507581]
[14.827946]
[14.918338]
[15.405401]
[15.755074]
[22.95963]
[22.914011]
[16.990696]
[26.859467]
[25.262054]
[21.14146]
[20.387247]
[19.392435]
[4.9614167]
[13.562141]
[15.845348]
[15.571929]
[18.518566]
[35.107582]
[40.60426]
[48.36318]
[53.512356]
[46.561195]
[38.779648]
[55.94326]
[65.638794]
[62.463005]
[62.885506]
[54.5604]
[72.67677]
[89.61775]
[86.98454]
[113.425255]
[110.28416]
[117.702545]
[100.41934]
[95.81498]
[92.54862]
[95.913956]
[92.33403]
[88.75769]
[84.875916]
[83.3404]
[70.95042]
[70.750175]
[83.72182]
[83.63004]
[83.623505]
[86.2684]
[82.12289]
[86.397285]
[99.30348]
[116.353386]
[133.23042]
[131.47258]
[123.816086]
[125.08833]
[128.42262]
[124.313835]
[99.746864]
[99.114136]
[94.66873]
[92.45063]
[90.714355]
[60.905132]
[49.14655]
[58.235073]
[54.586708]
[51.520027]
[41.076195]
[23.666328]
[20.071665]
[20.474617]
[31.40303]
[45.82404]
[41.838768]
[43.452126]
[35.82365]
[20.209602]
[15.860347]
[28.134174]
[19.481682]
[16.59649]
[15.954134]
[13.911661]
[13.113644]
[13.152511]
[15.295871]
[15.423512]
[14.424971]
[13.401292]
[14.167112]
[12.441462]
[11.984163]
[13.104065]
[13.069312]
[12.371216]
[12.77343]
[12.929641]
[13.13721]
[13.422125]
[15.43652]
[16.096039]
[12.99012]
[12.355811]
[13.006298]
[13.510489]
[13.419721]
[12.731754]
[12.797224]
[12.778577]
[12.129305]
[12.491381]
[11.131245]
[9.939453]
[10.969179]
[12.047057]
[14.248385]
[14.568628]
[17.376682]
[13.831744]
[13.227732]
[13.655513]
[12.035598]
[10.462932]
[11.687907]
[18.682623]
[11.683491]
[9.310833]
[10.539119]
[10.678492]
[14.507586]
[14.418149]
[12.997719]
[10.406994]
[10.786149]
[23.874746]
[28.26794]
[27.792309]
[26.821957]
[21.18725]
[13.3434515]
[8.08719]
[9.744925]
[7.699695]
[6.826346]
[6.463976]
[6.1772146]
[5.5890226]
[5.5660734]
[5.7517705]
[5.90006]
[5.5896254]
[5.5057898]
[5.540181]
[5.3450627]
[5.3180103][10.25]
[9.45]
[13.02]
[10.69]
[5.31]
[5.25]
[5.26]
[5.31]
[5.31]
[5.3]
[5.29]
[5.3]
[9.25]
[9.31]
[9.28]
[9.29]
[9.27]
[9.26]
[9.25]
[9.26]
[9.26]
[9.27]
[9.25]
[9.25]
[9.32]
[9.28]
[9.26]
[9.22]
[9.21]
[9.23]
[9.23]
[9.06]
[9.24]
[9.25]
[9.24]
[9.29]
[9.55]
[9.28]
[9.27]
[9.27]
[9.25]
[9.24]
[9.28]
[12.21]
[12.29]
[12.32]
[12.27]
[12.3]
[12.29]
[12.25]
[12.25]
[12.25]
[12.29]
[12.3]
[12.3]
[12.31]
[12.36]
[12.34]
[12.35]
[12.36]
[12.37]
[12.39]
[12.39]
[12.4]
[12.36]
[12.39]
[12.4]
[12.41]
[12.52]
[12.25]
[12.25]
[12.03]
[12.31]
[26.75]
[15.2]
[15.05]
[15.12]
[15.03]
[15.09]
[15.17]
[15.22]
[15.41]
[15.4]
[15.43]
[15.24]
[15.14]
[15.08]
[15.29]
[15.3]
[15.23]
[15.22]
[15.17]
[15.21]
[15.24]
[15.21]
[15.26]
[15.09]
[15.03]
[14.94]
[15.09]
[15.28]
[15.3]
[15.52]
[15.38]
[15.46]
[15.26]
[15.55]
[15.54]
[15.27]
[22.36]
[17.87]
[15.85]
[42.75]
[82.22]
[94.05]
[93.25]
[90.97]
[55.68]
[49.63]
[58.09]
[56.67]
[54.59]
[53.59]
[58.05]
[53.08]
[41.74]
[57.88]
[58.89]
[56.17]
[56.45]
[59.98]
[24.57]
[23.68]
[48.95]
[58.59]
[52.66]
[61.65]
[55.39]
[15.63]
[15.57]
[49.45]
[48.02]
[57.5]
[95.04]
[91.35]
[127.12]
[159.08]
[215.85]
[192.9]
[144.63]
[136.75]
[131.02]
[99.64]
[86.83]
[129.19]
[131.03]
[129.73]
[130.49]
[130.52]
[92.3]
[87.76]
[90.33]
[91.84]
[90.24]
[92.4]
[96.82]
[52.74]
[45.22]
[55.96]
[60.38]
[51.61]
[55.5]
[62.81]
[54.04]
[56.12]
[53.08]
[60.33]
[38.11]
[64.66]
[62.07]
[50.21]
[45.53]
[67.12]
[58.52]
[53.52]
[50.52]
[53.77]
[41.06]
[38.17]
[35.45]
[50.08]
[57.71]
[43.73]
[61.41]
[54.5]
[42.43]
[96.98]
[93.31]
[95.73]
[93.08]
[91.61]
[94.94]
[85.74]
[88.4]
[98.74]
[90.94]
[95.37]
[98.5]
[45.13]
[47.61]
[67.66]
[39.1]
[71.69]
[37.29]
[69.59]
[19.53]
[12.7]
[49.99]
[27.12]
[31.05]
[19.21]
[28.46]
[14.31]
[9.94]
[17.83]
[28.86]
[44.83]
[46.46]
[52.06]
[24.01]
[9.42]
[50.97]
[57.23]
[44.2]
[37.8]
[12.15]
[9.41]
[10.47]
[20.43]
[33.31]
[48.25]
[44.01]
[55.45]
[12.7]
[10.36]
[51.64]
[50.92]
[50.38]
[49.93]
[49.1]
[13.79]
[10.13]
[29.22]
[34.2]
[23.2]
[39.35]
[38.77]
[14.08]
[10.2]
[32.49]
[35.58]
[33.86]
[32.24]
[29.9]
[23.23]
[16.87]
[24.9]
[28.37]
[17.49]
[16.74]
[47.53]
[16.06]
[15.03]
[32.65]
[36.66]
[33.79]
[32.62]
[31.6]
[12.79]
[8.68]
[29.3]
[28.48]
[33.01]
[32.79]
[29.71]
[12.11]
[7.79]
[7.39]
[5.3]
[5.33]
[5.36]
[5.41]
[5.44]
[5.46]
[5.48]
[5.51]
[5.52]
[5.54]
[5.55]
[5.56]
[5.57]
[5.58]
[5.41]
[5.59]
[5.59]
[5.59]
[5.59]
[5.59]
[5.59]
[5.52]
[9.82]
[15.53]
[16.95]
[20.82]
[11.7]
[14.18]
[15.4]
[23.39]
[19.41]
[16.47]
[11.42]
[6.71]
[12.54]
[12.67]
[10.63]
[11.37]
[12.05]
[14.44]
[14.47]
[12.32]
[14.46]
[13.82]
[14.57]
[14.58]
[8.47]
[14.78]
[14.81]
[14.47]
[5.31]
[5.31]
[5.29]
[6.65]
[12.03]
[10.97]
[11.68]
[7.09]
[5.32]
[5.32]
[5.33]
[5.32]
[5.32]
[7.66]
[5.32]
[5.32]
[5.32]
[5.29]
[5.21]
[5.09]
[5.1]
[5.1]
[5.1]
[5.11]
[5.11]
[5.1]
[5.12]
[5.22]
[5.48]
[5.49]
[5.27]
[5.12]
[5.13]
[5.12]
[5.12]
[5.11]
[5.16]
[8.76]
[8.76]
[8.94]
[8.95]
[8.95]
[10.8]
[10.34]
[8.93]
[12.82]
[12.41]
[9.78]
[12.71]
[13.05]
[9.78]
[9.61]
[13.47]
[13.71]
[13.82]
[13.8]
[20.11]
[12.1]
[10.21]
[15.44]
[19.36]
[24.22]
[16.35]
[13.82]
[12.91]
[11.05]
[11.21]
[12.63]
[12.73]
[13.93]
[14.]
[12.75]
[12.72]
[14.06]
[13.64]
[13.18]
[14.13]
[14.47]
[12.97]
[12.08]
[13.53]
[13.92]
[14.]
[14.03]
[13.47]
[12.53]
[12.61]
[12.89]
[13.87]
[13.64]
[12.29]
[13.75]
[12.77]
[12.77]
[13.97]
[13.97]
[12.95]
[15.58]
[14.78]
[14.97]
[14.82]
[14.67]
[14.69]
[14.7]
[14.81]
[14.7]
[17.5]
[18.04]
[19.37]
[14.58]
[14.62]
[14.69]
[14.75]
[14.6]
[14.39]
[14.42]
[14.49]
[14.55]
[14.59]
[14.62]
[14.6]
[14.31]
[14.23]
[14.12]
[14.15]
[14.3]
[14.52]
[14.49]
[14.43]
[14.23]
[14.17]
[14.28]
[14.37]
[14.29]
[14.2]
[14.09]
[14.11]
[14.23]
[14.04]
[14.13]
[14.15]
[14.07]
[14.02]
[13.88]
[13.88]
[13.78]
[13.82]
[13.92]
[14.08]
[13.97]
[13.86]
[13.82]
[13.83]
[13.99]
[14.01]
[13.84]
[13.78]
[13.71]
[13.96]
[14.1]
[13.99]
[13.72]
[16.98]
[13.92]
[13.67]
[13.53]
[13.42]
[13.41]
[13.36]
[14.17]
[14.52]
[14.48]
[14.44]
[14.41]
[14.38]
[14.37]
[14.35]
[14.34]
[14.31]
[15.25]
[14.32]
[14.31]
[14.29]
[14.29]
[14.58]
[14.56]
[12.15]
[11.95]
[11.88]
[11.87]
[11.82]
[13.39]
[11.95]
[11.94]
[11.89]
[11.86]
[11.86]
[11.84]
[11.83]
[11.81]
[11.86]
[11.86]
[11.8]
[11.8]
[11.79]
[11.78]
[11.77]
[11.96]
[11.94]
[11.9]
[11.85]
[11.35]
[11.83]
[11.8]
[12.]
[12.06]
[12.03]
[9.66]
[9.6]
[9.59]
[9.63]
[9.74]
[9.73]
[9.68]
[9.68]
[9.7]
[9.68]
[9.68]
[9.67]
[9.67]
[9.73]
[9.77]
[9.75]
[9.77]
[9.77]
[9.77]
[9.74]
[9.74]
[9.73]
[9.72]
[9.75]
[9.75]
[9.79]
[9.77]
[9.77]
[9.78]
[9.77]
[9.09]
[9.09]
[8.91]
[8.69]
[8.69]
[8.66]
[8.69]
[8.7]
[8.7]
[8.66]
[8.67]
[8.77]
[8.78]
[8.78]
[8.77]
[8.78]
[8.77]
[8.74]
[8.74]
[8.77]
[8.77]
[8.77]
[8.76]
[8.77]
[8.76]
[8.77]
[8.77]
[8.76]
[8.76]
[8.77]
[8.71]
[8.26]
[8.23]
[8.06]
[8.02]
[8.01]
[8.04]
[8.06]
[8.04]
[8.05]
[8.06]
[8.05]
[8.05]
[8.07]
[8.07]
[8.06]
[8.04]
[8.08]
[8.07]
[8.07]
[8.03]
[8.1]
[8.09]
[8.1]
[8.11]
[8.1]
[8.11]
[8.12]
[8.11]
[8.11]
[8.13]
[6.13]
[6.11]
[5.91]
[5.29]
[5.35]
[5.29]
[5.31]
[5.3]
[5.3]
[5.3]
[5.31]
[5.3]
[5.27]
[5.29]
[5.29]
[5.29]
[5.3]
[5.3]
[5.34]
[5.31]
[5.31]
[5.32]
[5.32]
[5.31]
[5.33]
[5.32]
[5.32]
[5.31]
[5.33]
[5.32]
[5.34]
[5.34]
[5.89]
[5.74]
[5.51]
[5.5]
[7.49]
[7.16]
[5.55]
[5.56]
[5.48]
[5.43]
[5.41]
[5.42]
[5.48]
[5.44]
[5.44]
[5.44]
[7.99]
[5.37]
[5.4]
[5.41]
[5.38]
[5.38]
[5.39]
[5.38]
[5.38]
[5.43]
[5.4]
[5.41]
[5.42]
[5.41]
[5.41]
[5.41]
[5.41]
[5.42]
[5.44]
[5.44]
[5.45]
[5.47]
[5.47]
[5.4]
[5.42]
[5.44]
[5.46]
[5.47]
[5.46]
[5.46]
[5.47]
[5.47]
[5.42]
[5.48]
[5.49]
[5.48]
[5.46]
[5.46]
[5.5]
[5.51]
[5.48]
[5.46]
[9.04]
[9.13]
[9.13]
[9.16]
[9.17]
[9.17]
[9.19]
[9.21]
[9.24]
[9.24]
[9.22]
[9.2]
[9.27]
[9.28]
[9.28]
[9.29]
[9.32]
[9.33]
[9.33]
[9.34]
[9.36]
[9.37]
[9.38]
[9.41]
[9.41]
[9.41]
[9.41]
[9.42]
[9.83]
[9.49]
[9.52]
[12.18]
[12.29]
[12.29]
[12.33]
[12.37]
[12.42]
[12.45]
[12.39]
[15.27]
[16.55]
[14.11]
[12.06]
[12.15]
[12.22]
[12.2]
[14.89]
[12.24]
[12.29]
[12.3]
[12.82]
[12.19]
[12.16]
[12.29]
[12.32]
[12.3]
[12.41]
[12.47]
[12.46]
[12.66]
[12.65]
[14.68]
[15.59]
[15.66]
[15.62]
[15.61]
[15.62]
[15.55]
[15.55]
[15.53]
[15.48]
[15.58]
[15.63]
[15.67]
[15.73]
[15.76]
[15.69]
[15.74]
[15.74]
[15.7]
[15.75]
[15.81]
[15.74]
[15.69]
[15.67]
[15.67]
[15.69]
[15.71]
[15.78]
[15.82]
[15.85]
[15.84]
[15.82]
[15.81]
[15.68]
[15.65]
[15.45]
[15.76]
[15.72]
[15.72]
[15.72]
[15.86]
[15.62]
[15.55]
[15.84]
[15.47]
[15.85]
[15.91]
[15.89]
[15.6]
[15.96]
[15.99]
[15.84]
[15.77]
[15.99]
[15.57]
[15.56]
[15.78]
[15.69]
[15.67]
[15.63]
[15.75]
[15.5]
[15.92]
[15.96]
[15.99]
[16.2]
[15.99]
[15.99]
[15.96]
[15.93]
[15.94]
[15.96]
[15.89]
[15.75]
[15.57]
[14.85]
[16.98]
[17.18]
[17.15]
[16.64]
[16.94]
[16.89]
[16.85]
[16.85]
[16.82]
[22.09]
[48.14]
[54.09]
[52.25]
[50.82]
[26.21]
[24.32]
[46.38]
[54.6]
[55.32]
[58.59]
[42.22]
[59.61]
[52.27]
[91.07]
[134.99]
[99.13]
[93.08]
[89.49]
[90.15]
[90.7]
[92.91]
[90.54]
[92.41]
[91.17]
[89.85]
[54.37]
[55.31]
[91.98]
[89.63]
[92.51]
[92.65]
[53.92]
[58.15]
[118.86]
[121.02]
[128.01]
[129.11]
[130.04]
[130.07]
[129.96]
[130.52]
[93.73]
[94.19]
[93.43]
[94.32]
[94.03]
[49.04]
[42.92]
[63.69]
[56.03]
[54.7]
[38.34]
[11.79]
[11.72]
[12.96]
[33.11]
[57.23]
[47.44]
[52.93]
[38.46]
[13.38]
[10.84]
[32.12]
[12.86]
[13.04]
[11.96]
[9.06]
[9.09]
[9.87]
[13.99]
[13.87]
[12.77]
[11.54]
[13.62]
[10.08]
[9.89]
[11.66]
[11.41]
[10.97]
[12.27]
[12.58]
[13.52]
[14.11]
[18.19]
[19.12]
[13.6]
[13.55]
[13.48]
[13.43]
[13.64]
[13.07]
[13.76]
[13.75]
[12.85]
[13.71]
[11.22]
[9.92]
[11.7]
[12.05]
[15.5]
[15.5]
[20.41]
[11.86]
[11.21]
[12.16]
[10.03]
[8.58]
[11.93]
[24.96]
[9.81]
[9.12]
[11.89]
[11.97]
[19.72]
[18.14]
[16.04]
[11.71]
[13.74]
[39.18]
[46.43]
[42.22]
[40.7]
[29.17]
[11.6]
[7.7]
[7.77]
[5.18]
[5.21]
[5.24]
[5.27]
[5.28]
[5.29]
[5.31]
[5.33]
[5.34]
[5.35]
[5.36]
[5.37]
[5.38]
[5.39]