0.8970198818847648, 0.9025752733435861, 2.9239257128046914, 195.3435336192553[11.685342]
[8.879392]
[7.747521]
[9.762769]
[8.701165]
[5.1944156]
[4.5675907]
[4.6491227]
[4.6509047]
[4.6239634]
[4.6267233]
[4.550905]
[4.589834]
[7.003372]
[7.528178]
[7.479899]
[7.531684]
[7.948877]
[8.988972]
[10.369094]
[9.327032]
[8.428706]
[8.13482]
[8.036432]
[7.9553638]
[7.956009]
[7.9522862]
[7.9418287]
[7.8298607]
[7.7812448]
[7.7131786]
[7.7551346]
[7.865614]
[7.9684424]
[7.8709188]
[7.92725]
[7.9375253]
[7.911231]
[11.843789]
[8.930804]
[8.223701]
[8.756432]
[9.115653]
[8.973016]
[10.503033]
[10.679455]
[10.559021]
[10.594673]
[10.499204]
[10.902156]
[11.214762]
[11.102774]
[10.734059]
[10.740724]
[10.628127]
[10.544327]
[10.556988]
[10.614392]
[10.533508]
[10.501362]
[10.522322]
[10.555402]
[10.476333]
[10.530397]
[10.567526]
[10.505789]
[11.000546]
[11.337537]
[10.958268]
[11.071514]
[13.62654]
[8.453418]
[10.038686]
[10.640371]
[37.44824]
[17.514069]
[12.606236]
[12.644233]
[12.579086]
[12.59259]
[12.7552185]
[12.94505]
[12.890354]
[12.949624]
[13.083146]
[12.831709]
[12.781292]
[12.969385]
[13.279039]
[13.079203]
[13.08153]
[12.923764]
[13.5724325]
[13.530086]
[13.193557]
[13.325639]
[13.41656]
[13.217322]
[13.161389]
[12.641688]
[12.979147]
[13.667737]
[13.351829]
[13.568503]
[13.685325]
[13.345523]
[18.747702]
[19.953552]
[19.162224]
[29.160362]
[48.50358]
[17.092361]
[70.31922]
[57.342045]
[72.25518]
[91.74839]
[130.82188]
[81.93481]
[67.35162]
[58.590977]
[59.95347]
[58.59251]
[53.481613]
[49.63946]
[50.518673]
[47.661167]
[39.548145]
[46.806656]
[49.726032]
[47.68841]
[47.494225]
[51.164104]
[30.0492]
[25.177135]
[40.819763]
[47.42486]
[43.877686]
[47.788654]
[44.103127]
[21.116772]
[20.748034]
[44.333405]
[46.349293]
[73.39507]
[99.458275]
[142.40584]
[164.0366]
[169.05505]
[209.43654]
[175.10506]
[146.81657]
[140.45485]
[128.68048]
[105.6936]
[87.6722]
[111.42187]
[117.080986]
[117.35125]
[121.581955]
[126.88657]
[104.64909]
[95.05793]
[93.24061]
[93.02183]
[89.73416]
[88.493004]
[91.514275]
[68.65486]
[61.513256]
[70.6003]
[71.64434]
[68.15488]
[67.7359]
[69.25901]
[59.76224]
[56.808315]
[52.67854]
[54.6998]
[41.17605]
[52.65713]
[53.560654]
[47.078476]
[44.243114]
[55.280872]
[50.37414]
[45.331493]
[42.22157]
[43.52051]
[38.62802]
[39.879547]
[42.19476]
[58.49548]
[66.49714]
[56.635178]
[64.65934]
[56.685352]
[52.955814]
[93.235344]
[94.85404]
[90.476524]
[83.22515]
[79.03751]
[80.15249]
[75.804474]
[81.84117]
[91.7398]
[87.45723]
[94.68716]
[98.93183]
[69.63588]
[62.745434]
[74.52866]
[57.06592]
[70.446625]
[50.33397]
[62.804817]
[34.547813]
[23.98329]
[45.083916]
[33.54625]
[32.23449]
[24.685196]
[28.309269]
[20.301332]
[15.444756]
[19.348366]
[26.115906]
[34.916725]
[36.45618]
[39.93365]
[27.437975]
[17.108654]
[40.146774]
[46.575424]
[39.431698]
[35.66069]
[21.268621]
[18.027191]
[18.527916]
[23.099693]
[29.735592]
[37.48825]
[35.916943]
[40.948826]
[19.06694]
[14.042589]
[37.512383]
[38.679626]
[38.168777]
[38.193493]
[36.695297]
[18.828503]
[15.20468]
[27.007515]
[30.217396]
[23.416697]
[30.252665]
[30.568914]
[16.572815]
[11.613508]
[23.895775]
[27.425192]
[26.305225]
[24.783098]
[23.148766]
[18.988775]
[14.823567]
[19.062218]
[22.010338]
[16.76637]
[16.85252]
[36.46032]
[20.44235]
[15.030615]
[24.45744]
[27.728765]
[26.175606]
[24.910864]
[23.794588]
[12.989366]
[8.737661]
[20.14314]
[21.034386]
[23.198015]
[24.03435]
[22.362501]
[12.120834]
[7.7340727]
[7.1101103]
[5.8147388]
[5.5360293]
[5.6570196]
[5.901358]
[5.8530684]
[5.625604]
[5.4800773]
[5.463244]
[5.4645963]
[5.426297]
[5.3205795]
[5.2305174]
[5.1889167]
[5.1951833]
[5.08702]
[5.100025]
[5.0283713]
[4.9861407]
[4.9861407]
[4.9861407]
[4.9861407]
[4.878635]
[7.083415]
[12.309296]
[12.362269]
[14.149625]
[9.625613]
[10.212907]
[11.121441]
[15.602304]
[14.254228]
[12.319895]
[9.202687]
[5.9304266]
[8.844737]
[9.445676]
[8.215744]
[8.453413]
[8.96268]
[10.515592]
[10.828074]
[9.513077]
[10.520015]
[17.885124]
[12.403679]
[11.119492]
[7.472695]
[10.810491]
[11.418737]
[11.054745]
[5.6333694]
[4.6660624]
[4.7010407]
[5.5263157]
[8.837657]
[9.006133]
[9.062937]
[6.3267884]
[4.7698307]
[4.630235]
[4.6594515]
[4.6674757]
[4.5915856]
[6.08085]
[4.9020905]
[4.5707383]
[4.6518784]
[4.598566]
[4.582219]
[4.380887]
[4.8429418]
[5.0974526]
[4.9127593]
[4.8458114]
[4.7070155]
[4.6160994]
[4.6279683]
[4.705077]
[4.8217826]
[4.837528]
[4.6856794]
[4.800174]
[4.678901]
[4.6109414]
[4.6517463]
[4.6477547]
[4.691707]
[6.894457]
[7.337805]
[12.162775]
[8.443153]
[7.465578]
[8.808955]
[8.53158]
[7.616497]
[10.769172]
[10.230386]
[8.361114]
[10.069301]
[10.614635]
[8.550358]
[8.178703]
[10.772444]
[11.581178]
[11.491076]
[11.459096]
[16.368448]
[11.17983]
[8.72225]
[12.390043]
[16.169937]
[20.060276]
[14.60957]
[11.80393]
[10.984211]
[9.617998]
[9.670798]
[10.66827]
[10.80604]
[11.725048]
[11.899555]
[11.019499]
[10.987501]
[11.981474]
[11.597765]
[11.327252]
[12.269459]
[12.459843]
[11.307165]
[10.624482]
[11.7287]
[12.112503]
[12.067975]
[12.140626]
[11.644304]
[10.963049]
[10.527303]
[10.622772]
[12.415296]
[12.394817]
[10.524678]
[11.5294285]
[11.909971]
[11.636771]
[12.2416935]
[12.287101]
[11.421064]
[13.37857]
[12.974328]
[12.947024]
[12.900721]
[12.868483]
[12.873999]
[12.734117]
[12.943345]
[12.875248]
[14.791263]
[17.9238]
[17.014843]
[13.323154]
[12.570198]
[12.861966]
[12.938499]
[13.233024]
[12.867169]
[12.787765]
[12.747536]
[12.823197]
[12.8781395]
[12.864958]
[12.877198]
[12.679944]
[12.531166]
[12.46454]
[12.478496]
[12.575576]
[12.715219]
[12.720219]
[12.695057]
[12.615037]
[12.527485]
[12.606639]
[12.7129135]
[12.630242]
[12.556385]
[12.492508]
[12.516426]
[12.63804]
[12.538442]
[12.608791]
[12.697891]
[12.70895]
[12.634905]
[12.548431]
[12.563558]
[12.479493]
[12.516385]
[12.628573]
[12.782055]
[12.743413]
[12.679411]
[12.664158]
[12.703896]
[12.841011]
[12.9002285]
[12.798967]
[12.767736]
[12.830459]
[13.024596]
[13.150467]
[13.1723795]
[15.077578]
[12.465738]
[24.737448]
[17.961151]
[12.629238]
[9.087231]
[10.863934]
[12.65002]
[13.330377]
[13.534179]
[13.591037]
[13.670671]
[13.510445]
[13.3151]
[13.013093]
[13.056487]
[13.091292]
[12.856849]
[13.362879]
[12.811534]
[12.654911]
[12.567423]
[12.527924]
[11.961957]
[12.673943]
[11.334374]
[10.8150015]
[10.803906]
[11.151765]
[11.383253]
[12.238961]
[11.375199]
[10.831615]
[10.647464]
[10.721387]
[10.689221]
[10.309579]
[10.678292]
[10.752591]
[10.843504]
[10.73787]
[10.748621]
[10.745196]
[10.728058]
[10.562535]
[10.289877]
[10.1682825]
[11.463571]
[12.126982]
[12.420426]
[12.409245]
[11.350656]
[11.541772]
[11.4948]
[11.400212]
[10.761845]
[9.585713]
[10.075193]
[9.833588]
[9.52503]
[9.616419]
[9.466158]
[9.496785]
[9.34691]
[9.398461]
[9.249874]
[9.166137]
[9.267771]
[9.070651]
[9.193292]
[9.083742]
[9.116512]
[9.095843]
[9.101409]
[9.03257]
[9.00705]
[8.92559]
[8.9204645]
[8.835429]
[8.81317]
[8.819831]
[8.8846655]
[8.806493]
[8.720652]
[8.84098]
[8.726004]
[8.396413]
[8.34543]
[8.247031]
[8.003021]
[7.8219547]
[7.93157]
[8.07555]
[8.057858]
[7.9934464]
[7.725903]
[7.688999]
[7.7078404]
[8.990937]
[9.252181]
[8.908793]
[8.642298]
[8.402503]
[8.257662]
[8.169559]
[8.036618]
[8.141157]
[8.038049]
[7.948933]
[8.018787]
[7.83833]
[7.6792955]
[7.9847283]
[8.301673]
[8.074925]
[8.302653]
[8.315613]
[7.818296]
[7.5534515]
[7.379682]
[7.353531]
[7.229911]
[7.276491]
[7.371317]
[7.331524]
[7.1863937]
[7.254947]
[7.22946]
[7.190442]
[7.2017736]
[7.241972]
[7.1403327]
[7.19388]
[7.1870394]
[7.1867175]
[7.1295877]
[7.0309477]
[7.2199006]
[7.1389527]
[7.02878]
[7.1070147]
[7.1969]
[7.096749]
[7.1367974]
[7.0861874]
[7.218117]
[7.312265]
[5.9839683]
[5.767037]
[5.640571]
[5.0736976]
[5.054422]
[4.939349]
[5.0139847]
[4.9996862]
[4.9021425]
[5.0128756]
[5.008934]
[4.964586]
[4.948069]
[4.956239]
[5.0221324]
[4.9713492]
[4.881122]
[5.0574036]
[4.959697]
[4.8710175]
[5.0245204]
[5.0174036]
[4.9830213]
[4.9816003]
[4.997314]
[4.9989986]
[4.99972]
[4.9994397]
[5.0116577]
[5.081463]
[4.979246]
[5.0654445]
[5.3884478]
[5.367457]
[8.896294]
[5.8134556]
[6.897399]
[7.183081]
[5.502549]
[5.232324]
[5.2167926]
[5.1761665]
[5.525449]
[5.206457]
[5.5023923]
[5.22004]
[5.48698]
[5.208899]
[7.4201207]
[5.862984]
[5.4647408]
[5.452403]
[5.4407277]
[5.429067]
[5.4173784]
[5.123241]
[5.375951]
[5.041245]
[7.4229646]
[5.5239515]
[5.1099467]
[5.343056]
[5.1132393]
[5.0979095]
[5.3161125]
[5.10488]
[5.291984]
[5.2853537]
[5.0974674]
[5.2682266]
[5.109049]
[5.0693784]
[5.0747423]
[5.2361073]
[5.0838847]
[5.2171497]
[5.073475]
[5.0805335]
[5.092556]
[5.192241]
[5.0248494]
[5.0735517]
[5.1780624]
[5.0527554]
[5.063048]
[5.1493664]
[5.046688]
[5.165574]
[5.122239]
[5.0071034]
[8.282605]
[8.302057]
[8.698479]
[8.30224]
[8.670727]
[8.753124]
[8.7028475]
[8.669635]
[9.270586]
[8.738637]
[9.219755]
[8.688409]
[9.168788]
[8.638172]
[9.109279]
[9.1085005]
[8.5537615]
[8.514917]
[8.514093]
[8.524553]
[8.545866]
[8.516733]
[8.489328]
[8.808605]
[8.573972]
[9.043725]
[8.829072]
[8.590728]
[9.229301]
[9.31109]
[9.282219]
[10.806399]
[11.038449]
[11.000883]
[11.477018]
[11.013201]
[11.39939]
[11.963477]
[12.006852]
[15.006932]
[16.977623]
[15.158251]
[11.72364]
[11.661913]
[11.708388]
[12.173962]
[15.609113]
[12.769696]
[12.112413]
[12.068235]
[12.528717]
[11.560403]
[11.342959]
[11.311504]
[11.456738]
[11.464212]
[11.7003]
[11.366679]
[10.733114]
[10.653014]
[10.4665]
[11.300795]
[11.686742]
[11.809779]
[11.923908]
[11.428183]
[11.452193]
[11.026717]
[10.944724]
[11.281321]
[13.001793]
[18.327736]
[21.98754]
[10.28046]
[14.090969]
[11.350493]
[14.239586]
[15.282563]
[15.221246]
[14.704383]
[14.343922]
[13.9026575]
[13.619922]
[13.427422]
[13.148346]
[13.363666]
[14.972443]
[15.013937]
[14.28058]
[14.326715]
[14.072127]
[14.737924]
[14.353934]
[13.624997]
[12.664952]
[12.947526]
[11.680416]
[11.469052]
[13.699296]
[14.727431]
[15.387096]
[15.811604]
[13.839292]
[14.142057]
[14.684258]
[14.223137]
[14.784283]
[15.158753]
[15.276722]
[14.744664]
[15.055425]
[15.001326]
[14.87784]
[14.797948]
[14.941936]
[15.229555]
[15.803434]
[15.872413]
[15.062768]
[14.81518]
[14.591479]
[14.506685]
[14.331638]
[14.80181]
[14.868944]
[15.335616]
[16.10857]
[14.913906]
[14.779369]
[14.701786]
[14.8420925]
[15.161578]
[15.064439]
[15.680464]
[19.87149]
[21.359879]
[14.530027]
[22.833054]
[21.869524]
[19.875732]
[21.622969]
[19.911068]
[5.0127115]
[14.924211]
[16.920717]
[16.633947]
[19.784155]
[37.11862]
[43.632343]
[47.939117]
[53.441704]
[42.820866]
[32.069984]
[51.174786]
[61.35053]
[61.745327]
[63.292404]
[52.69513]
[70.061005]
[86.1926]
[92.56874]
[120.93742]
[110.03665]
[114.12351]
[102.37496]
[98.519394]
[96.51299]
[98.2804]
[94.42213]
[92.52916]
[87.58692]
[84.13252]
[67.601166]
[69.185524]
[88.41763]
[86.64715]
[84.84824]
[86.37687]
[79.89944]
[83.08328]
[108.28613]
[120.82926]
[132.89595]
[130.87859]
[129.15463]
[130.06139]
[130.53465]
[127.91969]
[101.52585]
[98.95055]
[95.61394]
[95.400986]
[93.63699]
[60.56008]
[50.224796]
[59.71687]
[55.236824]
[51.77978]
[40.55323]
[21.809397]
[18.603622]
[18.932669]
[30.613195]
[45.114376]
[40.882767]
[42.452976]
[34.957848]
[18.561575]
[14.319119]
[27.35539]
[17.82702]
[15.3072605]
[14.53796]
[12.516175]
[11.848348]
[11.942703]
[14.163829]
[14.234069]
[13.258762]
[12.230771]
[13.101509]
[11.223712]
[10.811873]
[11.928512]
[11.885091]
[11.272388]
[11.705579]
[11.852466]
[12.137363]
[12.398509]
[14.509112]
[15.147462]
[11.995387]
[11.451445]
[11.921667]
[12.381659]
[12.410572]
[11.771657]
[11.874399]
[11.847742]
[11.226856]
[11.599912]
[10.230979]
[9.126865]
[10.120345]
[10.993351]
[13.246122]
[13.530364]
[16.32873]
[12.446079]
[11.838327]
[12.441774]
[10.884313]
[9.392771]
[10.764172]
[17.8621]
[10.498829]
[8.460085]
[9.803973]
[9.9191065]
[13.858748]
[13.611725]
[12.234703]
[9.676633]
[10.2350445]
[23.104555]
[28.788975]
[27.945986]
[26.5339]
[20.803661]
[12.319856]
[9.421379]
[9.12468]
[7.0779524]
[6.402784]
[6.0657434]
[5.8275785]
[5.378248]
[5.2957478]
[5.3975816]
[5.5549264]
[5.326914]
[5.250465]
[5.230626]
[5.124886]
[5.070034][10.25]
[9.45]
[13.02]
[10.69]
[5.31]
[5.25]
[5.26]
[5.31]
[5.31]
[5.3]
[5.29]
[5.3]
[9.25]
[9.31]
[9.28]
[9.29]
[9.27]
[9.26]
[9.25]
[9.26]
[9.26]
[9.27]
[9.25]
[9.25]
[9.32]
[9.28]
[9.26]
[9.22]
[9.21]
[9.23]
[9.23]
[9.06]
[9.24]
[9.25]
[9.24]
[9.29]
[9.55]
[9.28]
[9.27]
[9.27]
[9.25]
[9.24]
[9.28]
[12.21]
[12.29]
[12.32]
[12.27]
[12.3]
[12.29]
[12.25]
[12.25]
[12.25]
[12.29]
[12.3]
[12.3]
[12.31]
[12.36]
[12.34]
[12.35]
[12.36]
[12.37]
[12.39]
[12.39]
[12.4]
[12.36]
[12.39]
[12.4]
[12.41]
[12.52]
[12.25]
[12.25]
[12.03]
[12.31]
[26.75]
[15.2]
[15.05]
[15.12]
[15.03]
[15.09]
[15.17]
[15.22]
[15.41]
[15.4]
[15.43]
[15.24]
[15.14]
[15.08]
[15.29]
[15.3]
[15.23]
[15.22]
[15.17]
[15.21]
[15.24]
[15.21]
[15.26]
[15.09]
[15.03]
[14.94]
[15.09]
[15.28]
[15.3]
[15.52]
[15.38]
[15.46]
[15.26]
[15.55]
[15.54]
[15.27]
[22.36]
[17.87]
[15.85]
[42.75]
[82.22]
[94.05]
[93.25]
[90.97]
[55.68]
[49.63]
[58.09]
[56.67]
[54.59]
[53.59]
[58.05]
[53.08]
[41.74]
[57.88]
[58.89]
[56.17]
[56.45]
[59.98]
[24.57]
[23.68]
[48.95]
[58.59]
[52.66]
[61.65]
[55.39]
[15.63]
[15.57]
[49.45]
[48.02]
[57.5]
[95.04]
[91.35]
[127.12]
[159.08]
[215.85]
[192.9]
[144.63]
[136.75]
[131.02]
[99.64]
[86.83]
[129.19]
[131.03]
[129.73]
[130.49]
[130.52]
[92.3]
[87.76]
[90.33]
[91.84]
[90.24]
[92.4]
[96.82]
[52.74]
[45.22]
[55.96]
[60.38]
[51.61]
[55.5]
[62.81]
[54.04]
[56.12]
[53.08]
[60.33]
[38.11]
[64.66]
[62.07]
[50.21]
[45.53]
[67.12]
[58.52]
[53.52]
[50.52]
[53.77]
[41.06]
[38.17]
[35.45]
[50.08]
[57.71]
[43.73]
[61.41]
[54.5]
[42.43]
[96.98]
[93.31]
[95.73]
[93.08]
[91.61]
[94.94]
[85.74]
[88.4]
[98.74]
[90.94]
[95.37]
[98.5]
[45.13]
[47.61]
[67.66]
[39.1]
[71.69]
[37.29]
[69.59]
[19.53]
[12.7]
[49.99]
[27.12]
[31.05]
[19.21]
[28.46]
[14.31]
[9.94]
[17.83]
[28.86]
[44.83]
[46.46]
[52.06]
[24.01]
[9.42]
[50.97]
[57.23]
[44.2]
[37.8]
[12.15]
[9.41]
[10.47]
[20.43]
[33.31]
[48.25]
[44.01]
[55.45]
[12.7]
[10.36]
[51.64]
[50.92]
[50.38]
[49.93]
[49.1]
[13.79]
[10.13]
[29.22]
[34.2]
[23.2]
[39.35]
[38.77]
[14.08]
[10.2]
[32.49]
[35.58]
[33.86]
[32.24]
[29.9]
[23.23]
[16.87]
[24.9]
[28.37]
[17.49]
[16.74]
[47.53]
[16.06]
[15.03]
[32.65]
[36.66]
[33.79]
[32.62]
[31.6]
[12.79]
[8.68]
[29.3]
[28.48]
[33.01]
[32.79]
[29.71]
[12.11]
[7.79]
[7.39]
[5.3]
[5.33]
[5.36]
[5.41]
[5.44]
[5.46]
[5.48]
[5.51]
[5.52]
[5.54]
[5.55]
[5.56]
[5.57]
[5.58]
[5.41]
[5.59]
[5.59]
[5.59]
[5.59]
[5.59]
[5.59]
[5.52]
[9.82]
[15.53]
[16.95]
[20.82]
[11.7]
[14.18]
[15.4]
[23.39]
[19.41]
[16.47]
[11.42]
[6.71]
[12.54]
[12.67]
[10.63]
[11.37]
[12.05]
[14.44]
[14.47]
[12.32]
[14.46]
[13.82]
[14.57]
[14.58]
[8.47]
[14.78]
[14.81]
[14.47]
[5.31]
[5.31]
[5.29]
[6.65]
[12.03]
[10.97]
[11.68]
[7.09]
[5.32]
[5.32]
[5.33]
[5.32]
[5.32]
[7.66]
[5.32]
[5.32]
[5.32]
[5.29]
[5.21]
[5.09]
[5.1]
[5.1]
[5.1]
[5.11]
[5.11]
[5.1]
[5.12]
[5.22]
[5.48]
[5.49]
[5.27]
[5.12]
[5.13]
[5.12]
[5.12]
[5.11]
[5.16]
[8.76]
[8.76]
[8.94]
[8.95]
[8.95]
[10.8]
[10.34]
[8.93]
[12.82]
[12.41]
[9.78]
[12.71]
[13.05]
[9.78]
[9.61]
[13.47]
[13.71]
[13.82]
[13.8]
[20.11]
[12.1]
[10.21]
[15.44]
[19.36]
[24.22]
[16.35]
[13.82]
[12.91]
[11.05]
[11.21]
[12.63]
[12.73]
[13.93]
[14.]
[12.75]
[12.72]
[14.06]
[13.64]
[13.18]
[14.13]
[14.47]
[12.97]
[12.08]
[13.53]
[13.92]
[14.]
[14.03]
[13.47]
[12.53]
[12.61]
[12.89]
[13.87]
[13.64]
[12.29]
[13.75]
[12.77]
[12.77]
[13.97]
[13.97]
[12.95]
[15.58]
[14.78]
[14.97]
[14.82]
[14.67]
[14.69]
[14.7]
[14.81]
[14.7]
[17.5]
[18.04]
[19.37]
[14.58]
[14.62]
[14.69]
[14.75]
[14.6]
[14.39]
[14.42]
[14.49]
[14.55]
[14.59]
[14.62]
[14.6]
[14.31]
[14.23]
[14.12]
[14.15]
[14.3]
[14.52]
[14.49]
[14.43]
[14.23]
[14.17]
[14.28]
[14.37]
[14.29]
[14.2]
[14.09]
[14.11]
[14.23]
[14.04]
[14.13]
[14.15]
[14.07]
[14.02]
[13.88]
[13.88]
[13.78]
[13.82]
[13.92]
[14.08]
[13.97]
[13.86]
[13.82]
[13.83]
[13.99]
[14.01]
[13.84]
[13.78]
[13.71]
[13.96]
[14.1]
[13.99]
[13.72]
[16.98]
[13.92]
[13.67]
[13.53]
[13.42]
[13.41]
[13.36]
[14.17]
[14.52]
[14.48]
[14.44]
[14.41]
[14.38]
[14.37]
[14.35]
[14.34]
[14.31]
[15.25]
[14.32]
[14.31]
[14.29]
[14.29]
[14.58]
[14.56]
[12.15]
[11.95]
[11.88]
[11.87]
[11.82]
[13.39]
[11.95]
[11.94]
[11.89]
[11.86]
[11.86]
[11.84]
[11.83]
[11.81]
[11.86]
[11.86]
[11.8]
[11.8]
[11.79]
[11.78]
[11.77]
[11.96]
[11.94]
[11.9]
[11.85]
[11.35]
[11.83]
[11.8]
[12.]
[12.06]
[12.03]
[9.66]
[9.6]
[9.59]
[9.63]
[9.74]
[9.73]
[9.68]
[9.68]
[9.7]
[9.68]
[9.68]
[9.67]
[9.67]
[9.73]
[9.77]
[9.75]
[9.77]
[9.77]
[9.77]
[9.74]
[9.74]
[9.73]
[9.72]
[9.75]
[9.75]
[9.79]
[9.77]
[9.77]
[9.78]
[9.77]
[9.09]
[9.09]
[8.91]
[8.69]
[8.69]
[8.66]
[8.69]
[8.7]
[8.7]
[8.66]
[8.67]
[8.77]
[8.78]
[8.78]
[8.77]
[8.78]
[8.77]
[8.74]
[8.74]
[8.77]
[8.77]
[8.77]
[8.76]
[8.77]
[8.76]
[8.77]
[8.77]
[8.76]
[8.76]
[8.77]
[8.71]
[8.26]
[8.23]
[8.06]
[8.02]
[8.01]
[8.04]
[8.06]
[8.04]
[8.05]
[8.06]
[8.05]
[8.05]
[8.07]
[8.07]
[8.06]
[8.04]
[8.08]
[8.07]
[8.07]
[8.03]
[8.1]
[8.09]
[8.1]
[8.11]
[8.1]
[8.11]
[8.12]
[8.11]
[8.11]
[8.13]
[6.13]
[6.11]
[5.91]
[5.29]
[5.35]
[5.29]
[5.31]
[5.3]
[5.3]
[5.3]
[5.31]
[5.3]
[5.27]
[5.29]
[5.29]
[5.29]
[5.3]
[5.3]
[5.34]
[5.31]
[5.31]
[5.32]
[5.32]
[5.31]
[5.33]
[5.32]
[5.32]
[5.31]
[5.33]
[5.32]
[5.34]
[5.34]
[5.89]
[5.74]
[5.51]
[5.5]
[7.49]
[7.16]
[5.55]
[5.56]
[5.48]
[5.43]
[5.41]
[5.42]
[5.48]
[5.44]
[5.44]
[5.44]
[7.99]
[5.37]
[5.4]
[5.41]
[5.38]
[5.38]
[5.39]
[5.38]
[5.38]
[5.43]
[5.4]
[5.41]
[5.42]
[5.41]
[5.41]
[5.41]
[5.41]
[5.42]
[5.44]
[5.44]
[5.45]
[5.47]
[5.47]
[5.4]
[5.42]
[5.44]
[5.46]
[5.47]
[5.46]
[5.46]
[5.47]
[5.47]
[5.42]
[5.48]
[5.49]
[5.48]
[5.46]
[5.46]
[5.5]
[5.51]
[5.48]
[5.46]
[9.04]
[9.13]
[9.13]
[9.16]
[9.17]
[9.17]
[9.19]
[9.21]
[9.24]
[9.24]
[9.22]
[9.2]
[9.27]
[9.28]
[9.28]
[9.29]
[9.32]
[9.33]
[9.33]
[9.34]
[9.36]
[9.37]
[9.38]
[9.41]
[9.41]
[9.41]
[9.41]
[9.42]
[9.83]
[9.49]
[9.52]
[12.18]
[12.29]
[12.29]
[12.33]
[12.37]
[12.42]
[12.45]
[12.39]
[15.27]
[16.55]
[14.11]
[12.06]
[12.15]
[12.22]
[12.2]
[14.89]
[12.24]
[12.29]
[12.3]
[12.82]
[12.19]
[12.16]
[12.29]
[12.32]
[12.3]
[12.41]
[12.47]
[12.46]
[12.66]
[12.65]
[14.68]
[15.59]
[15.66]
[15.62]
[15.61]
[15.62]
[15.55]
[15.55]
[15.53]
[15.48]
[15.58]
[15.63]
[15.67]
[15.73]
[15.76]
[15.69]
[15.74]
[15.74]
[15.7]
[15.75]
[15.81]
[15.74]
[15.69]
[15.67]
[15.67]
[15.69]
[15.71]
[15.78]
[15.82]
[15.85]
[15.84]
[15.82]
[15.81]
[15.68]
[15.65]
[15.45]
[15.76]
[15.72]
[15.72]
[15.72]
[15.86]
[15.62]
[15.55]
[15.84]
[15.47]
[15.85]
[15.91]
[15.89]
[15.6]
[15.96]
[15.99]
[15.84]
[15.77]
[15.99]
[15.57]
[15.56]
[15.78]
[15.69]
[15.67]
[15.63]
[15.75]
[15.5]
[15.92]
[15.96]
[15.99]
[16.2]
[15.99]
[15.99]
[15.96]
[15.93]
[15.94]
[15.96]
[15.89]
[15.75]
[15.57]
[14.85]
[16.98]
[17.18]
[17.15]
[16.64]
[16.94]
[16.89]
[16.85]
[16.85]
[16.82]
[22.09]
[48.14]
[54.09]
[52.25]
[50.82]
[26.21]
[24.32]
[46.38]
[54.6]
[55.32]
[58.59]
[42.22]
[59.61]
[52.27]
[91.07]
[134.99]
[99.13]
[93.08]
[89.49]
[90.15]
[90.7]
[92.91]
[90.54]
[92.41]
[91.17]
[89.85]
[54.37]
[55.31]
[91.98]
[89.63]
[92.51]
[92.65]
[53.92]
[58.15]
[118.86]
[121.02]
[128.01]
[129.11]
[130.04]
[130.07]
[129.96]
[130.52]
[93.73]
[94.19]
[93.43]
[94.32]
[94.03]
[49.04]
[42.92]
[63.69]
[56.03]
[54.7]
[38.34]
[11.79]
[11.72]
[12.96]
[33.11]
[57.23]
[47.44]
[52.93]
[38.46]
[13.38]
[10.84]
[32.12]
[12.86]
[13.04]
[11.96]
[9.06]
[9.09]
[9.87]
[13.99]
[13.87]
[12.77]
[11.54]
[13.62]
[10.08]
[9.89]
[11.66]
[11.41]
[10.97]
[12.27]
[12.58]
[13.52]
[14.11]
[18.19]
[19.12]
[13.6]
[13.55]
[13.48]
[13.43]
[13.64]
[13.07]
[13.76]
[13.75]
[12.85]
[13.71]
[11.22]
[9.92]
[11.7]
[12.05]
[15.5]
[15.5]
[20.41]
[11.86]
[11.21]
[12.16]
[10.03]
[8.58]
[11.93]
[24.96]
[9.81]
[9.12]
[11.89]
[11.97]
[19.72]
[18.14]
[16.04]
[11.71]
[13.74]
[39.18]
[46.43]
[42.22]
[40.7]
[29.17]
[11.6]
[7.7]
[7.77]
[5.18]
[5.21]
[5.24]
[5.27]
[5.28]
[5.29]
[5.31]
[5.33]
[5.34]
[5.35]
[5.36]
[5.37]
[5.38]
[5.39]