0.8931537927769926, 0.9023178846609692, 11.317943463555027, 198.9765524851059[10.720627]
[8.039314]
[6.923978]
[8.994953]
[7.9628353]
[4.553708]
[4.026099]
[4.0193853]
[4.061927]
[4.041293]
[4.005961]
[4.0201316]
[3.980339]
[6.278346]
[6.7381873]
[6.7583647]
[6.8020973]
[7.346293]
[8.061815]
[8.172643]
[7.9529724]
[7.313751]
[7.167742]
[7.059298]
[7.0400224]
[7.0474463]
[7.0398088]
[7.0076046]
[6.95652]
[6.8956614]
[6.9081044]
[6.9471784]
[6.909941]
[7.0402827]
[7.021816]
[7.0029016]
[7.040596]
[7.241011]
[10.6205]
[7.9693375]
[7.3944]
[7.6290903]
[7.738492]
[7.669239]
[9.266273]
[9.518426]
[9.481753]
[9.442518]
[9.509147]
[9.607101]
[9.76134]
[9.723667]
[9.584467]
[9.5179615]
[9.520981]
[9.450921]
[9.462675]
[9.50363]
[9.478951]
[9.45407]
[9.472937]
[9.489803]
[9.481145]
[9.480943]
[9.522685]
[9.50929]
[9.675167]
[9.883628]
[9.789445]
[9.776713]
[12.387823]
[7.428386]
[8.90526]
[9.537451]
[33.67845]
[15.534515]
[11.555082]
[11.630706]
[11.565481]
[11.583407]
[11.6838455]
[11.843019]
[11.885341]
[11.894388]
[12.005868]
[11.807664]
[11.687799]
[11.757788]
[12.033108]
[11.933098]
[11.857127]
[11.708762]
[12.007903]
[12.188382]
[11.938372]
[11.973895]
[12.092305]
[11.944888]
[11.920302]
[11.519582]
[11.880259]
[12.192195]
[12.144784]
[12.511841]
[12.59692]
[12.825115]
[13.906795]
[16.862661]
[17.505083]
[26.957407]
[47.939873]
[24.896517]
[63.07835]
[67.24868]
[76.74976]
[86.80218]
[114.9314]
[84.02905]
[64.45599]
[53.171406]
[53.984524]
[52.21721]
[48.51386]
[44.968838]
[45.30144]
[42.51663]
[35.97192]
[41.605713]
[43.834446]
[42.38487]
[42.188694]
[45.174118]
[28.77434]
[24.757433]
[37.058746]
[42.505238]
[38.951504]
[42.107407]
[38.896175]
[19.847666]
[19.449125]
[40.331764]
[42.626064]
[60.88002]
[92.29944]
[125.797104]
[149.08408]
[157.49489]
[185.81851]
[162.68188]
[134.59589]
[132.92004]
[118.148476]
[94.445015]
[77.68174]
[99.62146]
[104.66585]
[105.8675]
[109.16726]
[116.965744]
[97.89662]
[89.647675]
[84.67077]
[84.05873]
[80.25675]
[79.36964]
[82.58379]
[61.197845]
[57.572544]
[65.48804]
[65.41993]
[62.544277]
[61.202747]
[61.68859]
[53.681183]
[50.908127]
[47.41389]
[48.88]
[37.777615]
[46.829437]
[47.331223]
[41.82514]
[39.68262]
[49.09714]
[44.81168]
[40.008976]
[37.221817]
[38.093563]
[34.35999]
[35.97132]
[38.55866]
[51.720924]
[59.136036]
[51.817146]
[56.933456]
[51.45819]
[46.718075]
[83.29371]
[84.75832]
[80.81899]
[74.502464]
[70.58821]
[71.36404]
[68.05597]
[72.99269]
[81.99299]
[79.099144]
[86.168945]
[90.64892]
[63.20428]
[61.17423]
[68.166695]
[53.171444]
[63.11089]
[45.953957]
[56.28299]
[33.770382]
[24.484516]
[41.327717]
[32.46656]
[31.008343]
[24.616655]
[27.331123]
[20.062641]
[14.823432]
[18.898912]
[24.470657]
[30.664043]
[31.25221]
[33.809357]
[24.949242]
[16.863071]
[36.046223]
[40.756565]
[34.616184]
[31.826845]
[21.322807]
[18.728071]
[18.811274]
[23.270542]
[27.811157]
[32.641396]
[30.821238]
[34.668865]
[17.446323]
[13.398042]
[32.78359]
[33.38928]
[31.994171]
[32.258507]
[31.256968]
[17.228565]
[14.730034]
[25.925959]
[28.007454]
[21.669712]
[26.87557]
[26.535082]
[14.787306]
[10.327426]
[21.259289]
[23.801739]
[22.922798]
[21.876553]
[20.625399]
[17.389465]
[13.598155]
[17.3058]
[19.820414]
[15.211541]
[15.542586]
[32.250027]
[18.837093]
[13.419529]
[21.885778]
[24.418785]
[23.194763]
[22.355196]
[21.68683]
[12.074983]
[7.660606]
[18.805447]
[19.823507]
[21.272741]
[21.891165]
[20.855307]
[11.198761]
[6.7327824]
[6.077427]
[4.9263206]
[4.605936]
[4.97942]
[4.96072]
[4.8063116]
[4.7417674]
[4.575423]
[4.686175]
[4.578618]
[4.593623]
[4.449876]
[4.43046]
[4.4059052]
[4.4123535]
[4.3054376]
[4.274819]
[4.263717]
[4.2358236]
[4.2358236]
[4.2358236]
[4.2358236]
[4.074096]
[6.2815957]
[11.933763]
[11.993824]
[13.813506]
[9.042713]
[9.539802]
[10.539336]
[15.207849]
[13.76861]
[11.789644]
[8.484553]
[5.228419]
[8.045217]
[8.804805]
[7.5311594]
[7.74785]
[8.300966]
[9.871585]
[10.162664]
[8.851944]
[9.897405]
[17.227861]
[11.683179]
[10.397502]
[6.753719]
[10.043355]
[10.766973]
[10.408154]
[4.9632416]
[4.0584]
[4.0864453]
[4.759745]
[8.082595]
[8.251886]
[8.34689]
[5.64437]
[4.194622]
[4.054842]
[4.08119]
[4.050757]
[4.0642276]
[5.343201]
[4.300353]
[4.0561934]
[4.051424]
[4.0802073]
[3.9919002]
[4.179373]
[4.266036]
[4.3957324]
[4.317183]
[4.1779017]
[4.1356544]
[4.0641227]
[4.076589]
[4.105801]
[4.2524905]
[4.261355]
[4.2490354]
[4.1618743]
[4.159604]
[4.074996]
[4.108517]
[4.1064672]
[4.1059675]
[6.1440477]
[6.5263286]
[11.442583]
[7.564602]
[6.7145786]
[7.94023]
[7.7864056]
[6.831879]
[9.969336]
[9.452403]
[7.609684]
[9.209907]
[9.795258]
[7.7682233]
[7.3498015]
[9.814086]
[10.524838]
[10.578104]
[10.546605]
[15.478416]
[10.275832]
[7.9796276]
[11.335173]
[15.218886]
[18.690592]
[13.46577]
[10.919312]
[10.133207]
[8.803908]
[8.813156]
[9.802621]
[9.961277]
[10.810699]
[11.016907]
[10.139691]
[10.045786]
[11.119305]
[10.725881]
[10.351347]
[11.250867]
[11.597675]
[10.435263]
[9.683404]
[10.78311]
[11.26564]
[11.228001]
[11.251593]
[10.756983]
[10.0359125]
[10.03528]
[10.541322]
[11.692313]
[11.382647]
[10.237397]
[11.277368]
[11.233033]
[10.696737]
[11.300953]
[11.3629675]
[10.609114]
[12.403404]
[12.027769]
[12.071568]
[12.029861]
[11.970826]
[11.973525]
[11.908393]
[12.111852]
[12.052049]
[14.062347]
[17.111565]
[16.311478]
[12.58252]
[11.957097]
[12.221807]
[11.914351]
[12.299918]
[12.201494]
[12.1306505]
[12.161657]
[12.071309]
[12.073502]
[11.803802]
[11.680308]
[11.496358]
[11.323933]
[11.305936]
[11.3008175]
[11.385201]
[11.511106]
[11.49541]
[11.487701]
[11.451131]
[11.391183]
[11.435598]
[11.55553]
[11.485685]
[11.3894205]
[11.345628]
[11.380292]
[11.509745]
[11.435062]
[11.509469]
[11.619673]
[11.688975]
[11.648482]
[11.50981]
[11.577733]
[11.495148]
[11.473805]
[11.639923]
[11.789795]
[11.597417]
[11.46898]
[11.3678875]
[11.306765]
[11.1485815]
[11.41404]
[11.57174]
[11.720517]
[11.863971]
[11.795425]
[12.469838]
[12.730521]
[11.1756935]
[8.592203]
[23.383385]
[19.417889]
[8.265812]
[10.70946]
[11.862311]
[11.917998]
[12.183844]
[12.299597]
[12.331868]
[12.414509]
[12.421472]
[12.398901]
[12.252199]
[12.208795]
[12.274571]
[12.246365]
[12.746129]
[12.199076]
[12.093489]
[12.038517]
[12.06246]
[11.557063]
[12.044973]
[10.888669]
[10.608625]
[10.660196]
[10.92864]
[11.022563]
[11.761562]
[11.140284]
[10.798802]
[10.578805]
[10.45494]
[10.319658]
[10.257431]
[10.348923]
[10.216028]
[10.143418]
[10.032668]
[9.965711]
[9.88368]
[9.807401]
[9.739755]
[9.793965]
[10.22699]
[10.855314]
[10.825243]
[10.78413]
[10.893739]
[10.533428]
[10.363913]
[10.156387]
[10.089661]
[10.313754]
[9.346879]
[8.747443]
[8.56301]
[8.354348]
[8.346525]
[8.296004]
[8.214188]
[8.171921]
[8.124968]
[8.081667]
[8.017917]
[8.019254]
[7.976499]
[7.9702516]
[7.993557]
[7.9454737]
[7.967148]
[7.942713]
[7.9264708]
[7.8764305]
[7.8512726]
[7.8229313]
[7.7924075]
[7.779808]
[7.784477]
[7.8167443]
[7.7904963]
[7.7466736]
[7.7834663]
[7.7759085]
[7.3849854]
[7.360602]
[7.240485]
[7.0698256]
[6.994729]
[7.008635]
[7.0910854]
[7.0828137]
[7.0417113]
[6.9537034]
[6.9869223]
[7.4226084]
[7.691275]
[7.900702]
[7.623467]
[7.4552803]
[7.30973]
[7.1989155]
[7.1371784]
[7.1032085]
[7.0878644]
[7.0812716]
[7.0117173]
[7.015645]
[6.9719377]
[6.941103]
[7.066333]
[7.1989284]
[7.20745]
[7.194614]
[7.206487]
[6.824342]
[6.66215]
[6.511919]
[6.4626536]
[6.4310746]
[6.437518]
[6.4832244]
[6.458601]
[6.408523]
[6.402507]
[6.4179883]
[6.38917]
[6.4009786]
[6.4081874]
[6.3893986]
[6.372292]
[6.4062824]
[6.3831224]
[6.3750815]
[6.31878]
[6.4000993]
[6.402984]
[6.3407307]
[6.3739023]
[6.4259887]
[6.4033523]
[6.407714]
[6.416171]
[6.4604626]
[6.5364814]
[5.408853]
[5.193149]
[5.0731726]
[4.6623087]
[4.603234]
[4.5750923]
[4.5751038]
[4.5889173]
[4.5563946]
[4.581476]
[4.6045666]
[4.5727477]
[4.5614915]
[4.5725417]
[4.588815]
[4.5758905]
[4.5484743]
[4.5922775]
[4.603652]
[4.5536685]
[4.6153927]
[4.635563]
[4.613647]
[4.6158724]
[4.633697]
[4.637881]
[4.642366]
[4.6459546]
[4.660537]
[4.6827297]
[4.665667]
[4.681321]
[4.995366]
[4.9646153]
[8.143235]
[5.377995]
[6.265926]
[6.562185]
[5.1173162]
[4.894601]
[4.881502]
[4.8529854]
[5.130062]
[4.899189]
[5.122722]
[4.9251165]
[5.1343465]
[4.942636]
[6.8601575]
[5.5134215]
[5.188086]
[5.1915674]
[5.195399]
[5.1993847]
[5.1981826]
[4.9618664]
[5.1099772]
[4.96605]
[6.801038]
[5.241101]
[4.834264]
[4.983658]
[4.816765]
[4.762521]
[4.900293]
[4.750079]
[4.8281574]
[4.8257885]
[4.671206]
[4.742455]
[4.651071]
[4.568332]
[4.567402]
[4.645966]
[4.550487]
[4.5764155]
[4.5011005]
[4.4580073]
[4.4614005]
[4.4865746]
[4.379503]
[4.3741426]
[4.4134502]
[4.345828]
[4.349295]
[4.3293896]
[4.3226924]
[4.3659325]
[4.307848]
[4.305806]
[7.364231]
[7.399597]
[7.817643]
[7.4447327]
[7.8184924]
[7.9141026]
[7.8799453]
[7.86008]
[8.487112]
[7.958573]
[8.468583]
[7.9398575]
[8.449993]
[7.921275]
[8.433029]
[8.53801]
[7.8398504]
[7.7712054]
[7.756327]
[7.7469387]
[7.74756]
[7.770694]
[7.551587]
[7.709773]
[7.503889]
[7.9623404]
[7.747385]
[7.5409417]
[8.167102]
[8.216284]
[8.197977]
[9.672527]
[9.865083]
[9.841469]
[10.297889]
[9.863766]
[10.250126]
[10.770343]
[10.808362]
[13.280359]
[14.220434]
[12.960033]
[10.540219]
[10.586304]
[10.627957]
[10.860142]
[13.086749]
[10.924017]
[10.4883795]
[10.36321]
[10.586177]
[9.801252]
[9.576469]
[9.574192]
[10.119062]
[10.368023]
[10.829179]
[10.442958]
[9.883919]
[10.042616]
[9.948614]
[11.015774]
[11.504949]
[11.738954]
[11.940169]
[11.567522]
[11.696101]
[11.3095875]
[11.250515]
[11.818804]
[9.969733]
[12.994105]
[20.79518]
[8.997044]
[13.881764]
[11.27177]
[14.0935955]
[14.690519]
[14.627345]
[14.213212]
[14.020801]
[13.680314]
[13.489034]
[13.434764]
[13.21717]
[13.083719]
[13.418874]
[13.405618]
[13.855523]
[14.049219]
[13.4359865]
[13.488518]
[12.874715]
[13.0300045]
[13.284447]
[12.514915]
[12.741358]
[13.3730545]
[14.709654]
[15.613769]
[16.085346]
[15.804579]
[15.077388]
[15.790174]
[15.810044]
[15.514374]
[15.280384]
[15.079465]
[14.853556]
[14.2645]
[14.244605]
[14.142066]
[13.888393]
[13.697334]
[13.700416]
[13.999056]
[14.293646]
[14.2848215]
[13.669383]
[13.549478]
[13.446128]
[13.436946]
[13.228589]
[13.584064]
[13.729965]
[13.586127]
[14.393511]
[14.130104]
[13.9091425]
[13.82637]
[13.663165]
[13.940258]
[13.719458]
[13.965225]
[15.465854]
[15.271707]
[14.032695]
[19.656084]
[20.849749]
[20.583675]
[19.598131]
[17.496065]
[3.7158217]
[12.37592]
[14.645126]
[14.304763]
[17.653418]
[33.250416]
[38.664833]
[41.462708]
[47.685867]
[39.068924]
[36.921062]
[50.909702]
[58.224854]
[58.201015]
[58.69646]
[49.36855]
[62.364555]
[77.01255]
[86.68712]
[114.15947]
[102.60996]
[107.27289]
[97.08609]
[93.85502]
[89.203926]
[89.78236]
[85.44742]
[83.11329]
[78.49629]
[75.71597]
[59.908455]
[63.45557]
[79.568054]
[77.91276]
[76.29107]
[77.77301]
[68.940506]
[76.24502]
[102.511406]
[112.02281]
[126.97481]
[126.266]
[120.56331]
[119.70313]
[121.741196]
[117.91055]
[91.467705]
[90.6241]
[87.225136]
[86.08588]
[83.7796]
[54.62493]
[45.8961]
[53.71497]
[49.77898]
[46.8152]
[37.723602]
[21.798548]
[18.285889]
[18.621784]
[29.641989]
[40.176586]
[36.19865]
[37.211937]
[31.188862]
[17.377138]
[13.230496]
[25.765245]
[16.737347]
[13.953833]
[13.355325]
[11.03672]
[10.4329195]
[10.47122]
[12.639556]
[12.61504]
[11.760283]
[10.872932]
[11.657205]
[10.052612]
[9.5752945]
[10.636205]
[10.533185]
[10.020878]
[10.537649]
[10.656249]
[10.9648695]
[11.304777]
[13.225677]
[13.931852]
[10.991093]
[10.507637]
[10.910748]
[11.137157]
[11.165994]
[10.695698]
[10.811528]
[10.815928]
[10.215843]
[10.628554]
[9.258571]
[8.27629]
[9.255259]
[10.021124]
[11.946074]
[12.325119]
[14.831534]
[11.272477]
[10.643454]
[10.915448]
[9.707564]
[8.334415]
[9.675369]
[16.314453]
[9.614729]
[7.682264]
[8.878845]
[9.130395]
[12.865713]
[12.723694]
[11.368161]
[8.970283]
[9.455695]
[21.077356]
[24.506168]
[23.64118]
[23.5259]
[19.026203]
[11.1121025]
[7.7804055]
[7.9518085]
[5.923779]
[5.459008]
[5.199459]
[5.002161]
[4.484828]
[4.796978]
[4.6769576]
[4.9153857]
[4.5054207]
[4.7078395]
[4.537931]
[4.426738]
[4.5092807][10.25]
[9.45]
[13.02]
[10.69]
[5.31]
[5.25]
[5.26]
[5.31]
[5.31]
[5.3]
[5.29]
[5.3]
[9.25]
[9.31]
[9.28]
[9.29]
[9.27]
[9.26]
[9.25]
[9.26]
[9.26]
[9.27]
[9.25]
[9.25]
[9.32]
[9.28]
[9.26]
[9.22]
[9.21]
[9.23]
[9.23]
[9.06]
[9.24]
[9.25]
[9.24]
[9.29]
[9.55]
[9.28]
[9.27]
[9.27]
[9.25]
[9.24]
[9.28]
[12.21]
[12.29]
[12.32]
[12.27]
[12.3]
[12.29]
[12.25]
[12.25]
[12.25]
[12.29]
[12.3]
[12.3]
[12.31]
[12.36]
[12.34]
[12.35]
[12.36]
[12.37]
[12.39]
[12.39]
[12.4]
[12.36]
[12.39]
[12.4]
[12.41]
[12.52]
[12.25]
[12.25]
[12.03]
[12.31]
[26.75]
[15.2]
[15.05]
[15.12]
[15.03]
[15.09]
[15.17]
[15.22]
[15.41]
[15.4]
[15.43]
[15.24]
[15.14]
[15.08]
[15.29]
[15.3]
[15.23]
[15.22]
[15.17]
[15.21]
[15.24]
[15.21]
[15.26]
[15.09]
[15.03]
[14.94]
[15.09]
[15.28]
[15.3]
[15.52]
[15.38]
[15.46]
[15.26]
[15.55]
[15.54]
[15.27]
[22.36]
[17.87]
[15.85]
[42.75]
[82.22]
[94.05]
[93.25]
[90.97]
[55.68]
[49.63]
[58.09]
[56.67]
[54.59]
[53.59]
[58.05]
[53.08]
[41.74]
[57.88]
[58.89]
[56.17]
[56.45]
[59.98]
[24.57]
[23.68]
[48.95]
[58.59]
[52.66]
[61.65]
[55.39]
[15.63]
[15.57]
[49.45]
[48.02]
[57.5]
[95.04]
[91.35]
[127.12]
[159.08]
[215.85]
[192.9]
[144.63]
[136.75]
[131.02]
[99.64]
[86.83]
[129.19]
[131.03]
[129.73]
[130.49]
[130.52]
[92.3]
[87.76]
[90.33]
[91.84]
[90.24]
[92.4]
[96.82]
[52.74]
[45.22]
[55.96]
[60.38]
[51.61]
[55.5]
[62.81]
[54.04]
[56.12]
[53.08]
[60.33]
[38.11]
[64.66]
[62.07]
[50.21]
[45.53]
[67.12]
[58.52]
[53.52]
[50.52]
[53.77]
[41.06]
[38.17]
[35.45]
[50.08]
[57.71]
[43.73]
[61.41]
[54.5]
[42.43]
[96.98]
[93.31]
[95.73]
[93.08]
[91.61]
[94.94]
[85.74]
[88.4]
[98.74]
[90.94]
[95.37]
[98.5]
[45.13]
[47.61]
[67.66]
[39.1]
[71.69]
[37.29]
[69.59]
[19.53]
[12.7]
[49.99]
[27.12]
[31.05]
[19.21]
[28.46]
[14.31]
[9.94]
[17.83]
[28.86]
[44.83]
[46.46]
[52.06]
[24.01]
[9.42]
[50.97]
[57.23]
[44.2]
[37.8]
[12.15]
[9.41]
[10.47]
[20.43]
[33.31]
[48.25]
[44.01]
[55.45]
[12.7]
[10.36]
[51.64]
[50.92]
[50.38]
[49.93]
[49.1]
[13.79]
[10.13]
[29.22]
[34.2]
[23.2]
[39.35]
[38.77]
[14.08]
[10.2]
[32.49]
[35.58]
[33.86]
[32.24]
[29.9]
[23.23]
[16.87]
[24.9]
[28.37]
[17.49]
[16.74]
[47.53]
[16.06]
[15.03]
[32.65]
[36.66]
[33.79]
[32.62]
[31.6]
[12.79]
[8.68]
[29.3]
[28.48]
[33.01]
[32.79]
[29.71]
[12.11]
[7.79]
[7.39]
[5.3]
[5.33]
[5.36]
[5.41]
[5.44]
[5.46]
[5.48]
[5.51]
[5.52]
[5.54]
[5.55]
[5.56]
[5.57]
[5.58]
[5.41]
[5.59]
[5.59]
[5.59]
[5.59]
[5.59]
[5.59]
[5.52]
[9.82]
[15.53]
[16.95]
[20.82]
[11.7]
[14.18]
[15.4]
[23.39]
[19.41]
[16.47]
[11.42]
[6.71]
[12.54]
[12.67]
[10.63]
[11.37]
[12.05]
[14.44]
[14.47]
[12.32]
[14.46]
[13.82]
[14.57]
[14.58]
[8.47]
[14.78]
[14.81]
[14.47]
[5.31]
[5.31]
[5.29]
[6.65]
[12.03]
[10.97]
[11.68]
[7.09]
[5.32]
[5.32]
[5.33]
[5.32]
[5.32]
[7.66]
[5.32]
[5.32]
[5.32]
[5.29]
[5.21]
[5.09]
[5.1]
[5.1]
[5.1]
[5.11]
[5.11]
[5.1]
[5.12]
[5.22]
[5.48]
[5.49]
[5.27]
[5.12]
[5.13]
[5.12]
[5.12]
[5.11]
[5.16]
[8.76]
[8.76]
[8.94]
[8.95]
[8.95]
[10.8]
[10.34]
[8.93]
[12.82]
[12.41]
[9.78]
[12.71]
[13.05]
[9.78]
[9.61]
[13.47]
[13.71]
[13.82]
[13.8]
[20.11]
[12.1]
[10.21]
[15.44]
[19.36]
[24.22]
[16.35]
[13.82]
[12.91]
[11.05]
[11.21]
[12.63]
[12.73]
[13.93]
[14.]
[12.75]
[12.72]
[14.06]
[13.64]
[13.18]
[14.13]
[14.47]
[12.97]
[12.08]
[13.53]
[13.92]
[14.]
[14.03]
[13.47]
[12.53]
[12.61]
[12.89]
[13.87]
[13.64]
[12.29]
[13.75]
[12.77]
[12.77]
[13.97]
[13.97]
[12.95]
[15.58]
[14.78]
[14.97]
[14.82]
[14.67]
[14.69]
[14.7]
[14.81]
[14.7]
[17.5]
[18.04]
[19.37]
[14.58]
[14.62]
[14.69]
[14.75]
[14.6]
[14.39]
[14.42]
[14.49]
[14.55]
[14.59]
[14.62]
[14.6]
[14.31]
[14.23]
[14.12]
[14.15]
[14.3]
[14.52]
[14.49]
[14.43]
[14.23]
[14.17]
[14.28]
[14.37]
[14.29]
[14.2]
[14.09]
[14.11]
[14.23]
[14.04]
[14.13]
[14.15]
[14.07]
[14.02]
[13.88]
[13.88]
[13.78]
[13.82]
[13.92]
[14.08]
[13.97]
[13.86]
[13.82]
[13.83]
[13.99]
[14.01]
[13.84]
[13.78]
[13.71]
[13.96]
[14.1]
[13.99]
[13.72]
[16.98]
[13.92]
[13.67]
[13.53]
[13.42]
[13.41]
[13.36]
[14.17]
[14.52]
[14.48]
[14.44]
[14.41]
[14.38]
[14.37]
[14.35]
[14.34]
[14.31]
[15.25]
[14.32]
[14.31]
[14.29]
[14.29]
[14.58]
[14.56]
[12.15]
[11.95]
[11.88]
[11.87]
[11.82]
[13.39]
[11.95]
[11.94]
[11.89]
[11.86]
[11.86]
[11.84]
[11.83]
[11.81]
[11.86]
[11.86]
[11.8]
[11.8]
[11.79]
[11.78]
[11.77]
[11.96]
[11.94]
[11.9]
[11.85]
[11.35]
[11.83]
[11.8]
[12.]
[12.06]
[12.03]
[9.66]
[9.6]
[9.59]
[9.63]
[9.74]
[9.73]
[9.68]
[9.68]
[9.7]
[9.68]
[9.68]
[9.67]
[9.67]
[9.73]
[9.77]
[9.75]
[9.77]
[9.77]
[9.77]
[9.74]
[9.74]
[9.73]
[9.72]
[9.75]
[9.75]
[9.79]
[9.77]
[9.77]
[9.78]
[9.77]
[9.09]
[9.09]
[8.91]
[8.69]
[8.69]
[8.66]
[8.69]
[8.7]
[8.7]
[8.66]
[8.67]
[8.77]
[8.78]
[8.78]
[8.77]
[8.78]
[8.77]
[8.74]
[8.74]
[8.77]
[8.77]
[8.77]
[8.76]
[8.77]
[8.76]
[8.77]
[8.77]
[8.76]
[8.76]
[8.77]
[8.71]
[8.26]
[8.23]
[8.06]
[8.02]
[8.01]
[8.04]
[8.06]
[8.04]
[8.05]
[8.06]
[8.05]
[8.05]
[8.07]
[8.07]
[8.06]
[8.04]
[8.08]
[8.07]
[8.07]
[8.03]
[8.1]
[8.09]
[8.1]
[8.11]
[8.1]
[8.11]
[8.12]
[8.11]
[8.11]
[8.13]
[6.13]
[6.11]
[5.91]
[5.29]
[5.35]
[5.29]
[5.31]
[5.3]
[5.3]
[5.3]
[5.31]
[5.3]
[5.27]
[5.29]
[5.29]
[5.29]
[5.3]
[5.3]
[5.34]
[5.31]
[5.31]
[5.32]
[5.32]
[5.31]
[5.33]
[5.32]
[5.32]
[5.31]
[5.33]
[5.32]
[5.34]
[5.34]
[5.89]
[5.74]
[5.51]
[5.5]
[7.49]
[7.16]
[5.55]
[5.56]
[5.48]
[5.43]
[5.41]
[5.42]
[5.48]
[5.44]
[5.44]
[5.44]
[7.99]
[5.37]
[5.4]
[5.41]
[5.38]
[5.38]
[5.39]
[5.38]
[5.38]
[5.43]
[5.4]
[5.41]
[5.42]
[5.41]
[5.41]
[5.41]
[5.41]
[5.42]
[5.44]
[5.44]
[5.45]
[5.47]
[5.47]
[5.4]
[5.42]
[5.44]
[5.46]
[5.47]
[5.46]
[5.46]
[5.47]
[5.47]
[5.42]
[5.48]
[5.49]
[5.48]
[5.46]
[5.46]
[5.5]
[5.51]
[5.48]
[5.46]
[9.04]
[9.13]
[9.13]
[9.16]
[9.17]
[9.17]
[9.19]
[9.21]
[9.24]
[9.24]
[9.22]
[9.2]
[9.27]
[9.28]
[9.28]
[9.29]
[9.32]
[9.33]
[9.33]
[9.34]
[9.36]
[9.37]
[9.38]
[9.41]
[9.41]
[9.41]
[9.41]
[9.42]
[9.83]
[9.49]
[9.52]
[12.18]
[12.29]
[12.29]
[12.33]
[12.37]
[12.42]
[12.45]
[12.39]
[15.27]
[16.55]
[14.11]
[12.06]
[12.15]
[12.22]
[12.2]
[14.89]
[12.24]
[12.29]
[12.3]
[12.82]
[12.19]
[12.16]
[12.29]
[12.32]
[12.3]
[12.41]
[12.47]
[12.46]
[12.66]
[12.65]
[14.68]
[15.59]
[15.66]
[15.62]
[15.61]
[15.62]
[15.55]
[15.55]
[15.53]
[15.48]
[15.58]
[15.63]
[15.67]
[15.73]
[15.76]
[15.69]
[15.74]
[15.74]
[15.7]
[15.75]
[15.81]
[15.74]
[15.69]
[15.67]
[15.67]
[15.69]
[15.71]
[15.78]
[15.82]
[15.85]
[15.84]
[15.82]
[15.81]
[15.68]
[15.65]
[15.45]
[15.76]
[15.72]
[15.72]
[15.72]
[15.86]
[15.62]
[15.55]
[15.84]
[15.47]
[15.85]
[15.91]
[15.89]
[15.6]
[15.96]
[15.99]
[15.84]
[15.77]
[15.99]
[15.57]
[15.56]
[15.78]
[15.69]
[15.67]
[15.63]
[15.75]
[15.5]
[15.92]
[15.96]
[15.99]
[16.2]
[15.99]
[15.99]
[15.96]
[15.93]
[15.94]
[15.96]
[15.89]
[15.75]
[15.57]
[14.85]
[16.98]
[17.18]
[17.15]
[16.64]
[16.94]
[16.89]
[16.85]
[16.85]
[16.82]
[22.09]
[48.14]
[54.09]
[52.25]
[50.82]
[26.21]
[24.32]
[46.38]
[54.6]
[55.32]
[58.59]
[42.22]
[59.61]
[52.27]
[91.07]
[134.99]
[99.13]
[93.08]
[89.49]
[90.15]
[90.7]
[92.91]
[90.54]
[92.41]
[91.17]
[89.85]
[54.37]
[55.31]
[91.98]
[89.63]
[92.51]
[92.65]
[53.92]
[58.15]
[118.86]
[121.02]
[128.01]
[129.11]
[130.04]
[130.07]
[129.96]
[130.52]
[93.73]
[94.19]
[93.43]
[94.32]
[94.03]
[49.04]
[42.92]
[63.69]
[56.03]
[54.7]
[38.34]
[11.79]
[11.72]
[12.96]
[33.11]
[57.23]
[47.44]
[52.93]
[38.46]
[13.38]
[10.84]
[32.12]
[12.86]
[13.04]
[11.96]
[9.06]
[9.09]
[9.87]
[13.99]
[13.87]
[12.77]
[11.54]
[13.62]
[10.08]
[9.89]
[11.66]
[11.41]
[10.97]
[12.27]
[12.58]
[13.52]
[14.11]
[18.19]
[19.12]
[13.6]
[13.55]
[13.48]
[13.43]
[13.64]
[13.07]
[13.76]
[13.75]
[12.85]
[13.71]
[11.22]
[9.92]
[11.7]
[12.05]
[15.5]
[15.5]
[20.41]
[11.86]
[11.21]
[12.16]
[10.03]
[8.58]
[11.93]
[24.96]
[9.81]
[9.12]
[11.89]
[11.97]
[19.72]
[18.14]
[16.04]
[11.71]
[13.74]
[39.18]
[46.43]
[42.22]
[40.7]
[29.17]
[11.6]
[7.7]
[7.77]
[5.18]
[5.21]
[5.24]
[5.27]
[5.28]
[5.29]
[5.31]
[5.33]
[5.34]
[5.35]
[5.36]
[5.37]
[5.38]
[5.39]