0.8957323442362088, 0.9051960733404293, -3.099888721726079, 196.56090880183058[11.980118]
[8.702435]
[7.5546727]
[9.778723]
[8.492747]
[4.868726]
[4.4368696]
[4.5326247]
[4.567647]
[4.5088477]
[4.5222826]
[4.4436603]
[4.456852]
[6.9372187]
[7.3363047]
[7.3015513]
[7.292898]
[7.430253]
[9.142609]
[10.557475]
[9.837118]
[8.464636]
[8.081699]
[7.920146]
[7.848611]
[7.8155956]
[7.8085785]
[7.8098493]
[7.7053227]
[7.6346006]
[7.564911]
[7.5417523]
[7.6751065]
[7.875514]
[7.731207]
[7.762582]
[7.8292403]
[7.728015]
[11.881501]
[8.741121]
[8.010138]
[8.589371]
[9.13347]
[9.074979]
[10.680946]
[10.71841]
[10.5492325]
[10.546601]
[10.464475]
[10.753257]
[11.254552]
[11.226429]
[10.807365]
[10.717634]
[10.663109]
[10.509428]
[10.523613]
[10.59603]
[10.525453]
[10.462825]
[10.484783]
[10.5332155]
[10.455333]
[10.463835]
[10.521903]
[10.384163]
[10.843635]
[11.409554]
[11.051649]
[11.0369425]
[14.015685]
[8.115008]
[10.11386]
[10.657944]
[38.688965]
[17.284527]
[12.730442]
[12.868613]
[12.76822]
[12.778392]
[12.931956]
[13.206868]
[13.188938]
[13.175837]
[13.381785]
[13.1195]
[13.004448]
[13.209747]
[13.628427]
[13.43099]
[13.37227]
[13.512068]
[13.828032]
[14.039927]
[13.634013]
[13.701064]
[13.877068]
[13.680412]
[13.67683]
[13.455264]
[13.861311]
[14.412334]
[14.374745]
[14.676743]
[14.811971]
[14.771378]
[18.312265]
[20.837872]
[21.068634]
[26.81943]
[47.61301]
[31.333218]
[66.579315]
[73.14574]
[86.00595]
[95.52103]
[125.44853]
[98.20292]
[71.15775]
[62.84773]
[65.32249]
[64.08869]
[59.440693]
[55.041374]
[56.512493]
[52.601192]
[43.944046]
[52.46911]
[54.54841]
[51.696136]
[53.850456]
[55.668842]
[33.55837]
[29.71165]
[45.240135]
[51.43261]
[47.53356]
[50.933838]
[46.893173]
[23.533506]
[22.764471]
[48.397705]
[53.829277]
[68.18772]
[98.83475]
[137.62198]
[162.60568]
[184.38812]
[208.33524]
[182.89471]
[147.37027]
[138.94556]
[129.0286]
[105.496895]
[90.31205]
[115.423225]
[120.71925]
[120.56758]
[122.43054]
[125.79441]
[102.210396]
[96.2135]
[95.20645]
[94.76243]
[91.78046]
[92.315216]
[95.67932]
[68.66853]
[62.42566]
[70.77665]
[72.8725]
[68.96744]
[68.50321]
[71.826324]
[64.98187]
[62.753036]
[59.27248]
[61.13362]
[46.77844]
[58.96189]
[59.570633]
[53.63798]
[50.607796]
[60.505352]
[55.210953]
[49.712082]
[46.515568]
[48.069782]
[45.562706]
[46.234634]
[47.052055]
[60.609158]
[67.75418]
[60.85009]
[68.09681]
[62.982662]
[56.085823]
[93.235054]
[95.55283]
[94.67201]
[89.35695]
[85.05628]
[85.985794]
[82.79853]
[86.55757]
[95.755844]
[92.0089]
[96.01152]
[99.392]
[67.34041]
[65.193695]
[76.55086]
[59.66965]
[74.64947]
[55.340595]
[69.15928]
[40.10467]
[28.149963]
[51.3637]
[39.248375]
[37.886383]
[29.355747]
[33.575127]
[24.063211]
[18.572905]
[23.42046]
[30.662666]
[39.75628]
[40.88869]
[44.98429]
[31.86527]
[20.06599]
[46.312004]
[51.638714]
[44.46628]
[41.574398]
[24.911066]
[21.994915]
[22.685246]
[28.3552]
[35.11198]
[42.45336]
[40.688255]
[45.24297]
[21.401682]
[16.686556]
[42.073105]
[42.964996]
[42.71377]
[41.76525]
[40.324543]
[21.262184]
[17.607504]
[31.545835]
[34.995716]
[26.70974]
[34.26313]
[34.270287]
[18.045803]
[13.04071]
[27.282984]
[30.855116]
[29.069645]
[27.613672]
[25.471014]
[20.749401]
[15.987761]
[21.12237]
[24.408443]
[18.363335]
[19.029472]
[40.613716]
[22.383213]
[16.904566]
[27.424486]
[30.767525]
[28.604824]
[27.348797]
[25.746449]
[13.44152]
[8.981414]
[22.222597]
[22.677164]
[25.341925]
[25.814367]
[24.027515]
[12.131533]
[7.7859697]
[7.3344626]
[6.045023]
[5.8095436]
[5.9912934]
[6.177372]
[6.234964]
[5.975418]
[5.7445393]
[5.7429123]
[5.69674]
[5.702138]
[5.549423]
[5.4624515]
[5.3833847]
[5.3910484]
[5.282335]
[5.2938485]
[5.2133327]
[5.138332]
[5.138332]
[5.138332]
[5.138332]
[5.021275]
[7.2639937]
[12.897723]
[12.611637]
[14.697504]
[9.388419]
[10.292551]
[11.303857]
[16.42399]
[14.598754]
[12.415404]
[8.994989]
[5.6954]
[8.889478]
[9.4423685]
[8.013999]
[8.3273]
[8.871461]
[10.540436]
[10.830049]
[9.379932]
[10.525515]
[18.971073]
[12.204025]
[11.105845]
[7.1396794]
[10.913469]
[11.505036]
[11.014917]
[5.1716766]
[4.537768]
[4.6052938]
[5.439598]
[8.883516]
[8.849871]
[8.930308]
[5.986745]
[4.5578127]
[4.5036263]
[4.546017]
[4.5639534]
[4.484706]
[5.9494576]
[4.7294645]
[4.4380217]
[4.5220675]
[4.494685]
[4.45796]
[4.2451606]
[4.630626]
[5.115921]
[4.9116244]
[4.803329]
[4.6760645]
[4.526664]
[4.53872]
[4.6236773]
[4.738275]
[4.7173543]
[4.5431943]
[4.6843534]
[4.658468]
[4.493827]
[4.5645037]
[4.5610757]
[4.6158857]
[6.8437643]
[7.1721735]
[12.4856]
[8.065227]
[7.3135815]
[8.732028]
[8.417926]
[7.3831797]
[10.923364]
[10.176301]
[8.122978]
[10.073564]
[10.656142]
[8.308493]
[7.98313]
[10.842596]
[11.669922]
[11.651227]
[11.574149]
[17.302544]
[10.994654]
[8.48779]
[12.663373]
[17.123987]
[21.378832]
[14.857001]
[12.049722]
[11.238181]
[9.78216]
[9.92674]
[11.067163]
[11.179475]
[12.198155]
[12.438587]
[11.420255]
[11.419937]
[12.746615]
[12.190082]
[11.782032]
[13.012483]
[13.373861]
[11.935656]
[11.231586]
[12.59049]
[13.139768]
[13.024158]
[13.014042]
[12.527155]
[11.937575]
[11.872681]
[12.175411]
[13.875684]
[13.949731]
[12.148592]
[13.070881]
[13.380409]
[13.255596]
[13.769414]
[13.731073]
[12.858807]
[14.7828455]
[14.3414]
[14.357456]
[14.311531]
[14.165363]
[14.082688]
[14.083581]
[14.221928]
[14.17594]
[16.20976]
[19.664726]
[18.78684]
[14.6786785]
[14.28268]
[14.614507]
[14.852814]
[15.083633]
[14.909474]
[14.71327]
[14.680725]
[14.697737]
[14.805425]
[14.860188]
[14.864187]
[14.67269]
[14.6053095]
[14.479758]
[14.480597]
[14.569881]
[14.710241]
[14.670368]
[14.599412]
[14.464297]
[14.39012]
[14.437148]
[14.505334]
[14.434201]
[14.299532]
[14.173562]
[14.158473]
[14.242933]
[14.105772]
[14.136404]
[14.142582]
[14.107751]
[14.115862]
[13.922274]
[13.859414]
[13.819826]
[13.714314]
[13.728393]
[13.876684]
[13.756484]
[13.606497]
[13.519107]
[13.506344]
[13.638414]
[13.761085]
[13.787062]
[13.850739]
[13.84213]
[14.094123]
[14.364309]
[14.71829]
[12.878155]
[14.484629]
[13.238406]
[49.007187]
[13.8000345]
[13.142172]
[14.092034]
[14.894567]
[15.593501]
[15.813268]
[15.591392]
[15.548068]
[15.462064]
[15.418221]
[15.220779]
[15.017906]
[15.013125]
[15.159108]
[15.842591]
[15.010061]
[14.904792]
[14.831769]
[14.912256]
[14.283899]
[14.614913]
[12.746893]
[12.49906]
[12.104803]
[12.249468]
[12.416073]
[13.622273]
[12.699884]
[12.607017]
[12.380603]
[12.295881]
[12.190177]
[11.873114]
[12.054335]
[12.072179]
[12.051523]
[11.910068]
[11.819625]
[11.782778]
[11.713098]
[11.570337]
[11.445537]
[11.348188]
[12.08906]
[12.67172]
[13.144437]
[13.545611]
[12.413413]
[12.3509035]
[12.355869]
[12.094544]
[11.865828]
[10.312273]
[10.729607]
[10.528592]
[10.0211935]
[9.936624]
[9.77422]
[9.602064]
[9.468423]
[9.386557]
[9.259968]
[9.114219]
[9.243079]
[9.054162]
[9.1315155]
[9.058877]
[9.030471]
[9.054286]
[9.043453]
[8.984655]
[8.94346]
[8.87343]
[8.853129]
[8.778055]
[8.725901]
[8.730837]
[8.816656]
[8.747699]
[8.613522]
[8.742581]
[8.631017]
[8.2377205]
[8.273974]
[8.171253]
[7.9410043]
[7.696846]
[7.77963]
[8.004682]
[8.012306]
[7.9468546]
[7.6069283]
[7.4600754]
[8.109616]
[9.014046]
[9.510383]
[9.025717]
[8.711119]
[8.4041815]
[8.2178955]
[8.122863]
[7.950632]
[8.044832]
[7.9926286]
[7.840727]
[7.944375]
[7.76633]
[7.481651]
[7.758558]
[8.221144]
[8.01277]
[8.166968]
[8.321646]
[7.790109]
[7.486238]
[7.2683015]
[7.264279]
[7.129848]
[7.136795]
[7.2776175]
[7.2646937]
[7.083062]
[7.130204]
[7.1449256]
[7.0775547]
[7.090008]
[7.149551]
[7.0409527]
[7.075565]
[7.110921]
[7.1012197]
[7.058313]
[6.912336]
[7.137011]
[7.1058464]
[6.9235377]
[6.9942474]
[7.138078]
[7.030978]
[7.0356727]
[6.9716644]
[7.087444]
[7.2394695]
[5.8839808]
[5.7604976]
[5.672154]
[5.113515]
[5.1222167]
[5.0051937]
[5.087817]
[5.097437]
[4.9756913]
[5.1051083]
[5.1257906]
[5.075312]
[5.06748]
[5.083041]
[5.1738496]
[5.1376038]
[5.023756]
[5.2404084]
[5.1573462]
[5.025556]
[5.2156663]
[5.2357173]
[5.1966224]
[5.2047925]
[5.229554]
[5.239671]
[5.250475]
[5.259525]
[5.2807283]
[5.3788657]
[5.2724304]
[5.368676]
[5.7108564]
[5.6681275]
[9.375707]
[5.968086]
[7.294539]
[7.5628586]
[5.816002]
[5.6376143]
[5.642745]
[5.617703]
[5.992047]
[5.658027]
[5.9863863]
[5.700426]
[6.0134187]
[5.733724]
[8.068824]
[6.3936677]
[6.0833945]
[6.0806513]
[6.0667915]
[6.0530925]
[6.0393267]
[5.760605]
[6.0158405]
[5.6893764]
[8.158947]
[6.1605024]
[5.7633805]
[5.9928675]
[5.762232]
[5.7459726]
[5.9606686]
[5.7500772]
[5.9104033]
[5.9027724]
[5.71634]
[5.87943]
[5.7498817]
[5.701765]
[5.732692]
[5.8622055]
[5.717064]
[5.814334]
[5.704553]
[5.703981]
[5.7419863]
[5.8070254]
[5.647042]
[5.715361]
[5.7856083]
[5.7177515]
[5.739477]
[5.7521667]
[5.7508574]
[5.775305]
[5.740861]
[5.730151]
[9.082987]
[9.032775]
[9.465405]
[9.080133]
[9.479094]
[9.582692]
[9.540584]
[9.529744]
[10.199955]
[9.62779]
[10.193173]
[9.6221075]
[10.185986]
[9.616182]
[10.180278]
[10.27894]
[9.62527]
[9.605041]
[9.664452]
[9.699077]
[9.74519]
[9.806498]
[9.798428]
[10.206077]
[9.9047785]
[10.498695]
[10.255229]
[9.945234]
[10.709003]
[10.760807]
[10.693051]
[12.476971]
[12.676683]
[12.604855]
[13.130413]
[12.554095]
[12.987079]
[13.582135]
[13.576377]
[16.723406]
[18.349846]
[16.371954]
[12.942721]
[12.944703]
[12.921796]
[13.342216]
[16.66258]
[13.548141]
[13.023597]
[12.905855]
[13.26286]
[12.2401]
[12.084883]
[12.273937]
[12.433509]
[12.60198]
[12.73591]
[12.77408]
[12.693551]
[12.663016]
[12.439145]
[12.697734]
[12.697528]
[12.541263]
[12.39384]
[11.884773]
[11.721276]
[11.290852]
[11.543958]
[11.702521]
[12.312982]
[13.906768]
[24.888317]
[14.548805]
[16.831285]
[13.14926]
[16.25722]
[16.400826]
[16.133598]
[15.982655]
[15.880743]
[15.469174]
[15.152175]
[14.751629]
[14.509082]
[15.528262]
[15.088795]
[15.912761]
[16.918587]
[16.495773]
[16.558767]
[16.278805]
[15.1292095]
[14.924438]
[15.565144]
[12.076921]
[15.775398]
[16.277485]
[17.704765]
[18.130777]
[18.00942]
[18.032467]
[17.118853]
[17.439762]
[17.654995]
[17.222212]
[17.471605]
[17.407064]
[17.703814]
[17.318819]
[17.565718]
[17.550673]
[17.319859]
[17.187452]
[17.414557]
[16.387697]
[17.188156]
[17.56911]
[17.381426]
[17.092625]
[16.840012]
[16.749298]
[16.351858]
[16.691685]
[16.794163]
[16.673042]
[17.473923]
[16.984789]
[16.677502]
[16.514122]
[16.399693]
[16.601835]
[16.49742]
[16.825567]
[19.588768]
[21.62132]
[19.456797]
[24.068834]
[24.120522]
[24.008963]
[24.628994]
[21.761808]
[5.822763]
[16.704393]
[18.201792]
[17.558859]
[21.318125]
[39.088127]
[46.504025]
[52.154778]
[56.351902]
[42.43101]
[36.414005]
[55.036327]
[63.038513]
[64.94167]
[66.94924]
[55.928055]
[67.055176]
[83.399765]
[95.36509]
[126.698616]
[108.306465]
[112.80652]
[102.410355]
[99.131546]
[97.862686]
[98.85149]
[95.043]
[94.08548]
[91.74292]
[89.621056]
[68.122986]
[69.49172]
[90.6682]
[90.97705]
[90.77228]
[91.300766]
[74.8476]
[82.703674]
[113.57079]
[120.92706]
[129.79091]
[132.1159]
[130.15833]
[129.1743]
[129.06967]
[127.786194]
[101.34092]
[98.13802]
[96.498665]
[96.501236]
[94.92431]
[64.99867]
[55.52094]
[66.04571]
[61.368404]
[57.438873]
[46.20153]
[25.303509]
[22.149256]
[22.503086]
[35.938343]
[49.949505]
[45.03405]
[46.805542]
[38.691647]
[20.618618]
[16.455097]
[31.620283]
[20.122133]
[17.558039]
[16.836893]
[14.361151]
[13.804978]
[13.791887]
[16.282621]
[16.164072]
[15.002463]
[13.837713]
[14.791877]
[12.68957]
[12.244748]
[13.619596]
[13.4736595]
[12.788114]
[13.267226]
[13.310533]
[13.595252]
[13.874737]
[16.15113]
[16.836723]
[13.03154]
[12.584838]
[13.214053]
[13.723021]
[13.839466]
[13.122846]
[13.1582]
[13.094281]
[12.337534]
[12.82087]
[11.17279]
[10.062859]
[11.209473]
[12.207628]
[14.746259]
[15.118181]
[18.368353]
[13.760081]
[13.419377]
[14.079941]
[12.464753]
[10.683566]
[12.198603]
[20.215069]
[11.278396]
[9.345148]
[10.821759]
[10.9199705]
[15.245521]
[14.816888]
[13.093382]
[10.304655]
[10.965894]
[25.885662]
[31.357344]
[30.116783]
[28.687534]
[22.299667]
[12.421227]
[9.6991205]
[10.40438]
[7.839692]
[7.26634]
[6.7818403]
[6.4861536]
[5.9360347]
[5.873849]
[5.834289]
[6.1483274]
[5.821041]
[5.829303]
[5.6668825]
[5.629288]
[5.5533705][10.25]
[9.45]
[13.02]
[10.69]
[5.31]
[5.25]
[5.26]
[5.31]
[5.31]
[5.3]
[5.29]
[5.3]
[9.25]
[9.31]
[9.28]
[9.29]
[9.27]
[9.26]
[9.25]
[9.26]
[9.26]
[9.27]
[9.25]
[9.25]
[9.32]
[9.28]
[9.26]
[9.22]
[9.21]
[9.23]
[9.23]
[9.06]
[9.24]
[9.25]
[9.24]
[9.29]
[9.55]
[9.28]
[9.27]
[9.27]
[9.25]
[9.24]
[9.28]
[12.21]
[12.29]
[12.32]
[12.27]
[12.3]
[12.29]
[12.25]
[12.25]
[12.25]
[12.29]
[12.3]
[12.3]
[12.31]
[12.36]
[12.34]
[12.35]
[12.36]
[12.37]
[12.39]
[12.39]
[12.4]
[12.36]
[12.39]
[12.4]
[12.41]
[12.52]
[12.25]
[12.25]
[12.03]
[12.31]
[26.75]
[15.2]
[15.05]
[15.12]
[15.03]
[15.09]
[15.17]
[15.22]
[15.41]
[15.4]
[15.43]
[15.24]
[15.14]
[15.08]
[15.29]
[15.3]
[15.23]
[15.22]
[15.17]
[15.21]
[15.24]
[15.21]
[15.26]
[15.09]
[15.03]
[14.94]
[15.09]
[15.28]
[15.3]
[15.52]
[15.38]
[15.46]
[15.26]
[15.55]
[15.54]
[15.27]
[22.36]
[17.87]
[15.85]
[42.75]
[82.22]
[94.05]
[93.25]
[90.97]
[55.68]
[49.63]
[58.09]
[56.67]
[54.59]
[53.59]
[58.05]
[53.08]
[41.74]
[57.88]
[58.89]
[56.17]
[56.45]
[59.98]
[24.57]
[23.68]
[48.95]
[58.59]
[52.66]
[61.65]
[55.39]
[15.63]
[15.57]
[49.45]
[48.02]
[57.5]
[95.04]
[91.35]
[127.12]
[159.08]
[215.85]
[192.9]
[144.63]
[136.75]
[131.02]
[99.64]
[86.83]
[129.19]
[131.03]
[129.73]
[130.49]
[130.52]
[92.3]
[87.76]
[90.33]
[91.84]
[90.24]
[92.4]
[96.82]
[52.74]
[45.22]
[55.96]
[60.38]
[51.61]
[55.5]
[62.81]
[54.04]
[56.12]
[53.08]
[60.33]
[38.11]
[64.66]
[62.07]
[50.21]
[45.53]
[67.12]
[58.52]
[53.52]
[50.52]
[53.77]
[41.06]
[38.17]
[35.45]
[50.08]
[57.71]
[43.73]
[61.41]
[54.5]
[42.43]
[96.98]
[93.31]
[95.73]
[93.08]
[91.61]
[94.94]
[85.74]
[88.4]
[98.74]
[90.94]
[95.37]
[98.5]
[45.13]
[47.61]
[67.66]
[39.1]
[71.69]
[37.29]
[69.59]
[19.53]
[12.7]
[49.99]
[27.12]
[31.05]
[19.21]
[28.46]
[14.31]
[9.94]
[17.83]
[28.86]
[44.83]
[46.46]
[52.06]
[24.01]
[9.42]
[50.97]
[57.23]
[44.2]
[37.8]
[12.15]
[9.41]
[10.47]
[20.43]
[33.31]
[48.25]
[44.01]
[55.45]
[12.7]
[10.36]
[51.64]
[50.92]
[50.38]
[49.93]
[49.1]
[13.79]
[10.13]
[29.22]
[34.2]
[23.2]
[39.35]
[38.77]
[14.08]
[10.2]
[32.49]
[35.58]
[33.86]
[32.24]
[29.9]
[23.23]
[16.87]
[24.9]
[28.37]
[17.49]
[16.74]
[47.53]
[16.06]
[15.03]
[32.65]
[36.66]
[33.79]
[32.62]
[31.6]
[12.79]
[8.68]
[29.3]
[28.48]
[33.01]
[32.79]
[29.71]
[12.11]
[7.79]
[7.39]
[5.3]
[5.33]
[5.36]
[5.41]
[5.44]
[5.46]
[5.48]
[5.51]
[5.52]
[5.54]
[5.55]
[5.56]
[5.57]
[5.58]
[5.41]
[5.59]
[5.59]
[5.59]
[5.59]
[5.59]
[5.59]
[5.52]
[9.82]
[15.53]
[16.95]
[20.82]
[11.7]
[14.18]
[15.4]
[23.39]
[19.41]
[16.47]
[11.42]
[6.71]
[12.54]
[12.67]
[10.63]
[11.37]
[12.05]
[14.44]
[14.47]
[12.32]
[14.46]
[13.82]
[14.57]
[14.58]
[8.47]
[14.78]
[14.81]
[14.47]
[5.31]
[5.31]
[5.29]
[6.65]
[12.03]
[10.97]
[11.68]
[7.09]
[5.32]
[5.32]
[5.33]
[5.32]
[5.32]
[7.66]
[5.32]
[5.32]
[5.32]
[5.29]
[5.21]
[5.09]
[5.1]
[5.1]
[5.1]
[5.11]
[5.11]
[5.1]
[5.12]
[5.22]
[5.48]
[5.49]
[5.27]
[5.12]
[5.13]
[5.12]
[5.12]
[5.11]
[5.16]
[8.76]
[8.76]
[8.94]
[8.95]
[8.95]
[10.8]
[10.34]
[8.93]
[12.82]
[12.41]
[9.78]
[12.71]
[13.05]
[9.78]
[9.61]
[13.47]
[13.71]
[13.82]
[13.8]
[20.11]
[12.1]
[10.21]
[15.44]
[19.36]
[24.22]
[16.35]
[13.82]
[12.91]
[11.05]
[11.21]
[12.63]
[12.73]
[13.93]
[14.]
[12.75]
[12.72]
[14.06]
[13.64]
[13.18]
[14.13]
[14.47]
[12.97]
[12.08]
[13.53]
[13.92]
[14.]
[14.03]
[13.47]
[12.53]
[12.61]
[12.89]
[13.87]
[13.64]
[12.29]
[13.75]
[12.77]
[12.77]
[13.97]
[13.97]
[12.95]
[15.58]
[14.78]
[14.97]
[14.82]
[14.67]
[14.69]
[14.7]
[14.81]
[14.7]
[17.5]
[18.04]
[19.37]
[14.58]
[14.62]
[14.69]
[14.75]
[14.6]
[14.39]
[14.42]
[14.49]
[14.55]
[14.59]
[14.62]
[14.6]
[14.31]
[14.23]
[14.12]
[14.15]
[14.3]
[14.52]
[14.49]
[14.43]
[14.23]
[14.17]
[14.28]
[14.37]
[14.29]
[14.2]
[14.09]
[14.11]
[14.23]
[14.04]
[14.13]
[14.15]
[14.07]
[14.02]
[13.88]
[13.88]
[13.78]
[13.82]
[13.92]
[14.08]
[13.97]
[13.86]
[13.82]
[13.83]
[13.99]
[14.01]
[13.84]
[13.78]
[13.71]
[13.96]
[14.1]
[13.99]
[13.72]
[16.98]
[13.92]
[13.67]
[13.53]
[13.42]
[13.41]
[13.36]
[14.17]
[14.52]
[14.48]
[14.44]
[14.41]
[14.38]
[14.37]
[14.35]
[14.34]
[14.31]
[15.25]
[14.32]
[14.31]
[14.29]
[14.29]
[14.58]
[14.56]
[12.15]
[11.95]
[11.88]
[11.87]
[11.82]
[13.39]
[11.95]
[11.94]
[11.89]
[11.86]
[11.86]
[11.84]
[11.83]
[11.81]
[11.86]
[11.86]
[11.8]
[11.8]
[11.79]
[11.78]
[11.77]
[11.96]
[11.94]
[11.9]
[11.85]
[11.35]
[11.83]
[11.8]
[12.]
[12.06]
[12.03]
[9.66]
[9.6]
[9.59]
[9.63]
[9.74]
[9.73]
[9.68]
[9.68]
[9.7]
[9.68]
[9.68]
[9.67]
[9.67]
[9.73]
[9.77]
[9.75]
[9.77]
[9.77]
[9.77]
[9.74]
[9.74]
[9.73]
[9.72]
[9.75]
[9.75]
[9.79]
[9.77]
[9.77]
[9.78]
[9.77]
[9.09]
[9.09]
[8.91]
[8.69]
[8.69]
[8.66]
[8.69]
[8.7]
[8.7]
[8.66]
[8.67]
[8.77]
[8.78]
[8.78]
[8.77]
[8.78]
[8.77]
[8.74]
[8.74]
[8.77]
[8.77]
[8.77]
[8.76]
[8.77]
[8.76]
[8.77]
[8.77]
[8.76]
[8.76]
[8.77]
[8.71]
[8.26]
[8.23]
[8.06]
[8.02]
[8.01]
[8.04]
[8.06]
[8.04]
[8.05]
[8.06]
[8.05]
[8.05]
[8.07]
[8.07]
[8.06]
[8.04]
[8.08]
[8.07]
[8.07]
[8.03]
[8.1]
[8.09]
[8.1]
[8.11]
[8.1]
[8.11]
[8.12]
[8.11]
[8.11]
[8.13]
[6.13]
[6.11]
[5.91]
[5.29]
[5.35]
[5.29]
[5.31]
[5.3]
[5.3]
[5.3]
[5.31]
[5.3]
[5.27]
[5.29]
[5.29]
[5.29]
[5.3]
[5.3]
[5.34]
[5.31]
[5.31]
[5.32]
[5.32]
[5.31]
[5.33]
[5.32]
[5.32]
[5.31]
[5.33]
[5.32]
[5.34]
[5.34]
[5.89]
[5.74]
[5.51]
[5.5]
[7.49]
[7.16]
[5.55]
[5.56]
[5.48]
[5.43]
[5.41]
[5.42]
[5.48]
[5.44]
[5.44]
[5.44]
[7.99]
[5.37]
[5.4]
[5.41]
[5.38]
[5.38]
[5.39]
[5.38]
[5.38]
[5.43]
[5.4]
[5.41]
[5.42]
[5.41]
[5.41]
[5.41]
[5.41]
[5.42]
[5.44]
[5.44]
[5.45]
[5.47]
[5.47]
[5.4]
[5.42]
[5.44]
[5.46]
[5.47]
[5.46]
[5.46]
[5.47]
[5.47]
[5.42]
[5.48]
[5.49]
[5.48]
[5.46]
[5.46]
[5.5]
[5.51]
[5.48]
[5.46]
[9.04]
[9.13]
[9.13]
[9.16]
[9.17]
[9.17]
[9.19]
[9.21]
[9.24]
[9.24]
[9.22]
[9.2]
[9.27]
[9.28]
[9.28]
[9.29]
[9.32]
[9.33]
[9.33]
[9.34]
[9.36]
[9.37]
[9.38]
[9.41]
[9.41]
[9.41]
[9.41]
[9.42]
[9.83]
[9.49]
[9.52]
[12.18]
[12.29]
[12.29]
[12.33]
[12.37]
[12.42]
[12.45]
[12.39]
[15.27]
[16.55]
[14.11]
[12.06]
[12.15]
[12.22]
[12.2]
[14.89]
[12.24]
[12.29]
[12.3]
[12.82]
[12.19]
[12.16]
[12.29]
[12.32]
[12.3]
[12.41]
[12.47]
[12.46]
[12.66]
[12.65]
[14.68]
[15.59]
[15.66]
[15.62]
[15.61]
[15.62]
[15.55]
[15.55]
[15.53]
[15.48]
[15.58]
[15.63]
[15.67]
[15.73]
[15.76]
[15.69]
[15.74]
[15.74]
[15.7]
[15.75]
[15.81]
[15.74]
[15.69]
[15.67]
[15.67]
[15.69]
[15.71]
[15.78]
[15.82]
[15.85]
[15.84]
[15.82]
[15.81]
[15.68]
[15.65]
[15.45]
[15.76]
[15.72]
[15.72]
[15.72]
[15.86]
[15.62]
[15.55]
[15.84]
[15.47]
[15.85]
[15.91]
[15.89]
[15.6]
[15.96]
[15.99]
[15.84]
[15.77]
[15.99]
[15.57]
[15.56]
[15.78]
[15.69]
[15.67]
[15.63]
[15.75]
[15.5]
[15.92]
[15.96]
[15.99]
[16.2]
[15.99]
[15.99]
[15.96]
[15.93]
[15.94]
[15.96]
[15.89]
[15.75]
[15.57]
[14.85]
[16.98]
[17.18]
[17.15]
[16.64]
[16.94]
[16.89]
[16.85]
[16.85]
[16.82]
[22.09]
[48.14]
[54.09]
[52.25]
[50.82]
[26.21]
[24.32]
[46.38]
[54.6]
[55.32]
[58.59]
[42.22]
[59.61]
[52.27]
[91.07]
[134.99]
[99.13]
[93.08]
[89.49]
[90.15]
[90.7]
[92.91]
[90.54]
[92.41]
[91.17]
[89.85]
[54.37]
[55.31]
[91.98]
[89.63]
[92.51]
[92.65]
[53.92]
[58.15]
[118.86]
[121.02]
[128.01]
[129.11]
[130.04]
[130.07]
[129.96]
[130.52]
[93.73]
[94.19]
[93.43]
[94.32]
[94.03]
[49.04]
[42.92]
[63.69]
[56.03]
[54.7]
[38.34]
[11.79]
[11.72]
[12.96]
[33.11]
[57.23]
[47.44]
[52.93]
[38.46]
[13.38]
[10.84]
[32.12]
[12.86]
[13.04]
[11.96]
[9.06]
[9.09]
[9.87]
[13.99]
[13.87]
[12.77]
[11.54]
[13.62]
[10.08]
[9.89]
[11.66]
[11.41]
[10.97]
[12.27]
[12.58]
[13.52]
[14.11]
[18.19]
[19.12]
[13.6]
[13.55]
[13.48]
[13.43]
[13.64]
[13.07]
[13.76]
[13.75]
[12.85]
[13.71]
[11.22]
[9.92]
[11.7]
[12.05]
[15.5]
[15.5]
[20.41]
[11.86]
[11.21]
[12.16]
[10.03]
[8.58]
[11.93]
[24.96]
[9.81]
[9.12]
[11.89]
[11.97]
[19.72]
[18.14]
[16.04]
[11.71]
[13.74]
[39.18]
[46.43]
[42.22]
[40.7]
[29.17]
[11.6]
[7.7]
[7.77]
[5.18]
[5.21]
[5.24]
[5.27]
[5.28]
[5.29]
[5.31]
[5.33]
[5.34]
[5.35]
[5.36]
[5.37]
[5.38]
[5.39]