0.8958049096348211, 0.9026015001155577, -0.5761548122224852, 196.4924983098924[11.8463745]
[9.198596]
[8.175968]
[9.991664]
[9.025247]
[5.9388647]
[5.505152]
[5.524541]
[5.5580196]
[5.522467]
[5.4884996]
[5.4794]
[5.4471297]
[7.607591]
[7.9726043]
[7.991536]
[8.08569]
[8.79197]
[9.803432]
[10.440802]
[9.961647]
[8.962607]
[8.706695]
[8.552556]
[8.503949]
[8.494222]
[8.48836]
[8.444084]
[8.36486]
[8.274373]
[8.272416]
[8.349872]
[8.375288]
[8.494783]
[8.445003]
[8.429054]
[8.442165]
[8.663718]
[12.042087]
[9.493336]
[9.001092]
[9.390646]
[9.626575]
[9.503652]
[10.946229]
[11.039659]
[10.968892]
[10.927499]
[11.073016]
[11.311774]
[11.563408]
[11.435808]
[11.184593]
[11.057392]
[11.01909]
[10.915748]
[10.930468]
[10.954759]
[10.903888]
[10.865443]
[10.888252]
[10.890177]
[10.876245]
[10.892706]
[10.974931]
[11.0626135]
[11.374109]
[11.631517]
[11.45943]
[11.40106]
[13.970818]
[8.939971]
[10.504117]
[11.064187]
[34.851913]
[16.976646]
[12.859996]
[12.962613]
[12.89296]
[12.949835]
[13.096115]
[13.256328]
[13.2869835]
[13.308039]
[13.445079]
[13.273337]
[13.22518]
[13.386256]
[13.690949]
[13.588322]
[13.540613]
[13.490427]
[13.881061]
[14.080108]
[13.735517]
[13.770733]
[13.91417]
[13.732116]
[13.687258]
[13.297639]
[13.586207]
[14.0690975]
[13.92151]
[14.202559]
[14.217103]
[14.479485]
[16.459904]
[21.171171]
[19.758017]
[30.623426]
[52.949417]
[34.103043]
[70.9124]
[77.63726]
[86.21459]
[98.93888]
[122.00277]
[95.31926]
[75.003]
[61.769745]
[62.32008]
[60.29057]
[56.755486]
[52.277283]
[52.725056]
[49.28773]
[41.117123]
[48.225006]
[50.712566]
[48.46661]
[48.93507]
[51.94908]
[32.168987]
[27.815235]
[42.19663]
[48.365223]
[44.05387]
[47.50824]
[43.25811]
[22.527931]
[20.886618]
[45.160202]
[49.22668]
[61.937572]
[102.0819]
[134.84064]
[163.91989]
[176.92886]
[213.47495]
[179.2853]
[148.5479]
[142.1582]
[130.56732]
[106.86905]
[90.132866]
[113.55707]
[116.02101]
[117.20315]
[119.924385]
[126.287796]
[103.99788]
[97.34784]
[95.852066]
[95.15579]
[91.50096]
[91.049065]
[93.538956]
[66.61668]
[61.47971]
[71.1117]
[73.36018]
[69.237495]
[67.824814]
[71.03432]
[62.815994]
[59.16037]
[55.088894]
[56.701725]
[43.730183]
[54.192806]
[55.031303]
[48.209]
[45.286896]
[56.99353]
[51.69763]
[46.02121]
[42.72805]
[44.06007]
[39.15859]
[39.9353]
[42.450024]
[55.70499]
[66.14213]
[59.736233]
[65.15154]
[60.686546]
[51.83081]
[89.83447]
[95.91671]
[93.83077]
[86.45677]
[81.70205]
[82.33222]
[77.75045]
[81.5375]
[92.79907]
[89.76432]
[94.26441]
[99.74585]
[67.90177]
[65.469185]
[77.42354]
[59.81817]
[72.78328]
[53.157513]
[65.42178]
[38.57105]
[27.780313]
[47.18696]
[37.218983]
[35.002872]
[27.907656]
[30.684484]
[23.051447]
[17.916756]
[21.609636]
[27.598726]
[35.68911]
[36.324776]
[39.500065]
[28.089338]
[19.058533]
[41.10253]
[47.568386]
[40.360584]
[36.246773]
[23.636177]
[21.42701]
[21.819857]
[26.768906]
[31.866371]
[38.1398]
[36.070305]
[40.411453]
[20.124523]
[15.249815]
[37.515274]
[38.155018]
[37.514687]
[37.170998]
[35.596924]
[19.691914]
[16.178852]
[28.932411]
[32.065357]
[24.575058]
[30.676912]
[30.266125]
[16.96807]
[12.674239]
[24.33957]
[27.17597]
[25.644047]
[24.272825]
[22.577652]
[18.798492]
[15.172246]
[19.26875]
[21.920355]
[17.387365]
[17.516665]
[36.495564]
[21.214909]
[15.930618]
[24.650879]
[27.234774]
[25.37306]
[24.230545]
[22.85779]
[13.24938]
[9.469107]
[20.05933]
[20.155785]
[22.133677]
[22.776337]
[21.422895]
[12.212042]
[8.473727]
[7.9821744]
[6.8839383]
[6.606997]
[6.9157248]
[6.9848776]
[6.909644]
[6.7416315]
[6.529701]
[6.591863]
[6.503757]
[6.5085125]
[6.3467684]
[6.2883606]
[6.2364697]
[6.2426395]
[6.1425667]
[6.1115446]
[6.0599227]
[6.0093684]
[6.0093684]
[6.0093684]
[6.0093684]
[5.8598537]
[7.639311]
[12.157586]
[11.996597]
[13.624454]
[9.6969595]
[10.302908]
[11.062767]
[14.7758665]
[13.693282]
[12.083599]
[9.349417]
[6.610415]
[9.112265]
[9.617881]
[8.503401]
[8.723919]
[9.208037]
[10.586508]
[10.802062]
[9.641537]
[10.556651]
[16.720581]
[12.125273]
[11.110397]
[7.926972]
[10.891623]
[11.407055]
[11.115756]
[6.2983837]
[5.5732317]
[5.6156316]
[6.258625]
[9.212413]
[9.2531185]
[9.332078]
[6.915756]
[5.621015]
[5.5255256]
[5.5567036]
[5.5276604]
[5.517926]
[6.7485723]
[5.7233686]
[5.4924874]
[5.5079336]
[5.527408]
[5.4475355]
[5.572999]
[5.7598157]
[6.00759]
[5.8809857]
[5.72904]
[5.6510105]
[5.550062]
[5.561448]
[5.5956483]
[5.7221994]
[5.718512]
[5.688562]
[5.6231112]
[5.6512275]
[5.5380216]
[5.58464]
[5.581463]
[5.587259]
[7.550929]
[7.8554177]
[12.386466]
[8.758596]
[8.041932]
[9.167064]
[8.992896]
[8.110007]
[11.031841]
[10.494466]
[8.826466]
[10.385929]
[10.920264]
[9.036809]
[8.723914]
[11.183654]
[11.825485]
[11.814166]
[11.700496]
[16.161493]
[11.406479]
[9.315911]
[12.698096]
[16.438864]
[19.221882]
[14.640843]
[12.17166]
[11.428159]
[10.169995]
[10.215787]
[11.195345]
[11.340122]
[12.113181]
[12.283683]
[11.485284]
[11.444988]
[12.356277]
[12.100019]
[11.832502]
[12.695736]
[12.902195]
[11.709406]
[11.046002]
[12.130829]
[12.458615]
[12.285863]
[12.2191725]
[11.768028]
[11.163876]
[11.567758]
[12.344133]
[13.46611]
[13.322024]
[11.942048]
[13.082369]
[12.835151]
[12.73023]
[12.966368]
[12.825443]
[12.074958]
[13.769438]
[13.3008995]
[13.350891]
[13.313175]
[13.195603]
[13.124004]
[13.096611]
[13.277207]
[13.211769]
[15.251287]
[18.030659]
[17.090202]
[13.683946]
[13.270729]
[13.551533]
[13.686861]
[13.787262]
[13.550241]
[13.407018]
[13.370108]
[13.347341]
[13.394021]
[13.38495]
[13.320785]
[13.004974]
[12.800175]
[12.750082]
[12.69185]
[12.808619]
[12.902245]
[12.885995]
[12.827492]
[12.745897]
[12.655576]
[12.724232]
[12.77331]
[12.678846]
[12.551825]
[12.427491]
[12.412574]
[12.4889145]
[12.363767]
[12.395513]
[12.431961]
[12.442197]
[12.411688]
[12.252964]
[12.197991]
[12.113742]
[12.028641]
[12.051908]
[12.176947]
[12.0645]
[11.9303055]
[11.858904]
[11.827]
[11.937261]
[12.044223]
[12.130887]
[12.23913]
[12.283054]
[12.508049]
[12.770199]
[13.271527]
[14.274832]
[16.076576]
[26.676857]
[26.204763]
[16.404448]
[12.317546]
[13.329175]
[13.95951]
[15.085632]
[14.9409895]
[14.585679]
[14.401122]
[14.26603]
[14.200558]
[14.19869]
[14.208213]
[14.253253]
[14.270874]
[14.937479]
[14.328044]
[14.237563]
[14.170523]
[14.242144]
[13.683425]
[14.142155]
[12.513028]
[12.102775]
[11.786489]
[11.810477]
[11.946598]
[13.047262]
[12.120172]
[11.806986]
[11.699336]
[11.682558]
[11.605283]
[11.549457]
[11.65358]
[11.489716]
[11.489687]
[11.419281]
[11.389795]
[11.321346]
[11.276239]
[11.231986]
[11.276351]
[11.562997]
[12.0345335]
[12.934016]
[12.922838]
[13.118008]
[11.811201]
[11.690923]
[11.866684]
[11.749023]
[11.525225]
[10.3958025]
[10.450181]
[10.367518]
[10.0577755]
[10.105293]
[10.03937]
[9.9846]
[9.93227]
[9.898408]
[9.836726]
[9.7423525]
[9.776304]
[9.696639]
[9.697177]
[9.703121]
[9.646459]
[9.672707]
[9.639114]
[9.6077795]
[9.544814]
[9.502567]
[9.459684]
[9.411146]
[9.382404]
[9.387013]
[9.421814]
[9.377454]
[9.316427]
[9.371857]
[9.359216]
[8.964556]
[8.965743]
[8.836423]
[8.643017]
[8.530708]
[8.567378]
[8.693577]
[8.678586]
[8.612424]
[8.471697]
[8.471649]
[8.684479]
[9.320478]
[9.817817]
[9.466926]
[9.237743]
[9.02259]
[8.870036]
[8.781035]
[8.708725]
[8.704011]
[8.678602]
[8.57624]
[8.582597]
[8.501436]
[8.440039]
[8.63391]
[8.8693]
[8.837047]
[8.858558]
[8.902257]
[8.445951]
[8.228552]
[8.052113]
[8.004488]
[7.948478]
[7.9549828]
[8.021255]
[7.982821]
[7.897493]
[7.895442]
[7.90907]
[7.8648973]
[7.8765225]
[7.8856425]
[7.8484664]
[7.834625]
[7.86706]
[7.82999]
[7.806145]
[7.7346916]
[7.8341904]
[7.819285]
[7.730703]
[7.780338]
[7.848906]
[7.8112874]
[7.817072]
[7.832429]
[7.9029803]
[8.008813]
[6.8119454]
[6.6158605]
[6.50129]
[6.0344987]
[5.982764]
[5.931331]
[5.9443507]
[5.963952]
[5.8957806]
[5.9465632]
[5.9767523]
[5.9302287]
[5.91732]
[5.927334]
[5.9628563]
[5.943738]
[5.881939]
[5.9696774]
[5.9645796]
[5.870725]
[5.9706283]
[5.9983635]
[5.962473]
[5.9635878]
[5.980808]
[5.9837575]
[5.9874043]
[5.989706]
[6.0035896]
[6.0466466]
[6.004485]
[6.0313725]
[6.3646555]
[6.3150444]
[9.473894]
[6.633646]
[7.5300703]
[7.75584]
[6.2079725]
[5.990459]
[5.961729]
[5.8997107]
[6.1381617]
[5.8646317]
[6.053922]
[5.833317]
[6.006446]
[5.7925067]
[7.773286]
[6.267554]
[5.9021697]
[5.873123]
[5.8443813]
[5.815945]
[5.7874207]
[5.537469]
[5.7227807]
[5.593258]
[7.607329]
[5.923191]
[5.4558687]
[5.641351]
[5.4513435]
[5.460676]
[5.5776663]
[5.461142]
[5.5642858]
[5.5454288]
[5.473136]
[5.5582347]
[5.499571]
[5.479416]
[5.493909]
[5.5502033]
[5.4982977]
[5.5420003]
[5.500885]
[5.531388]
[5.551211]
[5.5415254]
[5.4747357]
[5.5519958]
[5.5464983]
[5.525814]
[5.559356]
[5.536867]
[5.540591]
[5.5689497]
[5.5129128]
[5.518538]
[8.52737]
[8.458495]
[8.863416]
[8.501891]
[8.8698225]
[8.953809]
[8.916284]
[8.901404]
[9.518931]
[8.986743]
[9.508444]
[8.975872]
[9.498259]
[8.965501]
[9.49016]
[9.547782]
[8.923548]
[8.87022]
[8.877117]
[8.875143]
[8.883256]
[8.89651]
[8.8580885]
[9.163609]
[8.817373]
[9.213624]
[8.922107]
[8.697146]
[9.337494]
[9.398548]
[9.3472595]
[10.89782]
[11.062992]
[11.013268]
[11.471108]
[10.9639015]
[11.330445]
[11.814196]
[11.791215]
[14.031799]
[15.160485]
[13.729553]
[11.190358]
[11.213211]
[11.183524]
[11.537065]
[13.883064]
[11.666671]
[11.253602]
[11.151774]
[11.430649]
[10.580906]
[10.42044]
[10.58607]
[10.770399]
[11.015856]
[11.219136]
[11.273793]
[11.061325]
[11.016793]
[11.006163]
[11.842285]
[12.218114]
[12.292463]
[12.366672]
[11.964002]
[11.989995]
[11.6492405]
[11.667354]
[11.861281]
[11.778384]
[18.654316]
[20.647778]
[19.530724]
[15.712185]
[12.150251]
[15.123013]
[15.012895]
[14.709701]
[14.501082]
[14.32151]
[14.129968]
[13.890843]
[13.745055]
[13.6157875]
[13.643422]
[13.948062]
[14.240591]
[14.937424]
[15.434664]
[15.541722]
[15.1104965]
[15.377652]
[15.075311]
[15.42454]
[13.210044]
[12.810604]
[16.950098]
[17.551676]
[17.541296]
[17.949894]
[17.638979]
[16.159723]
[17.145456]
[16.637035]
[16.07207]
[16.794634]
[17.087431]
[17.086369]
[16.616379]
[16.597181]
[16.533665]
[16.342855]
[16.200758]
[16.334656]
[15.70081]
[16.408821]
[16.642881]
[16.517033]
[16.168821]
[15.57018]
[15.406661]
[15.144287]
[15.48967]
[15.568796]
[15.561581]
[16.38724]
[16.150194]
[15.774421]
[15.569967]
[15.430057]
[15.770243]
[15.737544]
[16.238535]
[18.901731]
[22.671024]
[17.915867]
[25.506395]
[25.54401]
[23.64791]
[24.093409]
[22.10946]
[7.322895]
[16.41112]
[17.810871]
[17.13533]
[20.376575]
[37.60914]
[43.248867]
[45.546413]
[51.829144]
[41.138424]
[38.253586]
[55.091133]
[63.07982]
[64.239365]
[65.90223]
[54.66149]
[65.73987]
[85.17877]
[93.069595]
[126.03366]
[111.25673]
[112.83854]
[101.28895]
[101.75974]
[100.61476]
[100.76027]
[95.96541]
[94.32601]
[90.9049]
[86.96281]
[65.28993]
[68.19349]
[90.71081]
[89.753586]
[87.94286]
[87.9936]
[71.77155]
[84.149315]
[114.535446]
[124.97447]
[133.1425]
[133.03119]
[132.07701]
[131.97977]
[131.8481]
[129.26468]
[102.90488]
[99.05488]
[97.02922]
[97.29471]
[94.964836]
[63.253803]
[52.5592]
[62.343662]
[57.904934]
[54.38766]
[43.486088]
[25.255169]
[21.870256]
[22.309338]
[33.565826]
[46.56024]
[41.340763]
[42.88488]
[35.42338]
[20.097628]
[15.97393]
[28.826862]
[19.69268]
[16.823807]
[16.206808]
[13.890138]
[13.354474]
[13.1196995]
[15.225458]
[15.213027]
[14.251085]
[13.303447]
[14.031971]
[12.3880415]
[11.869351]
[12.993953]
[12.897021]
[12.322279]
[12.746378]
[12.774294]
[12.950515]
[13.221169]
[14.964226]
[15.48268]
[12.513516]
[12.1738825]
[12.749634]
[13.120055]
[13.169108]
[12.581143]
[12.6084]
[12.569047]
[11.934915]
[12.350612]
[10.994341]
[10.066747]
[11.067402]
[11.900731]
[13.944679]
[14.239467]
[16.87287]
[13.318907]
[12.776462]
[13.292992]
[12.043037]
[10.569201]
[11.751442]
[18.077597]
[11.137377]
[9.498046]
[10.578491]
[10.684796]
[14.003122]
[13.706717]
[12.3950815]
[10.230947]
[10.6578455]
[21.077183]
[24.401049]
[23.75153]
[22.791285]
[18.48432]
[12.693972]
[9.803073]
[10.436214]
[8.236126]
[7.722277]
[7.337418]
[7.07453]
[6.4996777]
[6.6555037]
[6.572952]
[6.8522673]
[6.429133]
[6.562995]
[6.3938994]
[6.295712]
[6.3102174][10.25]
[9.45]
[13.02]
[10.69]
[5.31]
[5.25]
[5.26]
[5.31]
[5.31]
[5.3]
[5.29]
[5.3]
[9.25]
[9.31]
[9.28]
[9.29]
[9.27]
[9.26]
[9.25]
[9.26]
[9.26]
[9.27]
[9.25]
[9.25]
[9.32]
[9.28]
[9.26]
[9.22]
[9.21]
[9.23]
[9.23]
[9.06]
[9.24]
[9.25]
[9.24]
[9.29]
[9.55]
[9.28]
[9.27]
[9.27]
[9.25]
[9.24]
[9.28]
[12.21]
[12.29]
[12.32]
[12.27]
[12.3]
[12.29]
[12.25]
[12.25]
[12.25]
[12.29]
[12.3]
[12.3]
[12.31]
[12.36]
[12.34]
[12.35]
[12.36]
[12.37]
[12.39]
[12.39]
[12.4]
[12.36]
[12.39]
[12.4]
[12.41]
[12.52]
[12.25]
[12.25]
[12.03]
[12.31]
[26.75]
[15.2]
[15.05]
[15.12]
[15.03]
[15.09]
[15.17]
[15.22]
[15.41]
[15.4]
[15.43]
[15.24]
[15.14]
[15.08]
[15.29]
[15.3]
[15.23]
[15.22]
[15.17]
[15.21]
[15.24]
[15.21]
[15.26]
[15.09]
[15.03]
[14.94]
[15.09]
[15.28]
[15.3]
[15.52]
[15.38]
[15.46]
[15.26]
[15.55]
[15.54]
[15.27]
[22.36]
[17.87]
[15.85]
[42.75]
[82.22]
[94.05]
[93.25]
[90.97]
[55.68]
[49.63]
[58.09]
[56.67]
[54.59]
[53.59]
[58.05]
[53.08]
[41.74]
[57.88]
[58.89]
[56.17]
[56.45]
[59.98]
[24.57]
[23.68]
[48.95]
[58.59]
[52.66]
[61.65]
[55.39]
[15.63]
[15.57]
[49.45]
[48.02]
[57.5]
[95.04]
[91.35]
[127.12]
[159.08]
[215.85]
[192.9]
[144.63]
[136.75]
[131.02]
[99.64]
[86.83]
[129.19]
[131.03]
[129.73]
[130.49]
[130.52]
[92.3]
[87.76]
[90.33]
[91.84]
[90.24]
[92.4]
[96.82]
[52.74]
[45.22]
[55.96]
[60.38]
[51.61]
[55.5]
[62.81]
[54.04]
[56.12]
[53.08]
[60.33]
[38.11]
[64.66]
[62.07]
[50.21]
[45.53]
[67.12]
[58.52]
[53.52]
[50.52]
[53.77]
[41.06]
[38.17]
[35.45]
[50.08]
[57.71]
[43.73]
[61.41]
[54.5]
[42.43]
[96.98]
[93.31]
[95.73]
[93.08]
[91.61]
[94.94]
[85.74]
[88.4]
[98.74]
[90.94]
[95.37]
[98.5]
[45.13]
[47.61]
[67.66]
[39.1]
[71.69]
[37.29]
[69.59]
[19.53]
[12.7]
[49.99]
[27.12]
[31.05]
[19.21]
[28.46]
[14.31]
[9.94]
[17.83]
[28.86]
[44.83]
[46.46]
[52.06]
[24.01]
[9.42]
[50.97]
[57.23]
[44.2]
[37.8]
[12.15]
[9.41]
[10.47]
[20.43]
[33.31]
[48.25]
[44.01]
[55.45]
[12.7]
[10.36]
[51.64]
[50.92]
[50.38]
[49.93]
[49.1]
[13.79]
[10.13]
[29.22]
[34.2]
[23.2]
[39.35]
[38.77]
[14.08]
[10.2]
[32.49]
[35.58]
[33.86]
[32.24]
[29.9]
[23.23]
[16.87]
[24.9]
[28.37]
[17.49]
[16.74]
[47.53]
[16.06]
[15.03]
[32.65]
[36.66]
[33.79]
[32.62]
[31.6]
[12.79]
[8.68]
[29.3]
[28.48]
[33.01]
[32.79]
[29.71]
[12.11]
[7.79]
[7.39]
[5.3]
[5.33]
[5.36]
[5.41]
[5.44]
[5.46]
[5.48]
[5.51]
[5.52]
[5.54]
[5.55]
[5.56]
[5.57]
[5.58]
[5.41]
[5.59]
[5.59]
[5.59]
[5.59]
[5.59]
[5.59]
[5.52]
[9.82]
[15.53]
[16.95]
[20.82]
[11.7]
[14.18]
[15.4]
[23.39]
[19.41]
[16.47]
[11.42]
[6.71]
[12.54]
[12.67]
[10.63]
[11.37]
[12.05]
[14.44]
[14.47]
[12.32]
[14.46]
[13.82]
[14.57]
[14.58]
[8.47]
[14.78]
[14.81]
[14.47]
[5.31]
[5.31]
[5.29]
[6.65]
[12.03]
[10.97]
[11.68]
[7.09]
[5.32]
[5.32]
[5.33]
[5.32]
[5.32]
[7.66]
[5.32]
[5.32]
[5.32]
[5.29]
[5.21]
[5.09]
[5.1]
[5.1]
[5.1]
[5.11]
[5.11]
[5.1]
[5.12]
[5.22]
[5.48]
[5.49]
[5.27]
[5.12]
[5.13]
[5.12]
[5.12]
[5.11]
[5.16]
[8.76]
[8.76]
[8.94]
[8.95]
[8.95]
[10.8]
[10.34]
[8.93]
[12.82]
[12.41]
[9.78]
[12.71]
[13.05]
[9.78]
[9.61]
[13.47]
[13.71]
[13.82]
[13.8]
[20.11]
[12.1]
[10.21]
[15.44]
[19.36]
[24.22]
[16.35]
[13.82]
[12.91]
[11.05]
[11.21]
[12.63]
[12.73]
[13.93]
[14.]
[12.75]
[12.72]
[14.06]
[13.64]
[13.18]
[14.13]
[14.47]
[12.97]
[12.08]
[13.53]
[13.92]
[14.]
[14.03]
[13.47]
[12.53]
[12.61]
[12.89]
[13.87]
[13.64]
[12.29]
[13.75]
[12.77]
[12.77]
[13.97]
[13.97]
[12.95]
[15.58]
[14.78]
[14.97]
[14.82]
[14.67]
[14.69]
[14.7]
[14.81]
[14.7]
[17.5]
[18.04]
[19.37]
[14.58]
[14.62]
[14.69]
[14.75]
[14.6]
[14.39]
[14.42]
[14.49]
[14.55]
[14.59]
[14.62]
[14.6]
[14.31]
[14.23]
[14.12]
[14.15]
[14.3]
[14.52]
[14.49]
[14.43]
[14.23]
[14.17]
[14.28]
[14.37]
[14.29]
[14.2]
[14.09]
[14.11]
[14.23]
[14.04]
[14.13]
[14.15]
[14.07]
[14.02]
[13.88]
[13.88]
[13.78]
[13.82]
[13.92]
[14.08]
[13.97]
[13.86]
[13.82]
[13.83]
[13.99]
[14.01]
[13.84]
[13.78]
[13.71]
[13.96]
[14.1]
[13.99]
[13.72]
[16.98]
[13.92]
[13.67]
[13.53]
[13.42]
[13.41]
[13.36]
[14.17]
[14.52]
[14.48]
[14.44]
[14.41]
[14.38]
[14.37]
[14.35]
[14.34]
[14.31]
[15.25]
[14.32]
[14.31]
[14.29]
[14.29]
[14.58]
[14.56]
[12.15]
[11.95]
[11.88]
[11.87]
[11.82]
[13.39]
[11.95]
[11.94]
[11.89]
[11.86]
[11.86]
[11.84]
[11.83]
[11.81]
[11.86]
[11.86]
[11.8]
[11.8]
[11.79]
[11.78]
[11.77]
[11.96]
[11.94]
[11.9]
[11.85]
[11.35]
[11.83]
[11.8]
[12.]
[12.06]
[12.03]
[9.66]
[9.6]
[9.59]
[9.63]
[9.74]
[9.73]
[9.68]
[9.68]
[9.7]
[9.68]
[9.68]
[9.67]
[9.67]
[9.73]
[9.77]
[9.75]
[9.77]
[9.77]
[9.77]
[9.74]
[9.74]
[9.73]
[9.72]
[9.75]
[9.75]
[9.79]
[9.77]
[9.77]
[9.78]
[9.77]
[9.09]
[9.09]
[8.91]
[8.69]
[8.69]
[8.66]
[8.69]
[8.7]
[8.7]
[8.66]
[8.67]
[8.77]
[8.78]
[8.78]
[8.77]
[8.78]
[8.77]
[8.74]
[8.74]
[8.77]
[8.77]
[8.77]
[8.76]
[8.77]
[8.76]
[8.77]
[8.77]
[8.76]
[8.76]
[8.77]
[8.71]
[8.26]
[8.23]
[8.06]
[8.02]
[8.01]
[8.04]
[8.06]
[8.04]
[8.05]
[8.06]
[8.05]
[8.05]
[8.07]
[8.07]
[8.06]
[8.04]
[8.08]
[8.07]
[8.07]
[8.03]
[8.1]
[8.09]
[8.1]
[8.11]
[8.1]
[8.11]
[8.12]
[8.11]
[8.11]
[8.13]
[6.13]
[6.11]
[5.91]
[5.29]
[5.35]
[5.29]
[5.31]
[5.3]
[5.3]
[5.3]
[5.31]
[5.3]
[5.27]
[5.29]
[5.29]
[5.29]
[5.3]
[5.3]
[5.34]
[5.31]
[5.31]
[5.32]
[5.32]
[5.31]
[5.33]
[5.32]
[5.32]
[5.31]
[5.33]
[5.32]
[5.34]
[5.34]
[5.89]
[5.74]
[5.51]
[5.5]
[7.49]
[7.16]
[5.55]
[5.56]
[5.48]
[5.43]
[5.41]
[5.42]
[5.48]
[5.44]
[5.44]
[5.44]
[7.99]
[5.37]
[5.4]
[5.41]
[5.38]
[5.38]
[5.39]
[5.38]
[5.38]
[5.43]
[5.4]
[5.41]
[5.42]
[5.41]
[5.41]
[5.41]
[5.41]
[5.42]
[5.44]
[5.44]
[5.45]
[5.47]
[5.47]
[5.4]
[5.42]
[5.44]
[5.46]
[5.47]
[5.46]
[5.46]
[5.47]
[5.47]
[5.42]
[5.48]
[5.49]
[5.48]
[5.46]
[5.46]
[5.5]
[5.51]
[5.48]
[5.46]
[9.04]
[9.13]
[9.13]
[9.16]
[9.17]
[9.17]
[9.19]
[9.21]
[9.24]
[9.24]
[9.22]
[9.2]
[9.27]
[9.28]
[9.28]
[9.29]
[9.32]
[9.33]
[9.33]
[9.34]
[9.36]
[9.37]
[9.38]
[9.41]
[9.41]
[9.41]
[9.41]
[9.42]
[9.83]
[9.49]
[9.52]
[12.18]
[12.29]
[12.29]
[12.33]
[12.37]
[12.42]
[12.45]
[12.39]
[15.27]
[16.55]
[14.11]
[12.06]
[12.15]
[12.22]
[12.2]
[14.89]
[12.24]
[12.29]
[12.3]
[12.82]
[12.19]
[12.16]
[12.29]
[12.32]
[12.3]
[12.41]
[12.47]
[12.46]
[12.66]
[12.65]
[14.68]
[15.59]
[15.66]
[15.62]
[15.61]
[15.62]
[15.55]
[15.55]
[15.53]
[15.48]
[15.58]
[15.63]
[15.67]
[15.73]
[15.76]
[15.69]
[15.74]
[15.74]
[15.7]
[15.75]
[15.81]
[15.74]
[15.69]
[15.67]
[15.67]
[15.69]
[15.71]
[15.78]
[15.82]
[15.85]
[15.84]
[15.82]
[15.81]
[15.68]
[15.65]
[15.45]
[15.76]
[15.72]
[15.72]
[15.72]
[15.86]
[15.62]
[15.55]
[15.84]
[15.47]
[15.85]
[15.91]
[15.89]
[15.6]
[15.96]
[15.99]
[15.84]
[15.77]
[15.99]
[15.57]
[15.56]
[15.78]
[15.69]
[15.67]
[15.63]
[15.75]
[15.5]
[15.92]
[15.96]
[15.99]
[16.2]
[15.99]
[15.99]
[15.96]
[15.93]
[15.94]
[15.96]
[15.89]
[15.75]
[15.57]
[14.85]
[16.98]
[17.18]
[17.15]
[16.64]
[16.94]
[16.89]
[16.85]
[16.85]
[16.82]
[22.09]
[48.14]
[54.09]
[52.25]
[50.82]
[26.21]
[24.32]
[46.38]
[54.6]
[55.32]
[58.59]
[42.22]
[59.61]
[52.27]
[91.07]
[134.99]
[99.13]
[93.08]
[89.49]
[90.15]
[90.7]
[92.91]
[90.54]
[92.41]
[91.17]
[89.85]
[54.37]
[55.31]
[91.98]
[89.63]
[92.51]
[92.65]
[53.92]
[58.15]
[118.86]
[121.02]
[128.01]
[129.11]
[130.04]
[130.07]
[129.96]
[130.52]
[93.73]
[94.19]
[93.43]
[94.32]
[94.03]
[49.04]
[42.92]
[63.69]
[56.03]
[54.7]
[38.34]
[11.79]
[11.72]
[12.96]
[33.11]
[57.23]
[47.44]
[52.93]
[38.46]
[13.38]
[10.84]
[32.12]
[12.86]
[13.04]
[11.96]
[9.06]
[9.09]
[9.87]
[13.99]
[13.87]
[12.77]
[11.54]
[13.62]
[10.08]
[9.89]
[11.66]
[11.41]
[10.97]
[12.27]
[12.58]
[13.52]
[14.11]
[18.19]
[19.12]
[13.6]
[13.55]
[13.48]
[13.43]
[13.64]
[13.07]
[13.76]
[13.75]
[12.85]
[13.71]
[11.22]
[9.92]
[11.7]
[12.05]
[15.5]
[15.5]
[20.41]
[11.86]
[11.21]
[12.16]
[10.03]
[8.58]
[11.93]
[24.96]
[9.81]
[9.12]
[11.89]
[11.97]
[19.72]
[18.14]
[16.04]
[11.71]
[13.74]
[39.18]
[46.43]
[42.22]
[40.7]
[29.17]
[11.6]
[7.7]
[7.77]
[5.18]
[5.21]
[5.24]
[5.27]
[5.28]
[5.29]
[5.31]
[5.33]
[5.34]
[5.35]
[5.36]
[5.37]
[5.38]
[5.39]