0.8664785946827098, 0.8918274408762719, 10.07282056411219, 222.43227002095503[6.3049054]
[4.793466]
[3.4240203]
[4.669121]
[4.62642]
[1.7366525]
[0.6709231]
[0.57310456]
[0.6068629]
[0.6174143]
[0.4779171]
[0.6036608]
[0.40487942]
[2.281971]
[3.0847242]
[3.298946]
[3.57414]
[4.7752748]
[7.1548767]
[5.4024806]
[3.4098656]
[3.860305]
[3.8187723]
[3.8540864]
[3.7591105]
[3.8467078]
[3.8669987]
[3.809]
[3.6832676]
[3.6726732]
[3.6514304]
[3.9206228]
[3.9766226]
[3.802364]
[3.8783925]
[3.9772036]
[3.821885]
[4.207514]
[7.2662635]
[5.601978]
[4.8537364]
[5.268951]
[5.005075]
[4.5446415]
[5.7813897]
[6.4969635]
[6.5334735]
[6.62264]
[6.723334]
[7.353499]
[7.193259]
[6.7953978]
[6.6020527]
[6.746411]
[6.534072]
[6.6114154]
[6.635585]
[6.651595]
[6.575426]
[6.6171]
[6.655279]
[6.6532393]
[6.620795]
[6.7783384]
[6.821916]
[7.0960255]
[7.6096745]
[7.389399]
[7.0546465]
[7.3628917]
[9.241888]
[5.9131646]
[5.7502728]
[6.832615]
[28.058142]
[18.01058]
[9.055783]
[8.932492]
[8.983418]
[9.0652]
[9.283639]
[9.323345]
[9.272459]
[9.535741]
[9.563859]
[9.448788]
[9.60346]
[9.7766695]
[9.88776]
[9.809727]
[10.009548]
[10.168542]
[10.633788]
[10.147714]
[10.061381]
[10.2762165]
[10.22932]
[10.077517]
[10.013628]
[9.901474]
[10.7245865]
[11.044982]
[10.958701]
[11.619483]
[11.840578]
[12.178248]
[15.270009]
[18.999796]
[19.742992]
[39.353218]
[64.19617]
[41.10436]
[75.015114]
[81.06182]
[84.77562]
[92.035645]
[139.49477]
[97.42163]
[76.75668]
[59.263065]
[59.697136]
[58.909927]
[53.299942]
[49.303604]
[49.05973]
[47.58559]
[40.5554]
[43.809345]
[48.4771]
[46.25953]
[45.859066]
[50.061214]
[35.035595]
[26.70761]
[38.760464]
[44.013493]
[42.065876]
[43.87573]
[41.213123]
[26.26983]
[22.345915]
[40.80789]
[46.154873]
[77.018105]
[103.2702]
[151.7432]
[170.9359]
[189.1988]
[209.97548]
[184.09708]
[154.814]
[142.95242]
[127.41597]
[105.568565]
[86.753654]
[101.27021]
[112.24247]
[114.55587]
[117.3654]
[127.42333]
[115.43531]
[100.808174]
[92.97471]
[89.4841]
[87.328804]
[85.89101]
[89.84052]
[77.793335]
[69.6217]
[74.11105]
[75.321266]
[71.186905]
[70.43746]
[67.45412]
[61.229023]
[56.707703]
[53.114834]
[53.711864]
[44.47409]
[49.254986]
[52.753124]
[48.251774]
[45.880062]
[52.07797]
[49.20121]
[44.171867]
[40.812393]
[41.394287]
[40.228745]
[42.064007]
[45.13117]
[59.515858]
[67.78283]
[60.26316]
[63.27838]
[57.317245]
[55.818512]
[87.35242]
[93.6583]
[85.98254]
[81.08804]
[76.50511]
[76.86464]
[75.843575]
[80.52838]
[87.79642]
[88.13991]
[96.05427]
[100.43082]
[80.35743]
[72.03485]
[75.63268]
[61.023006]
[66.27989]
[56.070877]
[58.40754]
[43.33419]
[28.809566]
[42.71447]
[38.847908]
[33.943363]
[28.522696]
[28.985191]
[24.209145]
[18.381866]
[20.338026]
[25.698896]
[32.988575]
[34.705597]
[37.487797]
[31.820354]
[21.60789]
[36.615982]
[44.5163]
[39.67344]
[37.424725]
[27.195992]
[22.369812]
[22.392767]
[24.810041]
[29.392494]
[35.310993]
[34.931442]
[37.928596]
[24.237816]
[16.149164]
[32.91469]
[35.534283]
[35.740036]
[36.370316]
[33.778076]
[23.29928]
[17.980463]
[25.98091]
[30.053434]
[24.908152]
[27.937054]
[29.14727]
[18.811619]
[11.865039]
[20.331821]
[25.928467]
[25.100245]
[23.298914]
[21.625053]
[17.767525]
[13.749428]
[16.310987]
[19.873978]
[16.850311]
[17.039314]
[32.871887]
[23.86891]
[14.492655]
[20.963316]
[25.451262]
[24.767908]
[23.060867]
[21.515467]
[12.703001]
[6.578874]
[14.932217]
[17.993866]
[19.897844]
[21.433212]
[19.830256]
[10.913877]
[4.6444035]
[3.547454]
[2.531144]
[1.8618083]
[2.3962972]
[2.5359843]
[2.4484131]
[2.1822112]
[1.8418068]
[1.9567075]
[1.8234742]
[1.8491539]
[1.591692]
[1.5039251]
[1.4214791]
[1.4376612]
[1.3442782]
[1.2183435]
[1.1567967]
[1.0709327]
[1.0709327]
[1.0709327]
[1.0709327]
[0.84708893]
[2.092582]
[6.5336485]
[7.5645123]
[8.773041]
[6.0633464]
[4.6865606]
[5.9396386]
[9.534605]
[9.798622]
[7.456102]
[4.6475863]
[1.7275743]
[2.72962]
[4.275717]
[3.337747]
[3.1680453]
[3.8327622]
[5.1031613]
[5.6513486]
[4.7775044]
[5.1244397]
[11.441316]
[9.286189]
[6.2114115]
[3.7630904]
[4.929854]
[6.678698]
[6.5466294]
[2.6702058]
[0.638058]
[0.6583331]
[1.0468348]
[3.6368978]
[4.447379]
[4.4548573]
[2.6798573]
[0.94358796]
[0.6441003]
[0.71261305]
[0.5756135]
[0.6875824]
[1.5223119]
[1.1662797]
[0.6779999]
[0.5677757]
[0.75304455]
[0.52618074]
[0.93058753]
[1.4355084]
[1.057255]
[0.92002827]
[0.9191542]
[0.7236495]
[0.826893]
[0.84064525]
[0.8586624]
[0.9311472]
[1.0347875]
[1.0984983]
[0.8812973]
[0.69770294]
[0.92498964]
[0.9153846]
[0.9175555]
[0.9046365]
[2.4827187]
[3.2530894]
[7.058768]
[5.4095316]
[3.550862]
[4.2699547]
[4.560567]
[3.795076]
[5.8314805]
[6.3893566]
[4.9241724]
[5.57905]
[6.5957594]
[5.313063]
[4.6848373]
[6.6155324]
[7.698741]
[7.5005565]
[7.5218005]
[11.50891]
[8.73714]
[5.6761475]
[7.902635]
[11.696754]
[15.951488]
[12.36931]
[8.498845]
[7.473875]
[6.413911]
[6.1509843]
[6.8846397]
[7.3005824]
[8.056626]
[8.393518]
[7.8513594]
[7.726585]
[8.428666]
[8.333042]
[8.368561]
[8.991916]
[9.112014]
[8.401685]
[7.8042865]
[8.488944]
[8.852849]
[8.88829]
[8.997515]
[8.634081]
[8.194291]
[8.11115]
[9.032618]
[10.404341]
[9.926444]
[8.690586]
[9.852033]
[10.284977]
[9.163501]
[9.520496]
[9.718957]
[9.081591]
[10.416881]
[10.377227]
[10.342654]
[10.384957]
[10.299818]
[10.203898]
[10.150157]
[10.4006405]
[10.336679]
[12.023569]
[15.093086]
[15.067988]
[11.840383]
[10.373396]
[10.781318]
[10.751223]
[11.283567]
[11.062725]
[10.845178]
[10.857285]
[11.0037775]
[11.244091]
[11.214272]
[11.238561]
[11.073084]
[10.879827]
[10.777389]
[10.811678]
[10.869504]
[11.047122]
[11.065922]
[11.052536]
[10.985705]
[10.948513]
[10.963628]
[11.097026]
[11.097017]
[10.982271]
[10.920584]
[10.938419]
[11.068702]
[11.044667]
[11.08038]
[11.182229]
[11.250026]
[11.281149]
[11.1241665]
[11.152096]
[11.147415]
[10.932479]
[11.159605]
[11.290455]
[11.135209]
[11.02017]
[10.941382]
[10.931182]
[10.702849]
[11.057972]
[11.185795]
[11.287327]
[11.474241]
[11.433198]
[11.821199]
[12.303762]
[14.090045]
[14.98189]
[38.879166]
[14.469037]
[12.365791]
[13.130628]
[12.792311]
[12.970094]
[12.910909]
[12.595667]
[12.4885235]
[12.421058]
[12.16235]
[12.02229]
[11.712234]
[11.570518]
[11.670047]
[11.653478]
[11.964678]
[11.583907]
[11.315388]
[11.205501]
[11.243102]
[10.684864]
[10.948439]
[10.112792]
[9.499045]
[9.187345]
[9.535281]
[9.919979]
[10.503053]
[10.250013]
[9.586767]
[9.320594]
[9.236001]
[9.038861]
[8.95603]
[9.235485]
[8.953195]
[8.882196]
[8.706186]
[8.688765]
[8.544144]
[8.4360895]
[8.342187]
[8.474511]
[8.969676]
[10.070441]
[10.718023]
[10.367362]
[9.704737]
[9.499207]
[9.398218]
[8.851381]
[8.9790125]
[9.141665]
[8.714016]
[7.624522]
[6.5474076]
[6.6280184]
[6.5550594]
[6.3710814]
[6.283953]
[5.9978113]
[5.9613514]
[5.7567763]
[5.7985544]
[5.7579985]
[5.586059]
[5.721632]
[5.569661]
[5.6918025]
[5.5695004]
[5.582646]
[5.4917445]
[5.476736]
[5.3703628]
[5.3757563]
[5.275188]
[5.3144155]
[5.3305273]
[5.332965]
[5.2466273]
[5.2832656]
[5.368512]
[5.295088]
[5.143525]
[4.862933]
[4.767186]
[4.5028]
[4.492478]
[4.658834]
[4.596065]
[4.5047784]
[4.427077]
[4.39808]
[4.7533035]
[5.842005]
[6.6519814]
[5.021929]
[4.9538093]
[4.7551374]
[4.6491194]
[4.5747056]
[4.4756107]
[4.452922]
[4.5326304]
[4.319824]
[4.373211]
[4.3283186]
[4.1720133]
[4.424387]
[4.79877]
[4.712007]
[4.561382]
[4.8467035]
[4.485754]
[4.079243]
[3.884929]
[3.8299468]
[3.7301123]
[3.654837]
[3.7932215]
[3.7660596]
[3.652751]
[3.6147718]
[3.7202392]
[3.6134489]
[3.6462812]
[3.6636438]
[3.654127]
[3.5950587]
[3.6872408]
[3.5925586]
[3.6137395]
[3.5251596]
[3.5755298]
[3.66548]
[3.4595222]
[3.569042]
[3.6852915]
[3.6613936]
[3.6040509]
[3.7434938]
[3.7714188]
[3.959537]
[3.9424832]
[2.9806406]
[2.4796522]
[2.2777636]
[1.8758206]
[1.8062779]
[1.7239438]
[1.8124716]
[1.7170637]
[1.7539958]
[1.8304199]
[1.737851]
[1.7674835]
[1.7568169]
[1.7648604]
[1.7726122]
[1.6866747]
[1.7378488]
[1.6733307]
[1.646769]
[1.7699937]
[1.820591]
[1.767142]
[1.8088139]
[1.814119]
[1.831407]
[1.8435345]
[1.8478253]
[1.853785]
[1.8689858]
[1.8273184]
[1.8076063]
[1.7649983]
[2.0878513]
[2.1490588]
[4.565915]
[3.2926493]
[3.0504818]
[3.7359397]
[2.6201468]
[2.036822]
[2.077544]
[2.0406392]
[2.2041562]
[2.1324775]
[2.1653562]
[2.1563132]
[2.1881166]
[2.1706781]
[3.5792847]
[3.0852523]
[2.3117719]
[2.3164246]
[2.3216867]
[2.3272157]
[2.3324935]
[2.2095404]
[2.2624817]
[2.2229252]
[3.6962612]
[2.9184325]
[2.2085116]
[2.3771505]
[2.2668743]
[2.2421398]
[2.3984704]
[2.291723]
[2.3512242]
[2.411897]
[2.3594477]
[2.404646]
[2.3849137]
[2.4083796]
[2.4155548]
[2.5067317]
[2.429645]
[2.4878404]
[2.452626]
[2.5339334]
[2.547802]
[2.5847907]
[2.4729993]
[2.583807]
[2.6266503]
[2.5412827]
[2.6359284]
[2.6465206]
[2.5779207]
[2.6783793]
[2.6166666]
[2.6120534]
[4.8865843]
[5.6580386]
[5.8749094]
[5.7134504]
[5.9141593]
[6.074221]
[6.0668154]
[6.0457015]
[6.51801]
[6.276663]
[6.511267]
[6.268817]
[6.501532]
[6.2581124]
[6.4902334]
[6.719514]
[6.2190824]
[6.1018577]
[6.1473327]
[6.2760854]
[6.41571]
[6.4587398]
[6.3969555]
[6.6464405]
[6.5421567]
[6.8727446]
[6.833315]
[6.5709944]
[7.0779734]
[7.289336]
[7.267983]
[8.554664]
[9.173031]
[9.147116]
[9.565336]
[9.312922]
[9.513853]
[10.152059]
[10.340827]
[12.390462]
[13.447735]
[12.517972]
[10.622121]
[9.915201]
[9.995386]
[10.277861]
[11.97551]
[10.707637]
[10.071059]
[9.960136]
[10.076808]
[9.584268]
[9.21674]
[9.196631]
[9.617197]
[9.823244]
[10.293737]
[10.259884]
[9.722414]
[9.861497]
[9.750181]
[10.435855]
[10.934307]
[11.234318]
[11.48171]
[11.321506]
[11.351302]
[11.17199]
[10.7194805]
[11.32557]
[12.833017]
[16.024683]
[19.319485]
[16.086493]
[14.755523]
[11.982333]
[13.46154]
[14.640765]
[14.466955]
[14.004101]
[13.793109]
[13.348619]
[13.165841]
[13.106458]
[12.797217]
[13.103047]
[14.649276]
[14.360859]
[14.484383]
[14.57097]
[14.764033]
[14.927443]
[15.093421]
[15.958008]
[16.439377]
[17.831627]
[19.585032]
[15.075711]
[15.282679]
[15.5534725]
[16.582552]
[17.456234]
[16.70557]
[16.938349]
[16.787619]
[16.21676]
[16.230103]
[16.053476]
[15.600544]
[15.064185]
[14.811218]
[14.690222]
[14.453818]
[14.263011]
[14.286118]
[14.415857]
[15.478157]
[15.528815]
[14.812294]
[13.805917]
[13.293818]
[13.163451]
[12.824161]
[13.14105]
[13.343966]
[13.492494]
[14.409398]
[13.740416]
[13.467149]
[13.389338]
[13.186171]
[13.714894]
[13.312195]
[14.007012]
[19.741415]
[23.393866]
[20.494091]
[29.62325]
[28.450811]
[26.841686]
[23.14538]
[18.751942]
[4.6819463]
[8.646676]
[13.608376]
[12.673294]
[15.452038]
[31.167131]
[38.74652]
[44.997612]
[54.878716]
[49.789608]
[43.4758]
[58.397217]
[67.51618]
[68.22181]
[64.03781]
[56.525837]
[71.17055]
[97.27163]
[94.26904]
[115.72355]
[118.06588]
[124.87904]
[110.60293]
[103.30313]
[97.487595]
[98.04118]
[95.12839]
[89.42914]
[84.73121]
[83.30308]
[74.86474]
[74.68468]
[83.16712]
[82.74468]
[82.90246]
[85.53807]
[93.25139]
[91.75513]
[103.69671]
[119.47264]
[136.2614]
[137.09218]
[128.84491]
[127.48111]
[130.97937]
[126.47936]
[105.4557]
[100.40914]
[97.210464]
[93.22588]
[90.4988]
[66.38103]
[52.921223]
[56.78005]
[55.537464]
[51.56704]
[43.253197]
[27.83685]
[21.417274]
[21.541685]
[29.718657]
[41.52239]
[40.146458]
[40.100445]
[35.691105]
[22.100658]
[15.601382]
[25.102634]
[20.951561]
[15.876469]
[15.443407]
[13.543872]
[12.473249]
[12.219496]
[13.746126]
[14.126902]
[13.159974]
[12.1514015]
[12.421215]
[11.420813]
[10.668144]
[11.6250925]
[11.741914]
[11.025886]
[11.114409]
[11.237663]
[11.258263]
[11.474719]
[12.828681]
[13.626523]
[11.253043]
[10.183371]
[10.98749]
[11.63228]
[11.57976]
[10.91721]
[10.708941]
[10.711517]
[10.131068]
[10.303067]
[9.310615]
[8.122528]
[8.809556]
[10.122226]
[11.926018]
[12.604931]
[14.674816]
[12.876236]
[11.904651]
[12.222513]
[11.020749]
[9.275732]
[9.774163]
[14.985478]
[11.002468]
[7.4991446]
[8.23029]
[8.5605955]
[11.092322]
[11.737219]
[10.427139]
[8.293885]
[7.935673]
[17.537554]
[23.605247]
[24.249094]
[22.969255]
[18.58817]
[12.518569]
[8.049193]
[8.232476]
[5.9553757]
[4.8760476]
[4.293595]
[3.9097006]
[3.0783315]
[3.2257388]
[3.1660903]
[3.5943768]
[3.031247]
[3.1709669]
[2.9620852]
[2.8397188]
[2.8324893][10.25]
[9.45]
[13.02]
[10.69]
[5.31]
[5.25]
[5.26]
[5.31]
[5.31]
[5.3]
[5.29]
[5.3]
[9.25]
[9.31]
[9.28]
[9.29]
[9.27]
[9.26]
[9.25]
[9.26]
[9.26]
[9.27]
[9.25]
[9.25]
[9.32]
[9.28]
[9.26]
[9.22]
[9.21]
[9.23]
[9.23]
[9.06]
[9.24]
[9.25]
[9.24]
[9.29]
[9.55]
[9.28]
[9.27]
[9.27]
[9.25]
[9.24]
[9.28]
[12.21]
[12.29]
[12.32]
[12.27]
[12.3]
[12.29]
[12.25]
[12.25]
[12.25]
[12.29]
[12.3]
[12.3]
[12.31]
[12.36]
[12.34]
[12.35]
[12.36]
[12.37]
[12.39]
[12.39]
[12.4]
[12.36]
[12.39]
[12.4]
[12.41]
[12.52]
[12.25]
[12.25]
[12.03]
[12.31]
[26.75]
[15.2]
[15.05]
[15.12]
[15.03]
[15.09]
[15.17]
[15.22]
[15.41]
[15.4]
[15.43]
[15.24]
[15.14]
[15.08]
[15.29]
[15.3]
[15.23]
[15.22]
[15.17]
[15.21]
[15.24]
[15.21]
[15.26]
[15.09]
[15.03]
[14.94]
[15.09]
[15.28]
[15.3]
[15.52]
[15.38]
[15.46]
[15.26]
[15.55]
[15.54]
[15.27]
[22.36]
[17.87]
[15.85]
[42.75]
[82.22]
[94.05]
[93.25]
[90.97]
[55.68]
[49.63]
[58.09]
[56.67]
[54.59]
[53.59]
[58.05]
[53.08]
[41.74]
[57.88]
[58.89]
[56.17]
[56.45]
[59.98]
[24.57]
[23.68]
[48.95]
[58.59]
[52.66]
[61.65]
[55.39]
[15.63]
[15.57]
[49.45]
[48.02]
[57.5]
[95.04]
[91.35]
[127.12]
[159.08]
[215.85]
[192.9]
[144.63]
[136.75]
[131.02]
[99.64]
[86.83]
[129.19]
[131.03]
[129.73]
[130.49]
[130.52]
[92.3]
[87.76]
[90.33]
[91.84]
[90.24]
[92.4]
[96.82]
[52.74]
[45.22]
[55.96]
[60.38]
[51.61]
[55.5]
[62.81]
[54.04]
[56.12]
[53.08]
[60.33]
[38.11]
[64.66]
[62.07]
[50.21]
[45.53]
[67.12]
[58.52]
[53.52]
[50.52]
[53.77]
[41.06]
[38.17]
[35.45]
[50.08]
[57.71]
[43.73]
[61.41]
[54.5]
[42.43]
[96.98]
[93.31]
[95.73]
[93.08]
[91.61]
[94.94]
[85.74]
[88.4]
[98.74]
[90.94]
[95.37]
[98.5]
[45.13]
[47.61]
[67.66]
[39.1]
[71.69]
[37.29]
[69.59]
[19.53]
[12.7]
[49.99]
[27.12]
[31.05]
[19.21]
[28.46]
[14.31]
[9.94]
[17.83]
[28.86]
[44.83]
[46.46]
[52.06]
[24.01]
[9.42]
[50.97]
[57.23]
[44.2]
[37.8]
[12.15]
[9.41]
[10.47]
[20.43]
[33.31]
[48.25]
[44.01]
[55.45]
[12.7]
[10.36]
[51.64]
[50.92]
[50.38]
[49.93]
[49.1]
[13.79]
[10.13]
[29.22]
[34.2]
[23.2]
[39.35]
[38.77]
[14.08]
[10.2]
[32.49]
[35.58]
[33.86]
[32.24]
[29.9]
[23.23]
[16.87]
[24.9]
[28.37]
[17.49]
[16.74]
[47.53]
[16.06]
[15.03]
[32.65]
[36.66]
[33.79]
[32.62]
[31.6]
[12.79]
[8.68]
[29.3]
[28.48]
[33.01]
[32.79]
[29.71]
[12.11]
[7.79]
[7.39]
[5.3]
[5.33]
[5.36]
[5.41]
[5.44]
[5.46]
[5.48]
[5.51]
[5.52]
[5.54]
[5.55]
[5.56]
[5.57]
[5.58]
[5.41]
[5.59]
[5.59]
[5.59]
[5.59]
[5.59]
[5.59]
[5.52]
[9.82]
[15.53]
[16.95]
[20.82]
[11.7]
[14.18]
[15.4]
[23.39]
[19.41]
[16.47]
[11.42]
[6.71]
[12.54]
[12.67]
[10.63]
[11.37]
[12.05]
[14.44]
[14.47]
[12.32]
[14.46]
[13.82]
[14.57]
[14.58]
[8.47]
[14.78]
[14.81]
[14.47]
[5.31]
[5.31]
[5.29]
[6.65]
[12.03]
[10.97]
[11.68]
[7.09]
[5.32]
[5.32]
[5.33]
[5.32]
[5.32]
[7.66]
[5.32]
[5.32]
[5.32]
[5.29]
[5.21]
[5.09]
[5.1]
[5.1]
[5.1]
[5.11]
[5.11]
[5.1]
[5.12]
[5.22]
[5.48]
[5.49]
[5.27]
[5.12]
[5.13]
[5.12]
[5.12]
[5.11]
[5.16]
[8.76]
[8.76]
[8.94]
[8.95]
[8.95]
[10.8]
[10.34]
[8.93]
[12.82]
[12.41]
[9.78]
[12.71]
[13.05]
[9.78]
[9.61]
[13.47]
[13.71]
[13.82]
[13.8]
[20.11]
[12.1]
[10.21]
[15.44]
[19.36]
[24.22]
[16.35]
[13.82]
[12.91]
[11.05]
[11.21]
[12.63]
[12.73]
[13.93]
[14.]
[12.75]
[12.72]
[14.06]
[13.64]
[13.18]
[14.13]
[14.47]
[12.97]
[12.08]
[13.53]
[13.92]
[14.]
[14.03]
[13.47]
[12.53]
[12.61]
[12.89]
[13.87]
[13.64]
[12.29]
[13.75]
[12.77]
[12.77]
[13.97]
[13.97]
[12.95]
[15.58]
[14.78]
[14.97]
[14.82]
[14.67]
[14.69]
[14.7]
[14.81]
[14.7]
[17.5]
[18.04]
[19.37]
[14.58]
[14.62]
[14.69]
[14.75]
[14.6]
[14.39]
[14.42]
[14.49]
[14.55]
[14.59]
[14.62]
[14.6]
[14.31]
[14.23]
[14.12]
[14.15]
[14.3]
[14.52]
[14.49]
[14.43]
[14.23]
[14.17]
[14.28]
[14.37]
[14.29]
[14.2]
[14.09]
[14.11]
[14.23]
[14.04]
[14.13]
[14.15]
[14.07]
[14.02]
[13.88]
[13.88]
[13.78]
[13.82]
[13.92]
[14.08]
[13.97]
[13.86]
[13.82]
[13.83]
[13.99]
[14.01]
[13.84]
[13.78]
[13.71]
[13.96]
[14.1]
[13.99]
[13.72]
[16.98]
[13.92]
[13.67]
[13.53]
[13.42]
[13.41]
[13.36]
[14.17]
[14.52]
[14.48]
[14.44]
[14.41]
[14.38]
[14.37]
[14.35]
[14.34]
[14.31]
[15.25]
[14.32]
[14.31]
[14.29]
[14.29]
[14.58]
[14.56]
[12.15]
[11.95]
[11.88]
[11.87]
[11.82]
[13.39]
[11.95]
[11.94]
[11.89]
[11.86]
[11.86]
[11.84]
[11.83]
[11.81]
[11.86]
[11.86]
[11.8]
[11.8]
[11.79]
[11.78]
[11.77]
[11.96]
[11.94]
[11.9]
[11.85]
[11.35]
[11.83]
[11.8]
[12.]
[12.06]
[12.03]
[9.66]
[9.6]
[9.59]
[9.63]
[9.74]
[9.73]
[9.68]
[9.68]
[9.7]
[9.68]
[9.68]
[9.67]
[9.67]
[9.73]
[9.77]
[9.75]
[9.77]
[9.77]
[9.77]
[9.74]
[9.74]
[9.73]
[9.72]
[9.75]
[9.75]
[9.79]
[9.77]
[9.77]
[9.78]
[9.77]
[9.09]
[9.09]
[8.91]
[8.69]
[8.69]
[8.66]
[8.69]
[8.7]
[8.7]
[8.66]
[8.67]
[8.77]
[8.78]
[8.78]
[8.77]
[8.78]
[8.77]
[8.74]
[8.74]
[8.77]
[8.77]
[8.77]
[8.76]
[8.77]
[8.76]
[8.77]
[8.77]
[8.76]
[8.76]
[8.77]
[8.71]
[8.26]
[8.23]
[8.06]
[8.02]
[8.01]
[8.04]
[8.06]
[8.04]
[8.05]
[8.06]
[8.05]
[8.05]
[8.07]
[8.07]
[8.06]
[8.04]
[8.08]
[8.07]
[8.07]
[8.03]
[8.1]
[8.09]
[8.1]
[8.11]
[8.1]
[8.11]
[8.12]
[8.11]
[8.11]
[8.13]
[6.13]
[6.11]
[5.91]
[5.29]
[5.35]
[5.29]
[5.31]
[5.3]
[5.3]
[5.3]
[5.31]
[5.3]
[5.27]
[5.29]
[5.29]
[5.29]
[5.3]
[5.3]
[5.34]
[5.31]
[5.31]
[5.32]
[5.32]
[5.31]
[5.33]
[5.32]
[5.32]
[5.31]
[5.33]
[5.32]
[5.34]
[5.34]
[5.89]
[5.74]
[5.51]
[5.5]
[7.49]
[7.16]
[5.55]
[5.56]
[5.48]
[5.43]
[5.41]
[5.42]
[5.48]
[5.44]
[5.44]
[5.44]
[7.99]
[5.37]
[5.4]
[5.41]
[5.38]
[5.38]
[5.39]
[5.38]
[5.38]
[5.43]
[5.4]
[5.41]
[5.42]
[5.41]
[5.41]
[5.41]
[5.41]
[5.42]
[5.44]
[5.44]
[5.45]
[5.47]
[5.47]
[5.4]
[5.42]
[5.44]
[5.46]
[5.47]
[5.46]
[5.46]
[5.47]
[5.47]
[5.42]
[5.48]
[5.49]
[5.48]
[5.46]
[5.46]
[5.5]
[5.51]
[5.48]
[5.46]
[9.04]
[9.13]
[9.13]
[9.16]
[9.17]
[9.17]
[9.19]
[9.21]
[9.24]
[9.24]
[9.22]
[9.2]
[9.27]
[9.28]
[9.28]
[9.29]
[9.32]
[9.33]
[9.33]
[9.34]
[9.36]
[9.37]
[9.38]
[9.41]
[9.41]
[9.41]
[9.41]
[9.42]
[9.83]
[9.49]
[9.52]
[12.18]
[12.29]
[12.29]
[12.33]
[12.37]
[12.42]
[12.45]
[12.39]
[15.27]
[16.55]
[14.11]
[12.06]
[12.15]
[12.22]
[12.2]
[14.89]
[12.24]
[12.29]
[12.3]
[12.82]
[12.19]
[12.16]
[12.29]
[12.32]
[12.3]
[12.41]
[12.47]
[12.46]
[12.66]
[12.65]
[14.68]
[15.59]
[15.66]
[15.62]
[15.61]
[15.62]
[15.55]
[15.55]
[15.53]
[15.48]
[15.58]
[15.63]
[15.67]
[15.73]
[15.76]
[15.69]
[15.74]
[15.74]
[15.7]
[15.75]
[15.81]
[15.74]
[15.69]
[15.67]
[15.67]
[15.69]
[15.71]
[15.78]
[15.82]
[15.85]
[15.84]
[15.82]
[15.81]
[15.68]
[15.65]
[15.45]
[15.76]
[15.72]
[15.72]
[15.72]
[15.86]
[15.62]
[15.55]
[15.84]
[15.47]
[15.85]
[15.91]
[15.89]
[15.6]
[15.96]
[15.99]
[15.84]
[15.77]
[15.99]
[15.57]
[15.56]
[15.78]
[15.69]
[15.67]
[15.63]
[15.75]
[15.5]
[15.92]
[15.96]
[15.99]
[16.2]
[15.99]
[15.99]
[15.96]
[15.93]
[15.94]
[15.96]
[15.89]
[15.75]
[15.57]
[14.85]
[16.98]
[17.18]
[17.15]
[16.64]
[16.94]
[16.89]
[16.85]
[16.85]
[16.82]
[22.09]
[48.14]
[54.09]
[52.25]
[50.82]
[26.21]
[24.32]
[46.38]
[54.6]
[55.32]
[58.59]
[42.22]
[59.61]
[52.27]
[91.07]
[134.99]
[99.13]
[93.08]
[89.49]
[90.15]
[90.7]
[92.91]
[90.54]
[92.41]
[91.17]
[89.85]
[54.37]
[55.31]
[91.98]
[89.63]
[92.51]
[92.65]
[53.92]
[58.15]
[118.86]
[121.02]
[128.01]
[129.11]
[130.04]
[130.07]
[129.96]
[130.52]
[93.73]
[94.19]
[93.43]
[94.32]
[94.03]
[49.04]
[42.92]
[63.69]
[56.03]
[54.7]
[38.34]
[11.79]
[11.72]
[12.96]
[33.11]
[57.23]
[47.44]
[52.93]
[38.46]
[13.38]
[10.84]
[32.12]
[12.86]
[13.04]
[11.96]
[9.06]
[9.09]
[9.87]
[13.99]
[13.87]
[12.77]
[11.54]
[13.62]
[10.08]
[9.89]
[11.66]
[11.41]
[10.97]
[12.27]
[12.58]
[13.52]
[14.11]
[18.19]
[19.12]
[13.6]
[13.55]
[13.48]
[13.43]
[13.64]
[13.07]
[13.76]
[13.75]
[12.85]
[13.71]
[11.22]
[9.92]
[11.7]
[12.05]
[15.5]
[15.5]
[20.41]
[11.86]
[11.21]
[12.16]
[10.03]
[8.58]
[11.93]
[24.96]
[9.81]
[9.12]
[11.89]
[11.97]
[19.72]
[18.14]
[16.04]
[11.71]
[13.74]
[39.18]
[46.43]
[42.22]
[40.7]
[29.17]
[11.6]
[7.7]
[7.77]
[5.18]
[5.21]
[5.24]
[5.27]
[5.28]
[5.29]
[5.31]
[5.33]
[5.34]
[5.35]
[5.36]
[5.37]
[5.38]
[5.39]