0.8886524799671768, 0.9007818929193804, -6.109041419551497, 203.12464582707454[12.709147]
[9.938373]
[8.749147]
[10.580746]
[9.632082]
[6.37782]
[5.65992]
[5.7800083]
[5.7315]
[5.714605]
[5.7235155]
[5.6033096]
[5.6940675]
[7.855985]
[8.488396]
[8.399326]
[8.488961]
[8.606582]
[10.572195]
[12.104788]
[10.529674]
[9.593645]
[9.225846]
[9.141556]
[9.014653]
[9.016348]
[9.01659]
[9.009011]
[8.855794]
[8.814628]
[8.69927]
[8.7730665]
[8.970015]
[9.013348]
[8.886257]
[8.992322]
[8.966275]
[8.866786]
[12.960868]
[10.109186]
[9.337881]
[9.990297]
[10.37491]
[10.166404]
[11.595707]
[11.825183]
[11.662401]
[11.74913]
[11.576298]
[12.148764]
[12.497896]
[12.339258]
[11.851172]
[11.921823]
[11.732388]
[11.653064]
[11.664087]
[11.731256]
[11.618072]
[11.58693]
[11.60859]
[11.655703]
[11.5311365]
[11.623967]
[11.644876]
[11.558635]
[12.176671]
[12.55881]
[12.026711]
[12.247336]
[14.76598]
[9.760555]
[11.025817]
[11.723336]
[37.410004]
[19.742748]
[13.838973]
[13.852194]
[13.806403]
[13.80623]
[14.008168]
[14.26669]
[14.154488]
[14.311486]
[14.5042095]
[14.205795]
[14.184509]
[14.438845]
[14.82035]
[14.534683]
[14.611258]
[14.283612]
[15.236826]
[14.853071]
[14.713015]
[14.995107]
[14.929757]
[14.763676]
[14.750263]
[14.186769]
[14.619024]
[15.166401]
[14.706545]
[15.0235195]
[14.988094]
[15.254833]
[17.71461]
[22.61744]
[21.334614]
[31.692102]
[68.24415]
[33.98622]
[79.362366]
[85.85489]
[83.01984]
[94.3154]
[134.58127]
[95.83998]
[73.01392]
[61.940422]
[62.545654]
[60.853546]
[56.68708]
[52.766617]
[53.027645]
[50.188427]
[42.703873]
[48.625523]
[51.469856]
[49.602726]
[49.491196]
[52.889618]
[34.83619]
[29.973667]
[43.315926]
[49.160812]
[45.461742]
[48.528572]
[44.915447]
[25.330841]
[24.387415]
[46.716103]
[49.894627]
[70.58968]
[105.54454]
[149.91068]
[164.41032]
[185.0919]
[209.71005]
[189.72612]
[150.8381]
[146.91031]
[131.35011]
[107.67794]
[88.35123]
[108.74243]
[115.280365]
[116.3695]
[119.58643]
[127.54365]
[111.14639]
[101.56009]
[96.63639]
[94.89002]
[90.565506]
[89.33252]
[92.44699]
[71.72806]
[66.573296]
[75.00846]
[74.81949]
[72.16573]
[69.537704]
[70.8292]
[62.736446]
[59.5538]
[55.85259]
[57.327873]
[45.433903]
[54.629448]
[55.70916]
[49.947643]
[47.499977]
[57.12273]
[52.60043]
[47.171593]
[43.907482]
[44.865437]
[41.628925]
[43.361874]
[46.37127]
[60.57503]
[67.36693]
[60.991524]
[65.342]
[60.07363]
[55.907314]
[91.083565]
[94.93744]
[91.279106]
[84.720505]
[80.41304]
[80.967606]
[77.43871]
[82.37642]
[91.5259]
[89.15901]
[96.155556]
[101.039696]
[75.14754]
[70.73271]
[77.60834]
[62.10624]
[71.595085]
[54.634247]
[64.35786]
[41.01114]
[30.486794]
[48.25457]
[39.24809]
[37.302273]
[30.742933]
[33.23328]
[26.34026]
[21.392366]
[24.702885]
[30.128016]
[36.478783]
[37.27847]
[40.407154]
[31.64775]
[23.7071]
[42.592197]
[48.1649]
[41.611214]
[38.87476]
[28.09072]
[24.863878]
[26.885479]
[29.263765]
[33.61004]
[38.83]
[37.08698]
[41.01111]
[23.455763]
[19.369278]
[38.731094]
[39.17593]
[38.176212]
[38.272163]
[36.657143]
[23.014847]
[21.054066]
[31.600328]
[33.469467]
[27.238098]
[31.921728]
[31.5809]
[20.062641]
[15.307119]
[25.859535]
[28.469612]
[27.203993]
[25.625116]
[24.149738]
[20.574701]
[17.040615]
[20.880001]
[23.512138]
[19.498129]
[20.66062]
[38.082966]
[24.607578]
[18.365183]
[26.258705]
[28.517038]
[26.92725]
[25.643728]
[24.398655]
[15.023063]
[11.079007]
[21.241236]
[21.568344]
[23.100666]
[24.1657]
[22.857582]
[13.931319]
[9.614046]
[8.955109]
[7.7021117]
[7.3972826]
[7.5104127]
[7.9714365]
[7.825613]
[7.4600053]
[7.3112264]
[7.240755]
[7.311858]
[7.200578]
[7.084478]
[6.919855]
[6.882508]
[6.89132]
[6.7903666]
[6.7692275]
[6.6339025]
[6.5927362]
[6.5927362]
[6.5927362]
[6.5927362]
[6.4693103]
[8.330949]
[12.831]
[12.877773]
[14.434429]
[10.672402]
[11.160708]
[11.930985]
[15.793365]
[14.719187]
[13.0571165]
[10.243491]
[7.1415143]
[9.7509365]
[10.276017]
[9.148427]
[9.337622]
[9.807687]
[11.299724]
[11.635197]
[10.358632]
[11.247196]
[18.034433]
[13.376064]
[11.96744]
[8.530269]
[11.58416]
[12.185833]
[11.848237]
[6.8951554]
[5.7999024]
[5.827097]
[6.5853686]
[9.611449]
[9.896562]
[9.908635]
[7.392034]
[5.885652]
[5.723883]
[5.748658]
[5.763999]
[5.6448236]
[7.0573916]
[6.0074306]
[5.633147]
[5.7586646]
[5.656762]
[5.6961646]
[5.4213176]
[6.1083593]
[6.2791276]
[6.0369635]
[6.0083656]
[5.8012037]
[5.729883]
[5.739959]
[5.8201966]
[5.8905725]
[5.927825]
[5.7609744]
[6.0013227]
[5.7379403]
[5.7337184]
[5.764812]
[5.761186]
[5.8115716]
[7.799663]
[8.347811]
[12.917653]
[9.64434]
[8.441694]
[9.778516]
[9.482747]
[8.669238]
[11.642659]
[11.238905]
[9.4124775]
[11.044496]
[11.625466]
[9.645333]
[9.235532]
[11.752301]
[12.747294]
[12.587566]
[12.609773]
[17.431675]
[12.556209]
[9.823596]
[13.5776415]
[17.594915]
[21.231117]
[16.28073]
[13.257974]
[12.434261]
[11.084602]
[11.156312]
[12.156]
[12.33062]
[13.335887]
[13.548654]
[12.691923]
[12.7083845]
[13.59758]
[13.20229]
[13.151959]
[13.904208]
[13.967514]
[12.975908]
[12.340215]
[13.3083105]
[13.601171]
[13.624507]
[13.738792]
[13.243252]
[12.646714]
[12.213476]
[12.553262]
[14.027968]
[13.609226]
[11.845862]
[13.512278]
[13.371923]
[12.680993]
[13.57304]
[13.786661]
[12.974424]
[14.92401]
[14.469781]
[14.544696]
[14.495552]
[14.413133]
[14.349545]
[14.239781]
[14.476841]
[14.333393]
[16.284666]
[19.01962]
[18.290016]
[14.697107]
[14.078737]
[14.3678875]
[14.411038]
[14.818868]
[14.364754]
[14.240351]
[14.276204]
[14.292546]
[14.468645]
[14.450206]
[14.484134]
[14.310782]
[14.184043]
[14.075486]
[14.125814]
[14.195127]
[14.368756]
[14.357852]
[14.356122]
[14.301782]
[14.2873955]
[14.317869]
[14.458773]
[14.43474]
[14.243126]
[14.19341]
[14.218943]
[14.36064]
[14.339156]
[14.38169]
[14.499795]
[14.691544]
[14.725709]
[14.383134]
[14.513793]
[14.389296]
[14.0568695]
[14.308846]
[14.409223]
[14.219856]
[14.103155]
[14.021705]
[13.993845]
[13.939094]
[14.143314]
[14.176779]
[14.348]
[14.45365]
[14.599504]
[15.054956]
[15.276976]
[18.007563]
[16.516068]
[15.48649]
[20.517391]
[13.234211]
[13.194704]
[13.211215]
[14.855922]
[15.360497]
[15.450797]
[15.452817]
[15.530682]
[15.400451]
[15.288527]
[14.995024]
[14.987121]
[15.035461]
[14.852231]
[15.34672]
[14.788292]
[14.585231]
[14.484319]
[14.446562]
[13.830328]
[14.545047]
[13.198229]
[12.561873]
[12.470751]
[12.935534]
[12.950915]
[13.845684]
[13.045308]
[12.399448]
[12.150451]
[12.001105]
[11.804256]
[11.928637]
[12.00103]
[11.666808]
[11.715569]
[11.63058]
[11.771255]
[11.768083]
[11.811716]
[11.6884985]
[11.56407]
[11.989444]
[12.831707]
[13.5918455]
[13.059772]
[12.520746]
[12.293464]
[11.988941]
[11.7869215]
[12.045944]
[11.817015]
[10.667091]
[10.487839]
[10.267545]
[10.18892]
[10.366991]
[10.241656]
[10.352817]
[10.197128]
[10.323011]
[10.160622]
[10.105024]
[10.255578]
[10.012187]
[10.214431]
[10.0445]
[10.138917]
[10.08992]
[10.130161]
[10.043375]
[10.051346]
[9.94862]
[9.974415]
[9.870188]
[9.85397]
[9.862585]
[9.94674]
[9.851344]
[9.751386]
[9.911946]
[9.727055]
[9.472227]
[9.367933]
[9.305767]
[9.04512]
[8.824508]
[8.9712515]
[9.11304]
[9.101223]
[9.049769]
[8.718552]
[8.676543]
[8.35319]
[10.007828]
[10.120229]
[9.886568]
[9.648497]
[9.423904]
[9.300472]
[9.218478]
[9.052986]
[9.228602]
[9.070702]
[8.999351]
[9.104912]
[8.860923]
[8.683391]
[9.039695]
[9.374135]
[9.050287]
[9.390086]
[9.37392]
[8.88522]
[8.594947]
[8.4416275]
[8.426778]
[8.262935]
[8.339515]
[8.443455]
[8.400449]
[8.2238035]
[8.341626]
[8.28617]
[8.256661]
[8.268251]
[8.328276]
[8.188564]
[8.292787]
[8.255257]
[8.286794]
[8.211321]
[8.109166]
[8.352194]
[8.232876]
[8.124713]
[8.225454]
[8.330843]
[8.197801]
[8.282315]
[8.17104]
[8.356729]
[8.420147]
[7.19822]
[6.974614]
[6.8756585]
[6.334245]
[6.3611574]
[6.20584]
[6.347171]
[6.3028026]
[6.205772]
[6.369176]
[6.3318505]
[6.3152604]
[6.3082185]
[6.3217716]
[6.420912]
[6.358783]
[6.2708173]
[6.5248113]
[6.352821]
[6.3088245]
[6.4983287]
[6.462957]
[6.4551916]
[6.4649663]
[6.488802]
[6.502944]
[6.513681]
[6.5243444]
[6.545637]
[6.649509]
[6.513925]
[6.670405]
[6.9256363]
[6.9674954]
[10.310401]
[7.5387335]
[8.473653]
[8.781811]
[7.241099]
[6.944551]
[6.941696]
[6.9095116]
[7.2009296]
[6.9250197]
[7.197972]
[6.919225]
[7.18053]
[6.9025106]
[8.982753]
[7.5910764]
[7.1503367]
[7.1356373]
[7.1218553]
[7.1078625]
[7.093756]
[6.822638]
[7.049919]
[6.7213154]
[9.006595]
[7.161801]
[6.798676]
[6.980252]
[6.76294]
[6.7806554]
[6.945814]
[6.744968]
[6.947467]
[6.897998]
[6.757436]
[6.9177666]
[6.728442]
[6.7352805]
[6.6992188]
[6.8430386]
[6.691492]
[6.8528495]
[6.6720037]
[6.7278137]
[6.6997333]
[6.781623]
[6.610874]
[6.7066374]
[6.759922]
[6.624916]
[6.690091]
[6.7183056]
[6.6074176]
[6.7659454]
[6.6597214]
[6.595071]
[9.666673]
[9.750942]
[10.133873]
[9.762992]
[10.091276]
[10.1570835]
[10.109649]
[10.060038]
[10.616148]
[10.125365]
[10.538938]
[10.048828]
[10.460545]
[9.971276]
[10.382465]
[10.476183]
[9.794681]
[9.721301]
[9.6996]
[9.696148]
[9.7023]
[9.792657]
[9.723386]
[10.108366]
[9.874727]
[10.390674]
[10.230628]
[9.987985]
[10.645865]
[10.734638]
[10.717221]
[12.101051]
[12.386525]
[12.364087]
[12.80168]
[12.420463]
[12.757153]
[13.295707]
[13.370689]
[16.01596]
[17.788433]
[16.33254]
[13.2945385]
[13.114069]
[13.121407]
[13.477318]
[16.529587]
[14.016051]
[13.217269]
[13.109248]
[13.434955]
[12.550901]
[12.254192]
[12.266401]
[12.615172]
[12.895329]
[13.294294]
[13.151399]
[12.823324]
[13.042696]
[13.080704]
[14.377509]
[14.85362]
[14.851906]
[14.82753]
[14.40231]
[14.293766]
[13.981001]
[14.414383]
[14.636166]
[16.21827]
[21.084698]
[20.38058]
[17.518599]
[17.062424]
[14.038354]
[16.415354]
[17.234335]
[17.244783]
[17.182709]
[17.182882]
[17.192749]
[17.175625]
[17.136961]
[17.076859]
[17.217182]
[17.566847]
[18.835533]
[16.901337]
[17.233107]
[16.925285]
[17.484648]
[17.823568]
[18.449806]
[17.953762]
[18.41051]
[19.497778]
[17.819773]
[18.53614]
[18.733608]
[19.154755]
[18.873785]
[17.956537]
[17.561365]
[18.085598]
[17.822882]
[18.153181]
[18.294495]
[18.223171]
[17.538866]
[17.64485]
[17.499344]
[17.269709]
[17.104687]
[17.154188]
[17.08939]
[18.068495]
[17.863462]
[17.131025]
[16.834948]
[16.638178]
[16.569553]
[16.32716]
[16.77256]
[16.876024]
[17.095068]
[17.952213]
[16.96457]
[16.800287]
[16.72591]
[16.788736]
[17.085651]
[16.980635]
[17.632399]
[18.859976]
[26.206287]
[18.683273]
[27.197735]
[26.972195]
[23.842512]
[23.291195]
[21.733511]
[5.9760103]
[15.458423]
[18.646015]
[18.389994]
[21.714455]
[38.83104]
[44.93661]
[47.52201]
[54.645077]
[45.436413]
[42.339638]
[58.544476]
[67.77455]
[67.63008]
[66.89723]
[57.24297]
[70.57452]
[97.954926]
[98.33416]
[123.19959]
[117.19002]
[122.02466]
[111.142975]
[106.811455]
[102.1844]
[102.05775]
[96.475784]
[93.16783]
[88.72781]
[85.51325]
[70.17741]
[72.156975]
[88.17288]
[88.36539]
[85.93308]
[87.49369]
[81.28313]
[92.92722]
[112.3615]
[124.95256]
[139.03232]
[139.62521]
[135.54182]
[134.1017]
[134.682]
[130.69101]
[105.0843]
[101.3677]
[97.85055]
[96.76756]
[94.045876]
[64.40893]
[53.736618]
[61.61758]
[58.049908]
[54.68114]
[44.744984]
[28.02321]
[24.123835]
[24.75005]
[35.07778]
[46.820198]
[42.800106]
[43.74772]
[37.269424]
[23.262806]
[18.914957]
[30.913042]
[22.69092]
[19.756475]
[18.972006]
[17.02228]
[16.10528]
[16.06624]
[18.024757]
[18.008022]
[16.926506]
[15.856149]
[16.559942]
[14.797509]
[14.487516]
[15.575914]
[15.558988]
[14.784751]
[14.992158]
[15.075888]
[15.152153]
[15.234938]
[16.950037]
[17.239964]
[14.451534]
[13.933092]
[14.682722]
[15.501531]
[15.47296]
[14.6331215]
[14.580146]
[14.489314]
[13.880785]
[14.146464]
[12.958708]
[11.823032]
[12.766479]
[13.910338]
[16.153915]
[16.324175]
[18.7216]
[15.733643]
[15.570033]
[16.276266]
[14.4741535]
[13.1714115]
[13.946063]
[19.598833]
[13.215709]
[11.423884]
[12.477437]
[12.28135]
[15.443337]
[15.056313]
[13.896197]
[11.677918]
[12.084951]
[22.16401]
[25.397964]
[25.230555]
[24.730642]
[19.884779]
[14.170338]
[12.9937525]
[12.089571]
[10.098932]
[9.086041]
[8.647197]
[8.302863]
[7.6820774]
[7.406133]
[7.7697086]
[7.878782]
[7.665402]
[7.3664007]
[7.511202]
[7.288535]
[7.1676216][10.25]
[9.45]
[13.02]
[10.69]
[5.31]
[5.25]
[5.26]
[5.31]
[5.31]
[5.3]
[5.29]
[5.3]
[9.25]
[9.31]
[9.28]
[9.29]
[9.27]
[9.26]
[9.25]
[9.26]
[9.26]
[9.27]
[9.25]
[9.25]
[9.32]
[9.28]
[9.26]
[9.22]
[9.21]
[9.23]
[9.23]
[9.06]
[9.24]
[9.25]
[9.24]
[9.29]
[9.55]
[9.28]
[9.27]
[9.27]
[9.25]
[9.24]
[9.28]
[12.21]
[12.29]
[12.32]
[12.27]
[12.3]
[12.29]
[12.25]
[12.25]
[12.25]
[12.29]
[12.3]
[12.3]
[12.31]
[12.36]
[12.34]
[12.35]
[12.36]
[12.37]
[12.39]
[12.39]
[12.4]
[12.36]
[12.39]
[12.4]
[12.41]
[12.52]
[12.25]
[12.25]
[12.03]
[12.31]
[26.75]
[15.2]
[15.05]
[15.12]
[15.03]
[15.09]
[15.17]
[15.22]
[15.41]
[15.4]
[15.43]
[15.24]
[15.14]
[15.08]
[15.29]
[15.3]
[15.23]
[15.22]
[15.17]
[15.21]
[15.24]
[15.21]
[15.26]
[15.09]
[15.03]
[14.94]
[15.09]
[15.28]
[15.3]
[15.52]
[15.38]
[15.46]
[15.26]
[15.55]
[15.54]
[15.27]
[22.36]
[17.87]
[15.85]
[42.75]
[82.22]
[94.05]
[93.25]
[90.97]
[55.68]
[49.63]
[58.09]
[56.67]
[54.59]
[53.59]
[58.05]
[53.08]
[41.74]
[57.88]
[58.89]
[56.17]
[56.45]
[59.98]
[24.57]
[23.68]
[48.95]
[58.59]
[52.66]
[61.65]
[55.39]
[15.63]
[15.57]
[49.45]
[48.02]
[57.5]
[95.04]
[91.35]
[127.12]
[159.08]
[215.85]
[192.9]
[144.63]
[136.75]
[131.02]
[99.64]
[86.83]
[129.19]
[131.03]
[129.73]
[130.49]
[130.52]
[92.3]
[87.76]
[90.33]
[91.84]
[90.24]
[92.4]
[96.82]
[52.74]
[45.22]
[55.96]
[60.38]
[51.61]
[55.5]
[62.81]
[54.04]
[56.12]
[53.08]
[60.33]
[38.11]
[64.66]
[62.07]
[50.21]
[45.53]
[67.12]
[58.52]
[53.52]
[50.52]
[53.77]
[41.06]
[38.17]
[35.45]
[50.08]
[57.71]
[43.73]
[61.41]
[54.5]
[42.43]
[96.98]
[93.31]
[95.73]
[93.08]
[91.61]
[94.94]
[85.74]
[88.4]
[98.74]
[90.94]
[95.37]
[98.5]
[45.13]
[47.61]
[67.66]
[39.1]
[71.69]
[37.29]
[69.59]
[19.53]
[12.7]
[49.99]
[27.12]
[31.05]
[19.21]
[28.46]
[14.31]
[9.94]
[17.83]
[28.86]
[44.83]
[46.46]
[52.06]
[24.01]
[9.42]
[50.97]
[57.23]
[44.2]
[37.8]
[12.15]
[9.41]
[10.47]
[20.43]
[33.31]
[48.25]
[44.01]
[55.45]
[12.7]
[10.36]
[51.64]
[50.92]
[50.38]
[49.93]
[49.1]
[13.79]
[10.13]
[29.22]
[34.2]
[23.2]
[39.35]
[38.77]
[14.08]
[10.2]
[32.49]
[35.58]
[33.86]
[32.24]
[29.9]
[23.23]
[16.87]
[24.9]
[28.37]
[17.49]
[16.74]
[47.53]
[16.06]
[15.03]
[32.65]
[36.66]
[33.79]
[32.62]
[31.6]
[12.79]
[8.68]
[29.3]
[28.48]
[33.01]
[32.79]
[29.71]
[12.11]
[7.79]
[7.39]
[5.3]
[5.33]
[5.36]
[5.41]
[5.44]
[5.46]
[5.48]
[5.51]
[5.52]
[5.54]
[5.55]
[5.56]
[5.57]
[5.58]
[5.41]
[5.59]
[5.59]
[5.59]
[5.59]
[5.59]
[5.59]
[5.52]
[9.82]
[15.53]
[16.95]
[20.82]
[11.7]
[14.18]
[15.4]
[23.39]
[19.41]
[16.47]
[11.42]
[6.71]
[12.54]
[12.67]
[10.63]
[11.37]
[12.05]
[14.44]
[14.47]
[12.32]
[14.46]
[13.82]
[14.57]
[14.58]
[8.47]
[14.78]
[14.81]
[14.47]
[5.31]
[5.31]
[5.29]
[6.65]
[12.03]
[10.97]
[11.68]
[7.09]
[5.32]
[5.32]
[5.33]
[5.32]
[5.32]
[7.66]
[5.32]
[5.32]
[5.32]
[5.29]
[5.21]
[5.09]
[5.1]
[5.1]
[5.1]
[5.11]
[5.11]
[5.1]
[5.12]
[5.22]
[5.48]
[5.49]
[5.27]
[5.12]
[5.13]
[5.12]
[5.12]
[5.11]
[5.16]
[8.76]
[8.76]
[8.94]
[8.95]
[8.95]
[10.8]
[10.34]
[8.93]
[12.82]
[12.41]
[9.78]
[12.71]
[13.05]
[9.78]
[9.61]
[13.47]
[13.71]
[13.82]
[13.8]
[20.11]
[12.1]
[10.21]
[15.44]
[19.36]
[24.22]
[16.35]
[13.82]
[12.91]
[11.05]
[11.21]
[12.63]
[12.73]
[13.93]
[14.]
[12.75]
[12.72]
[14.06]
[13.64]
[13.18]
[14.13]
[14.47]
[12.97]
[12.08]
[13.53]
[13.92]
[14.]
[14.03]
[13.47]
[12.53]
[12.61]
[12.89]
[13.87]
[13.64]
[12.29]
[13.75]
[12.77]
[12.77]
[13.97]
[13.97]
[12.95]
[15.58]
[14.78]
[14.97]
[14.82]
[14.67]
[14.69]
[14.7]
[14.81]
[14.7]
[17.5]
[18.04]
[19.37]
[14.58]
[14.62]
[14.69]
[14.75]
[14.6]
[14.39]
[14.42]
[14.49]
[14.55]
[14.59]
[14.62]
[14.6]
[14.31]
[14.23]
[14.12]
[14.15]
[14.3]
[14.52]
[14.49]
[14.43]
[14.23]
[14.17]
[14.28]
[14.37]
[14.29]
[14.2]
[14.09]
[14.11]
[14.23]
[14.04]
[14.13]
[14.15]
[14.07]
[14.02]
[13.88]
[13.88]
[13.78]
[13.82]
[13.92]
[14.08]
[13.97]
[13.86]
[13.82]
[13.83]
[13.99]
[14.01]
[13.84]
[13.78]
[13.71]
[13.96]
[14.1]
[13.99]
[13.72]
[16.98]
[13.92]
[13.67]
[13.53]
[13.42]
[13.41]
[13.36]
[14.17]
[14.52]
[14.48]
[14.44]
[14.41]
[14.38]
[14.37]
[14.35]
[14.34]
[14.31]
[15.25]
[14.32]
[14.31]
[14.29]
[14.29]
[14.58]
[14.56]
[12.15]
[11.95]
[11.88]
[11.87]
[11.82]
[13.39]
[11.95]
[11.94]
[11.89]
[11.86]
[11.86]
[11.84]
[11.83]
[11.81]
[11.86]
[11.86]
[11.8]
[11.8]
[11.79]
[11.78]
[11.77]
[11.96]
[11.94]
[11.9]
[11.85]
[11.35]
[11.83]
[11.8]
[12.]
[12.06]
[12.03]
[9.66]
[9.6]
[9.59]
[9.63]
[9.74]
[9.73]
[9.68]
[9.68]
[9.7]
[9.68]
[9.68]
[9.67]
[9.67]
[9.73]
[9.77]
[9.75]
[9.77]
[9.77]
[9.77]
[9.74]
[9.74]
[9.73]
[9.72]
[9.75]
[9.75]
[9.79]
[9.77]
[9.77]
[9.78]
[9.77]
[9.09]
[9.09]
[8.91]
[8.69]
[8.69]
[8.66]
[8.69]
[8.7]
[8.7]
[8.66]
[8.67]
[8.77]
[8.78]
[8.78]
[8.77]
[8.78]
[8.77]
[8.74]
[8.74]
[8.77]
[8.77]
[8.77]
[8.76]
[8.77]
[8.76]
[8.77]
[8.77]
[8.76]
[8.76]
[8.77]
[8.71]
[8.26]
[8.23]
[8.06]
[8.02]
[8.01]
[8.04]
[8.06]
[8.04]
[8.05]
[8.06]
[8.05]
[8.05]
[8.07]
[8.07]
[8.06]
[8.04]
[8.08]
[8.07]
[8.07]
[8.03]
[8.1]
[8.09]
[8.1]
[8.11]
[8.1]
[8.11]
[8.12]
[8.11]
[8.11]
[8.13]
[6.13]
[6.11]
[5.91]
[5.29]
[5.35]
[5.29]
[5.31]
[5.3]
[5.3]
[5.3]
[5.31]
[5.3]
[5.27]
[5.29]
[5.29]
[5.29]
[5.3]
[5.3]
[5.34]
[5.31]
[5.31]
[5.32]
[5.32]
[5.31]
[5.33]
[5.32]
[5.32]
[5.31]
[5.33]
[5.32]
[5.34]
[5.34]
[5.89]
[5.74]
[5.51]
[5.5]
[7.49]
[7.16]
[5.55]
[5.56]
[5.48]
[5.43]
[5.41]
[5.42]
[5.48]
[5.44]
[5.44]
[5.44]
[7.99]
[5.37]
[5.4]
[5.41]
[5.38]
[5.38]
[5.39]
[5.38]
[5.38]
[5.43]
[5.4]
[5.41]
[5.42]
[5.41]
[5.41]
[5.41]
[5.41]
[5.42]
[5.44]
[5.44]
[5.45]
[5.47]
[5.47]
[5.4]
[5.42]
[5.44]
[5.46]
[5.47]
[5.46]
[5.46]
[5.47]
[5.47]
[5.42]
[5.48]
[5.49]
[5.48]
[5.46]
[5.46]
[5.5]
[5.51]
[5.48]
[5.46]
[9.04]
[9.13]
[9.13]
[9.16]
[9.17]
[9.17]
[9.19]
[9.21]
[9.24]
[9.24]
[9.22]
[9.2]
[9.27]
[9.28]
[9.28]
[9.29]
[9.32]
[9.33]
[9.33]
[9.34]
[9.36]
[9.37]
[9.38]
[9.41]
[9.41]
[9.41]
[9.41]
[9.42]
[9.83]
[9.49]
[9.52]
[12.18]
[12.29]
[12.29]
[12.33]
[12.37]
[12.42]
[12.45]
[12.39]
[15.27]
[16.55]
[14.11]
[12.06]
[12.15]
[12.22]
[12.2]
[14.89]
[12.24]
[12.29]
[12.3]
[12.82]
[12.19]
[12.16]
[12.29]
[12.32]
[12.3]
[12.41]
[12.47]
[12.46]
[12.66]
[12.65]
[14.68]
[15.59]
[15.66]
[15.62]
[15.61]
[15.62]
[15.55]
[15.55]
[15.53]
[15.48]
[15.58]
[15.63]
[15.67]
[15.73]
[15.76]
[15.69]
[15.74]
[15.74]
[15.7]
[15.75]
[15.81]
[15.74]
[15.69]
[15.67]
[15.67]
[15.69]
[15.71]
[15.78]
[15.82]
[15.85]
[15.84]
[15.82]
[15.81]
[15.68]
[15.65]
[15.45]
[15.76]
[15.72]
[15.72]
[15.72]
[15.86]
[15.62]
[15.55]
[15.84]
[15.47]
[15.85]
[15.91]
[15.89]
[15.6]
[15.96]
[15.99]
[15.84]
[15.77]
[15.99]
[15.57]
[15.56]
[15.78]
[15.69]
[15.67]
[15.63]
[15.75]
[15.5]
[15.92]
[15.96]
[15.99]
[16.2]
[15.99]
[15.99]
[15.96]
[15.93]
[15.94]
[15.96]
[15.89]
[15.75]
[15.57]
[14.85]
[16.98]
[17.18]
[17.15]
[16.64]
[16.94]
[16.89]
[16.85]
[16.85]
[16.82]
[22.09]
[48.14]
[54.09]
[52.25]
[50.82]
[26.21]
[24.32]
[46.38]
[54.6]
[55.32]
[58.59]
[42.22]
[59.61]
[52.27]
[91.07]
[134.99]
[99.13]
[93.08]
[89.49]
[90.15]
[90.7]
[92.91]
[90.54]
[92.41]
[91.17]
[89.85]
[54.37]
[55.31]
[91.98]
[89.63]
[92.51]
[92.65]
[53.92]
[58.15]
[118.86]
[121.02]
[128.01]
[129.11]
[130.04]
[130.07]
[129.96]
[130.52]
[93.73]
[94.19]
[93.43]
[94.32]
[94.03]
[49.04]
[42.92]
[63.69]
[56.03]
[54.7]
[38.34]
[11.79]
[11.72]
[12.96]
[33.11]
[57.23]
[47.44]
[52.93]
[38.46]
[13.38]
[10.84]
[32.12]
[12.86]
[13.04]
[11.96]
[9.06]
[9.09]
[9.87]
[13.99]
[13.87]
[12.77]
[11.54]
[13.62]
[10.08]
[9.89]
[11.66]
[11.41]
[10.97]
[12.27]
[12.58]
[13.52]
[14.11]
[18.19]
[19.12]
[13.6]
[13.55]
[13.48]
[13.43]
[13.64]
[13.07]
[13.76]
[13.75]
[12.85]
[13.71]
[11.22]
[9.92]
[11.7]
[12.05]
[15.5]
[15.5]
[20.41]
[11.86]
[11.21]
[12.16]
[10.03]
[8.58]
[11.93]
[24.96]
[9.81]
[9.12]
[11.89]
[11.97]
[19.72]
[18.14]
[16.04]
[11.71]
[13.74]
[39.18]
[46.43]
[42.22]
[40.7]
[29.17]
[11.6]
[7.7]
[7.77]
[5.18]
[5.21]
[5.24]
[5.27]
[5.28]
[5.29]
[5.31]
[5.33]
[5.34]
[5.35]
[5.36]
[5.37]
[5.38]
[5.39]