0.886022422824542, 0.8945397008229358, -3.9880054561590423, 205.50957313437496[11.985984]
[9.965366]
[8.853448]
[10.239925]
[9.670665]
[6.981549]
[6.276968]
[6.3048015]
[6.261497]
[6.258527]
[6.2017446]
[6.1665325]
[6.184621]
[7.9620366]
[8.5340605]
[8.522361]
[8.739358]
[10.372439]
[11.687699]
[11.968133]
[10.401835]
[9.648414]
[9.390323]
[9.274122]
[9.173235]
[9.190538]
[9.190962]
[9.11096]
[8.98399]
[8.88803]
[8.865544]
[9.082051]
[9.151988]
[9.096292]
[9.0818405]
[9.104874]
[8.998096]
[9.387536]
[12.439622]
[10.513086]
[10.158264]
[10.775241]
[10.809184]
[10.372752]
[11.3923855]
[11.616347]
[11.582453]
[11.586373]
[11.836216]
[12.424324]
[12.494849]
[12.094334]
[11.7885895]
[11.723813]
[11.551844]
[11.509966]
[11.520115]
[11.496736]
[11.398614]
[11.383049]
[11.401862]
[11.3564825]
[11.330419]
[11.425457]
[11.517676]
[11.888936]
[12.449821]
[12.368007]
[12.064038]
[12.134888]
[14.025556]
[10.255313]
[10.88007]
[11.557659]
[34.05803]
[19.34078]
[12.986404]
[12.947301]
[12.908988]
[12.995013]
[13.181046]
[13.178553]
[13.148904]
[13.276659]
[13.297731]
[13.206748]
[13.395377]
[13.603125]
[13.687069]
[13.6268215]
[13.807087]
[14.105937]
[14.497927]
[14.156885]
[13.943788]
[14.074556]
[14.01945]
[13.815794]
[13.696946]
[13.695629]
[14.3848095]
[14.842111]
[14.837405]
[15.36733]
[15.679927]
[16.034931]
[20.933664]
[27.480652]
[23.433361]
[37.438633]
[61.003872]
[34.596893]
[75.04941]
[74.060135]
[81.54027]
[95.7154]
[135.91292]
[100.962364]
[75.21736]
[59.23217]
[60.884373]
[59.43686]
[54.61637]
[50.796055]
[51.671444]
[49.024754]
[40.922203]
[47.31248]
[50.689674]
[48.33342]
[49.1682]
[51.927246]
[33.051178]
[27.045595]
[40.392273]
[47.25268]
[44.561142]
[47.13718]
[44.088825]
[25.506096]
[23.947268]
[43.028095]
[48.9933]
[73.464264]
[107.19805]
[146.45338]
[159.18568]
[175.2842]
[207.24724]
[176.13184]
[152.1363]
[144.13428]
[128.35254]
[106.23535]
[86.98189]
[104.8341]
[112.253426]
[114.04131]
[117.56174]
[126.518616]
[112.93537]
[104.144875]
[94.25149]
[92.79737]
[88.58112]
[87.20609]
[90.62643]
[74.65389]
[69.96243]
[76.65382]
[76.70209]
[70.62434]
[71.39854]
[68.783195]
[61.08804]
[57.666775]
[54.17237]
[55.643425]
[43.587402]
[52.654583]
[54.98109]
[49.50727]
[46.159916]
[54.9571]
[51.43028]
[46.150913]
[42.935658]
[44.16037]
[41.2243]
[41.28711]
[44.577488]
[61.465256]
[69.03702]
[58.26083]
[63.643074]
[57.876816]
[55.588383]
[93.7639]
[95.20937]
[88.197395]
[82.09327]
[78.09624]
[78.668076]
[77.465]
[82.27831]
[89.55707]
[87.90305]
[96.45003]
[103.52808]
[78.90102]
[74.2928]
[77.01372]
[59.489464]
[69.24915]
[53.045883]
[61.869457]
[38.935192]
[24.885546]
[43.828274]
[36.11574]
[33.071857]
[26.52499]
[28.77545]
[22.311253]
[17.106709]
[20.125448]
[26.082798]
[34.33552]
[36.672493]
[40.482655]
[30.36981]
[19.503517]
[38.864174]
[46.874737]
[40.94543]
[37.643227]
[24.214699]
[19.396597]
[19.693808]
[23.245201]
[29.40768]
[37.000053]
[36.584873]
[40.554302]
[22.22219]
[15.80987]
[35.40514]
[38.66975]
[38.721573]
[38.23182]
[36.625114]
[22.653482]
[17.023617]
[26.568241]
[30.314014]
[24.558928]
[29.430637]
[30.608088]
[18.679745]
[13.325202]
[23.018286]
[27.286669]
[26.207544]
[24.81076]
[23.233232]
[19.572437]
[16.027298]
[19.217276]
[22.060883]
[18.423458]
[18.575428]
[35.453903]
[22.51293]
[16.135733]
[23.631203]
[27.371304]
[26.104277]
[24.81771]
[23.460989]
[14.824166]
[10.598422]
[19.123516]
[20.636389]
[22.726856]
[23.73444]
[22.196363]
[13.893306]
[9.599475]
[8.838168]
[7.803165]
[7.4308686]
[7.6737647]
[7.902603]
[7.672409]
[7.463674]
[7.3348484]
[7.3524446]
[7.345639]
[7.272199]
[7.1557655]
[7.061023]
[7.048924]
[7.0545692]
[6.9639354]
[6.915256]
[6.8494806]
[6.8331895]
[6.8331895]
[6.8331895]
[6.8331895]
[6.6943808]
[8.198522]
[12.284254]
[12.788276]
[14.168594]
[10.998707]
[10.952559]
[11.643129]
[15.11481]
[14.535211]
[12.908427]
[10.364726]
[7.677814]
[9.536647]
[10.209743]
[9.340611]
[9.395772]
[9.837094]
[11.076844]
[11.36135]
[10.340325]
[10.996172]
[16.866154]
[13.299002]
[11.603455]
[8.915075]
[11.03072]
[11.733162]
[11.592074]
[7.5927567]
[6.3901253]
[6.3998647]
[6.9085064]
[9.375356]
[9.762783]
[9.769711]
[7.813113]
[6.4643087]
[6.2668743]
[6.2824473]
[6.2304363]
[6.1956177]
[7.2949796]
[6.4930854]
[6.1889963]
[6.226659]
[6.1942463]
[6.16377]
[6.4433646]
[6.896822]
[6.845413]
[6.650703]
[6.5105557]
[6.337384]
[6.295002]
[6.3036]
[6.3092327]
[6.38269]
[6.428423]
[6.476559]
[6.4650826]
[6.2788606]
[6.303403]
[6.3195724]
[6.3153653]
[6.2911396]
[7.9157667]
[8.399457]
[12.09267]
[9.688641]
[8.541731]
[9.451812]
[9.355347]
[8.694596]
[10.87612]
[10.739557]
[9.373625]
[10.483598]
[11.01658]
[9.637779]
[9.305703]
[11.327927]
[11.985887]
[11.817275]
[11.677275]
[15.436633]
[11.969223]
[9.896269]
[12.483937]
[15.454736]
[18.93112]
[14.765499]
[12.015006]
[11.273708]
[10.26413]
[10.181402]
[10.867928]
[11.119743]
[11.824895]
[12.017398]
[11.465746]
[11.441961]
[12.100818]
[11.962348]
[11.99888]
[12.600669]
[12.670135]
[11.889543]
[11.428473]
[12.178202]
[12.39345]
[12.307722]
[12.315726]
[11.990102]
[11.553409]
[11.617762]
[12.4167185]
[13.872133]
[13.544531]
[12.217321]
[13.325256]
[13.752602]
[13.009138]
[13.1199045]
[13.069625]
[12.393949]
[13.70641]
[13.456049]
[13.385306]
[13.377563]
[13.278687]
[13.171524]
[13.088128]
[13.249628]
[13.181434]
[14.685187]
[17.514145]
[16.942627]
[13.831323]
[13.06847]
[13.448631]
[13.482002]
[13.999704]
[13.786536]
[13.491392]
[13.264833]
[13.162628]
[13.132701]
[13.000127]
[12.886513]
[12.627755]
[12.377603]
[12.15178]
[12.072395]
[12.18201]
[12.288503]
[12.332353]
[12.362828]
[12.430143]
[12.380694]
[12.471558]
[12.623275]
[12.577132]
[12.524826]
[12.508976]
[12.589188]
[12.7677]
[12.763532]
[12.878561]
[13.076402]
[13.239907]
[13.208249]
[13.153808]
[13.217404]
[13.141618]
[13.182308]
[13.35473]
[13.551058]
[13.556873]
[13.496675]
[13.485835]
[13.499241]
[13.627442]
[13.770034]
[13.775773]
[13.798904]
[13.801125]
[13.967532]
[14.238077]
[14.474742]
[14.962158]
[31.159998]
[20.10432]
[22.311926]
[16.391603]
[16.91619]
[16.383596]
[16.544802]
[16.23989]
[16.066593]
[15.723747]
[15.623823]
[15.414443]
[15.422564]
[15.132741]
[14.9211035]
[15.0100975]
[15.032573]
[15.363911]
[14.820561]
[14.634128]
[14.538396]
[14.548663]
[14.003829]
[14.3245325]
[13.29295]
[13.014382]
[12.768157]
[13.510566]
[13.68212]
[14.485232]
[13.971306]
[13.602989]
[13.314601]
[13.182148]
[13.008995]
[12.8462305]
[13.09845]
[13.008213]
[12.915511]
[12.739857]
[12.668281]
[12.567734]
[12.450975]
[12.334019]
[12.393937]
[12.799827]
[14.875088]
[16.178217]
[15.0720215]
[14.880498]
[14.165635]
[14.084509]
[13.795548]
[13.6783285]
[13.680765]
[13.10399]
[12.810767]
[12.2465105]
[11.935931]
[11.85572]
[11.686585]
[11.573618]
[11.379682]
[11.293512]
[11.104694]
[11.057597]
[10.992297]
[10.834637]
[10.848795]
[10.756466]
[10.7710285]
[10.70379]
[10.651032]
[10.559071]
[10.477939]
[10.371878]
[10.309044]
[10.202855]
[10.196806]
[10.205835]
[10.188256]
[10.0907955]
[10.101965]
[10.165712]
[10.167124]
[9.957509]
[9.830923]
[9.682298]
[9.424483]
[9.412866]
[9.573986]
[9.594955]
[9.478732]
[9.333308]
[9.304121]
[9.683434]
[10.757774]
[11.616749]
[11.263207]
[10.746133]
[10.323652]
[10.027391]
[9.829241]
[9.663365]
[9.603307]
[9.600911]
[9.4334345]
[9.386439]
[9.304751]
[9.156629]
[9.375162]
[9.815491]
[9.914063]
[9.862983]
[10.030499]
[9.792885]
[9.254991]
[8.9926195]
[8.8628235]
[8.758282]
[8.68899]
[8.775664]
[8.775242]
[8.640567]
[8.566877]
[8.603291]
[8.534644]
[8.515241]
[8.524605]
[8.489767]
[8.439082]
[8.461664]
[8.406265]
[8.352349]
[8.268418]
[8.268363]
[8.31755]
[8.172534]
[8.173747]
[8.273301]
[8.263965]
[8.2139015]
[8.294688]
[8.379868]
[8.558372]
[8.611039]
[7.618269]
[7.2769938]
[7.0661345]
[6.621623]
[6.5401497]
[6.474817]
[6.5123158]
[6.454527]
[6.4518266]
[6.5101714]
[6.458853]
[6.435562]
[6.41943]
[6.423449]
[6.412078]
[6.334546]
[6.338258]
[6.383927]
[6.2866783]
[6.342694]
[6.4208903]
[6.3664117]
[6.3498216]
[6.3471994]
[6.358212]
[6.3600516]
[6.3581996]
[6.3564415]
[6.364893]
[6.354172]
[6.3004336]
[6.3509984]
[6.571815]
[6.608181]
[9.151071]
[7.236979]
[7.6856446]
[7.965299]
[6.769864]
[6.4575534]
[6.436972]
[6.394448]
[6.6110954]
[6.414924]
[6.594345]
[6.4239864]
[6.5941563]
[6.4247913]
[8.040645]
[7.0740385]
[6.5997453]
[6.5942125]
[6.5894775]
[6.584788]
[6.5800295]
[6.3903794]
[6.5585966]
[6.4222155]
[8.168698]
[6.9140844]
[6.411565]
[6.5698414]
[6.421779]
[6.417789]
[6.5629487]
[6.4277573]
[6.5458155]
[6.536792]
[6.425879]
[6.544471]
[6.4534087]
[6.4418945]
[6.4546037]
[6.5441766]
[6.4488654]
[6.533116]
[6.4493737]
[6.4795756]
[6.504223]
[6.5427856]
[6.425997]
[6.4886208]
[6.546295]
[6.461858]
[6.5009465]
[6.536428]
[6.468392]
[6.550036]
[6.493927]
[6.441854]
[8.839863]
[9.118093]
[9.3552685]
[9.120444]
[9.351368]
[9.447652]
[9.412576]
[9.384937]
[9.832371]
[9.497609]
[9.798808]
[9.464746]
[9.764847]
[9.431574]
[9.73179]
[9.858593]
[9.372543]
[9.315519]
[9.291966]
[9.222548]
[9.161555]
[9.066165]
[8.9188]
[9.044672]
[8.790719]
[9.032212]
[8.836235]
[8.594941]
[9.044438]
[9.168449]
[9.1760845]
[10.343234]
[10.680518]
[10.712496]
[11.130095]
[10.879285]
[11.1952305]
[11.727114]
[11.865762]
[14.273958]
[16.156708]
[14.952667]
[12.16944]
[11.950594]
[12.0879]
[12.525913]
[15.551209]
[13.484927]
[12.732048]
[12.730231]
[13.109382]
[12.356371]
[12.102349]
[12.231376]
[12.402311]
[12.518485]
[12.677556]
[12.671852]
[12.575673]
[12.70078]
[12.738988]
[13.9919]
[14.932071]
[15.406299]
[15.298044]
[14.672695]
[14.36949]
[13.819849]
[13.739677]
[13.883872]
[14.319937]
[18.744587]
[16.737041]
[15.330575]
[16.64606]
[14.023368]
[15.797549]
[16.40168]
[16.26489]
[16.144087]
[16.106867]
[16.079765]
[16.033928]
[16.002302]
[15.974376]
[15.83021]
[16.402237]
[17.098967]
[17.378971]
[17.140856]
[17.57103]
[18.33693]
[18.508558]
[18.59836]
[19.300817]
[18.825483]
[18.127747]
[18.524965]
[19.218243]
[19.780884]
[21.113262]
[21.823809]
[20.463062]
[20.066732]
[20.566036]
[19.649979]
[18.733578]
[19.235477]
[18.709446]
[17.716152]
[17.636848]
[17.463966]
[17.166424]
[16.982016]
[17.005201]
[18.516935]
[21.094097]
[20.436977]
[18.06087]
[17.274464]
[16.694622]
[16.524647]
[16.125034]
[16.446764]
[16.664433]
[17.646074]
[18.71233]
[17.472843]
[17.048208]
[16.907986]
[16.689434]
[17.187681]
[17.06578]
[18.737135]
[24.973713]
[29.35501]
[23.45116]
[30.500248]
[31.259214]
[25.148891]
[23.437243]
[21.714798]
[9.198819]
[15.993654]
[18.827576]
[18.296776]
[20.819805]
[35.72318]
[42.98307]
[47.990726]
[57.52453]
[49.02706]
[44.10305]
[57.698616]
[69.74462]
[67.978836]
[65.711174]
[56.36714]
[74.71804]
[94.93385]
[100.7]
[121.98791]
[116.69964]
[122.98695]
[111.00802]
[103.86129]
[98.98613]
[100.17578]
[95.925125]
[91.79684]
[86.23104]
[83.94323]
[72.52273]
[76.09592]
[87.28029]
[85.17021]
[84.007225]
[86.44177]
[84.626976]
[91.95284]
[110.79835]
[122.822845]
[139.25879]
[138.80304]
[129.74017]
[130.11119]
[133.85968]
[128.18309]
[104.33782]
[101.35874]
[99.67742]
[95.433395]
[91.96031]
[64.34145]
[51.37597]
[59.57829]
[56.875164]
[53.04984]
[42.898346]
[24.936522]
[20.089434]
[20.372368]
[30.382244]
[44.51296]
[41.88317]
[42.822178]
[36.28276]
[21.249506]
[16.357048]
[27.066223]
[20.146736]
[16.733559]
[16.161451]
[14.276625]
[13.404758]
[13.400134]
[15.197964]
[15.415059]
[14.536898]
[13.6425905]
[14.195452]
[12.84921]
[12.357839]
[13.248199]
[13.232261]
[12.59383]
[12.915644]
[13.077624]
[13.215528]
[13.495559]
[15.116358]
[15.7676525]
[13.31184]
[12.661143]
[13.278947]
[13.684083]
[13.506486]
[12.932195]
[12.978956]
[12.991415]
[12.457119]
[12.738337]
[11.660004]
[10.618582]
[11.448005]
[12.430581]
[14.182479]
[14.519376]
[16.87586]
[14.2114725]
[13.480128]
[13.670808]
[12.289799]
[10.954298]
[11.873429]
[17.590364]
[12.385838]
[10.074429]
[10.975948]
[11.16128]
[14.167427]
[14.374327]
[13.228345]
[11.129678]
[11.279617]
[21.545635]
[27.6157]
[27.418037]
[25.943111]
[20.869091]
[15.151039]
[11.599538]
[10.683444]
[9.016843]
[8.187759]
[7.9084053]
[7.666736]
[7.1551685]
[7.204379]
[7.3629894]
[7.454746]
[7.1623526]
[7.120815]
[7.162477]
[6.964271]
[6.973425][10.25]
[9.45]
[13.02]
[10.69]
[5.31]
[5.25]
[5.26]
[5.31]
[5.31]
[5.3]
[5.29]
[5.3]
[9.25]
[9.31]
[9.28]
[9.29]
[9.27]
[9.26]
[9.25]
[9.26]
[9.26]
[9.27]
[9.25]
[9.25]
[9.32]
[9.28]
[9.26]
[9.22]
[9.21]
[9.23]
[9.23]
[9.06]
[9.24]
[9.25]
[9.24]
[9.29]
[9.55]
[9.28]
[9.27]
[9.27]
[9.25]
[9.24]
[9.28]
[12.21]
[12.29]
[12.32]
[12.27]
[12.3]
[12.29]
[12.25]
[12.25]
[12.25]
[12.29]
[12.3]
[12.3]
[12.31]
[12.36]
[12.34]
[12.35]
[12.36]
[12.37]
[12.39]
[12.39]
[12.4]
[12.36]
[12.39]
[12.4]
[12.41]
[12.52]
[12.25]
[12.25]
[12.03]
[12.31]
[26.75]
[15.2]
[15.05]
[15.12]
[15.03]
[15.09]
[15.17]
[15.22]
[15.41]
[15.4]
[15.43]
[15.24]
[15.14]
[15.08]
[15.29]
[15.3]
[15.23]
[15.22]
[15.17]
[15.21]
[15.24]
[15.21]
[15.26]
[15.09]
[15.03]
[14.94]
[15.09]
[15.28]
[15.3]
[15.52]
[15.38]
[15.46]
[15.26]
[15.55]
[15.54]
[15.27]
[22.36]
[17.87]
[15.85]
[42.75]
[82.22]
[94.05]
[93.25]
[90.97]
[55.68]
[49.63]
[58.09]
[56.67]
[54.59]
[53.59]
[58.05]
[53.08]
[41.74]
[57.88]
[58.89]
[56.17]
[56.45]
[59.98]
[24.57]
[23.68]
[48.95]
[58.59]
[52.66]
[61.65]
[55.39]
[15.63]
[15.57]
[49.45]
[48.02]
[57.5]
[95.04]
[91.35]
[127.12]
[159.08]
[215.85]
[192.9]
[144.63]
[136.75]
[131.02]
[99.64]
[86.83]
[129.19]
[131.03]
[129.73]
[130.49]
[130.52]
[92.3]
[87.76]
[90.33]
[91.84]
[90.24]
[92.4]
[96.82]
[52.74]
[45.22]
[55.96]
[60.38]
[51.61]
[55.5]
[62.81]
[54.04]
[56.12]
[53.08]
[60.33]
[38.11]
[64.66]
[62.07]
[50.21]
[45.53]
[67.12]
[58.52]
[53.52]
[50.52]
[53.77]
[41.06]
[38.17]
[35.45]
[50.08]
[57.71]
[43.73]
[61.41]
[54.5]
[42.43]
[96.98]
[93.31]
[95.73]
[93.08]
[91.61]
[94.94]
[85.74]
[88.4]
[98.74]
[90.94]
[95.37]
[98.5]
[45.13]
[47.61]
[67.66]
[39.1]
[71.69]
[37.29]
[69.59]
[19.53]
[12.7]
[49.99]
[27.12]
[31.05]
[19.21]
[28.46]
[14.31]
[9.94]
[17.83]
[28.86]
[44.83]
[46.46]
[52.06]
[24.01]
[9.42]
[50.97]
[57.23]
[44.2]
[37.8]
[12.15]
[9.41]
[10.47]
[20.43]
[33.31]
[48.25]
[44.01]
[55.45]
[12.7]
[10.36]
[51.64]
[50.92]
[50.38]
[49.93]
[49.1]
[13.79]
[10.13]
[29.22]
[34.2]
[23.2]
[39.35]
[38.77]
[14.08]
[10.2]
[32.49]
[35.58]
[33.86]
[32.24]
[29.9]
[23.23]
[16.87]
[24.9]
[28.37]
[17.49]
[16.74]
[47.53]
[16.06]
[15.03]
[32.65]
[36.66]
[33.79]
[32.62]
[31.6]
[12.79]
[8.68]
[29.3]
[28.48]
[33.01]
[32.79]
[29.71]
[12.11]
[7.79]
[7.39]
[5.3]
[5.33]
[5.36]
[5.41]
[5.44]
[5.46]
[5.48]
[5.51]
[5.52]
[5.54]
[5.55]
[5.56]
[5.57]
[5.58]
[5.41]
[5.59]
[5.59]
[5.59]
[5.59]
[5.59]
[5.59]
[5.52]
[9.82]
[15.53]
[16.95]
[20.82]
[11.7]
[14.18]
[15.4]
[23.39]
[19.41]
[16.47]
[11.42]
[6.71]
[12.54]
[12.67]
[10.63]
[11.37]
[12.05]
[14.44]
[14.47]
[12.32]
[14.46]
[13.82]
[14.57]
[14.58]
[8.47]
[14.78]
[14.81]
[14.47]
[5.31]
[5.31]
[5.29]
[6.65]
[12.03]
[10.97]
[11.68]
[7.09]
[5.32]
[5.32]
[5.33]
[5.32]
[5.32]
[7.66]
[5.32]
[5.32]
[5.32]
[5.29]
[5.21]
[5.09]
[5.1]
[5.1]
[5.1]
[5.11]
[5.11]
[5.1]
[5.12]
[5.22]
[5.48]
[5.49]
[5.27]
[5.12]
[5.13]
[5.12]
[5.12]
[5.11]
[5.16]
[8.76]
[8.76]
[8.94]
[8.95]
[8.95]
[10.8]
[10.34]
[8.93]
[12.82]
[12.41]
[9.78]
[12.71]
[13.05]
[9.78]
[9.61]
[13.47]
[13.71]
[13.82]
[13.8]
[20.11]
[12.1]
[10.21]
[15.44]
[19.36]
[24.22]
[16.35]
[13.82]
[12.91]
[11.05]
[11.21]
[12.63]
[12.73]
[13.93]
[14.]
[12.75]
[12.72]
[14.06]
[13.64]
[13.18]
[14.13]
[14.47]
[12.97]
[12.08]
[13.53]
[13.92]
[14.]
[14.03]
[13.47]
[12.53]
[12.61]
[12.89]
[13.87]
[13.64]
[12.29]
[13.75]
[12.77]
[12.77]
[13.97]
[13.97]
[12.95]
[15.58]
[14.78]
[14.97]
[14.82]
[14.67]
[14.69]
[14.7]
[14.81]
[14.7]
[17.5]
[18.04]
[19.37]
[14.58]
[14.62]
[14.69]
[14.75]
[14.6]
[14.39]
[14.42]
[14.49]
[14.55]
[14.59]
[14.62]
[14.6]
[14.31]
[14.23]
[14.12]
[14.15]
[14.3]
[14.52]
[14.49]
[14.43]
[14.23]
[14.17]
[14.28]
[14.37]
[14.29]
[14.2]
[14.09]
[14.11]
[14.23]
[14.04]
[14.13]
[14.15]
[14.07]
[14.02]
[13.88]
[13.88]
[13.78]
[13.82]
[13.92]
[14.08]
[13.97]
[13.86]
[13.82]
[13.83]
[13.99]
[14.01]
[13.84]
[13.78]
[13.71]
[13.96]
[14.1]
[13.99]
[13.72]
[16.98]
[13.92]
[13.67]
[13.53]
[13.42]
[13.41]
[13.36]
[14.17]
[14.52]
[14.48]
[14.44]
[14.41]
[14.38]
[14.37]
[14.35]
[14.34]
[14.31]
[15.25]
[14.32]
[14.31]
[14.29]
[14.29]
[14.58]
[14.56]
[12.15]
[11.95]
[11.88]
[11.87]
[11.82]
[13.39]
[11.95]
[11.94]
[11.89]
[11.86]
[11.86]
[11.84]
[11.83]
[11.81]
[11.86]
[11.86]
[11.8]
[11.8]
[11.79]
[11.78]
[11.77]
[11.96]
[11.94]
[11.9]
[11.85]
[11.35]
[11.83]
[11.8]
[12.]
[12.06]
[12.03]
[9.66]
[9.6]
[9.59]
[9.63]
[9.74]
[9.73]
[9.68]
[9.68]
[9.7]
[9.68]
[9.68]
[9.67]
[9.67]
[9.73]
[9.77]
[9.75]
[9.77]
[9.77]
[9.77]
[9.74]
[9.74]
[9.73]
[9.72]
[9.75]
[9.75]
[9.79]
[9.77]
[9.77]
[9.78]
[9.77]
[9.09]
[9.09]
[8.91]
[8.69]
[8.69]
[8.66]
[8.69]
[8.7]
[8.7]
[8.66]
[8.67]
[8.77]
[8.78]
[8.78]
[8.77]
[8.78]
[8.77]
[8.74]
[8.74]
[8.77]
[8.77]
[8.77]
[8.76]
[8.77]
[8.76]
[8.77]
[8.77]
[8.76]
[8.76]
[8.77]
[8.71]
[8.26]
[8.23]
[8.06]
[8.02]
[8.01]
[8.04]
[8.06]
[8.04]
[8.05]
[8.06]
[8.05]
[8.05]
[8.07]
[8.07]
[8.06]
[8.04]
[8.08]
[8.07]
[8.07]
[8.03]
[8.1]
[8.09]
[8.1]
[8.11]
[8.1]
[8.11]
[8.12]
[8.11]
[8.11]
[8.13]
[6.13]
[6.11]
[5.91]
[5.29]
[5.35]
[5.29]
[5.31]
[5.3]
[5.3]
[5.3]
[5.31]
[5.3]
[5.27]
[5.29]
[5.29]
[5.29]
[5.3]
[5.3]
[5.34]
[5.31]
[5.31]
[5.32]
[5.32]
[5.31]
[5.33]
[5.32]
[5.32]
[5.31]
[5.33]
[5.32]
[5.34]
[5.34]
[5.89]
[5.74]
[5.51]
[5.5]
[7.49]
[7.16]
[5.55]
[5.56]
[5.48]
[5.43]
[5.41]
[5.42]
[5.48]
[5.44]
[5.44]
[5.44]
[7.99]
[5.37]
[5.4]
[5.41]
[5.38]
[5.38]
[5.39]
[5.38]
[5.38]
[5.43]
[5.4]
[5.41]
[5.42]
[5.41]
[5.41]
[5.41]
[5.41]
[5.42]
[5.44]
[5.44]
[5.45]
[5.47]
[5.47]
[5.4]
[5.42]
[5.44]
[5.46]
[5.47]
[5.46]
[5.46]
[5.47]
[5.47]
[5.42]
[5.48]
[5.49]
[5.48]
[5.46]
[5.46]
[5.5]
[5.51]
[5.48]
[5.46]
[9.04]
[9.13]
[9.13]
[9.16]
[9.17]
[9.17]
[9.19]
[9.21]
[9.24]
[9.24]
[9.22]
[9.2]
[9.27]
[9.28]
[9.28]
[9.29]
[9.32]
[9.33]
[9.33]
[9.34]
[9.36]
[9.37]
[9.38]
[9.41]
[9.41]
[9.41]
[9.41]
[9.42]
[9.83]
[9.49]
[9.52]
[12.18]
[12.29]
[12.29]
[12.33]
[12.37]
[12.42]
[12.45]
[12.39]
[15.27]
[16.55]
[14.11]
[12.06]
[12.15]
[12.22]
[12.2]
[14.89]
[12.24]
[12.29]
[12.3]
[12.82]
[12.19]
[12.16]
[12.29]
[12.32]
[12.3]
[12.41]
[12.47]
[12.46]
[12.66]
[12.65]
[14.68]
[15.59]
[15.66]
[15.62]
[15.61]
[15.62]
[15.55]
[15.55]
[15.53]
[15.48]
[15.58]
[15.63]
[15.67]
[15.73]
[15.76]
[15.69]
[15.74]
[15.74]
[15.7]
[15.75]
[15.81]
[15.74]
[15.69]
[15.67]
[15.67]
[15.69]
[15.71]
[15.78]
[15.82]
[15.85]
[15.84]
[15.82]
[15.81]
[15.68]
[15.65]
[15.45]
[15.76]
[15.72]
[15.72]
[15.72]
[15.86]
[15.62]
[15.55]
[15.84]
[15.47]
[15.85]
[15.91]
[15.89]
[15.6]
[15.96]
[15.99]
[15.84]
[15.77]
[15.99]
[15.57]
[15.56]
[15.78]
[15.69]
[15.67]
[15.63]
[15.75]
[15.5]
[15.92]
[15.96]
[15.99]
[16.2]
[15.99]
[15.99]
[15.96]
[15.93]
[15.94]
[15.96]
[15.89]
[15.75]
[15.57]
[14.85]
[16.98]
[17.18]
[17.15]
[16.64]
[16.94]
[16.89]
[16.85]
[16.85]
[16.82]
[22.09]
[48.14]
[54.09]
[52.25]
[50.82]
[26.21]
[24.32]
[46.38]
[54.6]
[55.32]
[58.59]
[42.22]
[59.61]
[52.27]
[91.07]
[134.99]
[99.13]
[93.08]
[89.49]
[90.15]
[90.7]
[92.91]
[90.54]
[92.41]
[91.17]
[89.85]
[54.37]
[55.31]
[91.98]
[89.63]
[92.51]
[92.65]
[53.92]
[58.15]
[118.86]
[121.02]
[128.01]
[129.11]
[130.04]
[130.07]
[129.96]
[130.52]
[93.73]
[94.19]
[93.43]
[94.32]
[94.03]
[49.04]
[42.92]
[63.69]
[56.03]
[54.7]
[38.34]
[11.79]
[11.72]
[12.96]
[33.11]
[57.23]
[47.44]
[52.93]
[38.46]
[13.38]
[10.84]
[32.12]
[12.86]
[13.04]
[11.96]
[9.06]
[9.09]
[9.87]
[13.99]
[13.87]
[12.77]
[11.54]
[13.62]
[10.08]
[9.89]
[11.66]
[11.41]
[10.97]
[12.27]
[12.58]
[13.52]
[14.11]
[18.19]
[19.12]
[13.6]
[13.55]
[13.48]
[13.43]
[13.64]
[13.07]
[13.76]
[13.75]
[12.85]
[13.71]
[11.22]
[9.92]
[11.7]
[12.05]
[15.5]
[15.5]
[20.41]
[11.86]
[11.21]
[12.16]
[10.03]
[8.58]
[11.93]
[24.96]
[9.81]
[9.12]
[11.89]
[11.97]
[19.72]
[18.14]
[16.04]
[11.71]
[13.74]
[39.18]
[46.43]
[42.22]
[40.7]
[29.17]
[11.6]
[7.7]
[7.77]
[5.18]
[5.21]
[5.24]
[5.27]
[5.28]
[5.29]
[5.31]
[5.33]
[5.34]
[5.35]
[5.36]
[5.37]
[5.38]
[5.39]