0.8891648720974076, 0.8951337424998583, 3.7899712730301656, 202.65674370021554[11.330801]
[8.940547]
[7.5967445]
[9.098362]
[8.47748]
[5.6607046]
[4.7546377]
[4.923061]
[4.905574]
[4.8637404]
[4.9067984]
[4.770049]
[4.865206]
[6.7078853]
[7.512709]
[7.4400535]
[7.5081806]
[7.8489985]
[9.095229]
[10.124659]
[9.317532]
[8.6113405]
[8.366513]
[8.229772]
[8.149996]
[8.104938]
[8.117824]
[8.137581]
[8.033885]
[7.9696217]
[7.881006]
[7.852226]
[8.063337]
[8.155135]
[8.083657]
[8.132651]
[8.135245]
[8.026097]
[11.4419155]
[9.457406]
[8.38401]
[8.80227]
[9.064649]
[8.955774]
[10.2646475]
[10.689823]
[10.595899]
[10.624929]
[10.569824]
[10.919593]
[11.142538]
[11.024391]
[10.718689]
[10.725645]
[10.62045]
[10.551395]
[10.555523]
[10.598109]
[10.525917]
[10.493524]
[10.506085]
[10.530761]
[10.453653]
[10.501685]
[10.523145]
[10.48778]
[10.880354]
[11.143087]
[10.826849]
[10.934655]
[13.096229]
[9.13598]
[9.632448]
[10.520707]
[32.867218]
[19.054941]
[12.432952]
[12.41723]
[12.377337]
[12.365162]
[12.522433]
[12.6968775]
[12.596015]
[12.708002]
[12.817564]
[12.563935]
[12.525961]
[12.672326]
[12.934887]
[12.7521105]
[12.762924]
[12.5811615]
[13.110959]
[13.1215515]
[12.8073435]
[12.92847]
[12.995824]
[12.835924]
[12.802583]
[12.298482]
[12.606555]
[13.0849085]
[13.002909]
[13.441763]
[13.679886]
[13.976526]
[18.512379]
[21.899073]
[20.572443]
[30.667595]
[46.224796]
[22.52003]
[64.90866]
[71.14208]
[86.06913]
[91.61908]
[129.93005]
[93.8373]
[71.68527]
[60.125298]
[60.396297]
[59.64311]
[54.670128]
[50.704636]
[50.854126]
[48.28503]
[40.936577]
[44.907257]
[48.4359]
[47.321186]
[46.32229]
[50.294502]
[33.660545]
[27.085207]
[39.84932]
[46.1704]
[42.858414]
[44.89107]
[41.889286]
[24.06274]
[19.719208]
[42.668056]
[47.910767]
[56.443295]
[96.26019]
[142.79408]
[150.21404]
[168.8969]
[195.84581]
[177.48563]
[144.99615]
[142.07568]
[128.6254]
[109.155716]
[89.01956]
[106.34126]
[115.2193]
[115.67007]
[120.27692]
[123.267]
[108.29005]
[97.90446]
[94.41535]
[93.83564]
[89.96069]
[88.42641]
[91.29567]
[67.647156]
[64.17706]
[71.10483]
[74.12819]
[68.76875]
[68.54844]
[69.45478]
[61.68587]
[58.04172]
[54.428547]
[55.56313]
[44.264526]
[50.979847]
[52.944206]
[47.651337]
[45.25921]
[54.22084]
[50.510757]
[44.259785]
[40.61536]
[40.84035]
[38.132893]
[40.16794]
[41.4407]
[53.727325]
[66.496544]
[58.188656]
[63.96214]
[58.150467]
[49.169136]
[84.52072]
[96.53234]
[89.562935]
[83.05409]
[78.455376]
[78.85442]
[75.62823]
[81.400406]
[91.08515]
[88.46677]
[92.16141]
[100.120705]
[71.03919]
[67.664856]
[76.353226]
[61.61363]
[68.531166]
[54.20677]
[61.436626]
[40.312866]
[26.38027]
[44.55037]
[37.485832]
[33.969944]
[27.534647]
[28.809418]
[22.701038]
[16.978539]
[19.455334]
[24.984177]
[31.50804]
[32.39499]
[34.58839]
[27.559666]
[19.548103]
[37.2183]
[44.181694]
[38.09472]
[34.671764]
[24.822647]
[19.998539]
[20.636263]
[24.322931]
[28.850264]
[33.838932]
[32.300453]
[35.293716]
[20.449133]
[14.123573]
[32.655865]
[34.781326]
[32.407963]
[33.139294]
[31.940592]
[19.452093]
[16.189648]
[26.580196]
[29.642366]
[23.38966]
[27.045155]
[27.206179]
[16.757923]
[11.166705]
[20.316933]
[23.89146]
[22.9154]
[21.344513]
[19.921646]
[16.79004]
[13.244844]
[16.196058]
[19.157526]
[15.771161]
[16.125822]
[32.71909]
[22.914797]
[14.826843]
[21.530445]
[24.396502]
[23.02234]
[21.73511]
[20.74221]
[12.528394]
[8.0905]
[16.765575]
[18.280174]
[18.879738]
[20.249655]
[19.479036]
[11.900137]
[7.324047]
[6.6045337]
[5.5486283]
[5.144988]
[5.175483]
[5.555071]
[5.562418]
[5.1658254]
[4.95738]
[4.8560905]
[4.8913026]
[4.8208284]
[4.691939]
[4.537907]
[4.4586678]
[4.461993]
[4.378147]
[4.3628936]
[4.245538]
[4.1736264]
[4.1736264]
[4.1736264]
[4.1736264]
[4.098218]
[5.686902]
[9.629012]
[10.058088]
[11.2378645]
[8.409005]
[8.443943]
[9.369618]
[12.578051]
[12.075202]
[10.587761]
[8.28438]
[5.470061]
[7.4086075]
[8.225083]
[7.2578316]
[7.3543987]
[7.805304]
[9.113328]
[9.636975]
[8.594812]
[9.211327]
[14.898712]
[11.887131]
[10.218652]
[7.3959675]
[9.6320505]
[10.565657]
[10.184461]
[6.1984024]
[4.8015857]
[4.8807592]
[5.5619035]
[8.150949]
[8.676214]
[8.641339]
[6.595381]
[5.092603]
[4.911053]
[4.9618554]
[5.001639]
[4.8750315]
[6.083141]
[5.3952694]
[4.870842]
[4.982035]
[4.9475975]
[4.9396715]
[4.6447573]
[5.048212]
[5.4465585]
[5.2973785]
[5.264095]
[5.1425085]
[4.990167]
[5.0016108]
[5.093553]
[5.1815076]
[5.188937]
[5.0077963]
[5.2052774]
[5.1123776]
[4.9779105]
[5.0550766]
[5.054733]
[5.1202335]
[6.875653]
[7.572711]
[11.467656]
[9.194173]
[7.6915407]
[8.809021]
[8.700498]
[7.9351172]
[10.401747]
[10.3494215]
[8.683957]
[9.8862705]
[10.545973]
[8.883681]
[8.289821]
[10.413777]
[11.449996]
[11.338752]
[11.361246]
[15.360149]
[11.733497]
[8.891893]
[11.83839]
[15.401261]
[18.915607]
[14.854239]
[11.796592]
[10.935801]
[9.733605]
[9.64242]
[10.467189]
[10.675772]
[11.48155]
[11.728598]
[10.972503]
[10.873586]
[11.826749]
[11.427907]
[11.183755]
[12.013667]
[12.276411]
[11.252622]
[10.520155]
[11.466855]
[11.926735]
[11.850347]
[11.843504]
[11.437133]
[10.925444]
[10.436376]
[10.891107]
[12.38983]
[12.371261]
[10.851185]
[11.678135]
[12.162211]
[11.697166]
[12.050721]
[12.165061]
[11.472124]
[12.863893]
[12.572456]
[12.577695]
[12.559899]
[12.399658]
[12.229091]
[12.174265]
[12.356236]
[12.23007]
[13.740198]
[16.442055]
[16.056156]
[12.858632]
[12.20207]
[12.617302]
[12.895093]
[13.253707]
[12.800734]
[12.535859]
[12.4776745]
[12.460989]
[12.61675]
[12.559261]
[12.579677]
[12.4169655]
[12.287541]
[12.121269]
[12.224804]
[12.240901]
[12.441765]
[12.409543]
[12.391598]
[12.283136]
[12.309346]
[12.278095]
[12.395914]
[12.407865]
[12.251603]
[12.190782]
[12.19659]
[12.303609]
[12.2563925]
[12.280675]
[12.341214]
[12.411476]
[12.495756]
[12.220626]
[12.299871]
[12.301827]
[12.118479]
[12.30933]
[12.47809]
[12.397171]
[12.331448]
[12.303432]
[12.348126]
[12.356652]
[12.51354]
[12.513831]
[12.511016]
[12.439885]
[12.50312]
[12.692319]
[12.975392]
[15.593642]
[19.395517]
[19.123201]
[21.840307]
[11.474656]
[10.083842]
[13.901951]
[13.888675]
[14.232103]
[14.391068]
[14.14587]
[14.076449]
[14.041786]
[14.059497]
[13.840699]
[13.625198]
[13.65533]
[13.686708]
[14.11728]
[13.597182]
[13.375342]
[13.291954]
[13.326978]
[12.799909]
[13.054391]
[11.833319]
[11.353051]
[11.071222]
[11.099224]
[11.495469]
[12.524]
[11.942437]
[11.520323]
[11.271694]
[11.1487875]
[11.0105095]
[10.807773]
[10.986124]
[10.930035]
[10.877476]
[10.731647]
[10.669863]
[10.603712]
[10.529383]
[10.397874]
[10.351364]
[10.540003]
[11.250596]
[12.112734]
[12.367279]
[12.278826]
[11.6066675]
[11.421958]
[11.2111635]
[11.108482]
[11.085153]
[10.099658]
[9.781265]
[9.324427]
[9.027784]
[9.046984]
[8.989371]
[9.0448885]
[8.955801]
[9.027849]
[8.936911]
[8.880634]
[8.986059]
[8.837017]
[8.955519]
[8.877094]
[8.917443]
[8.903258]
[8.923292]
[8.873418]
[8.86582]
[8.799574]
[8.807657]
[8.740574]
[8.721954]
[8.730307]
[8.792763]
[8.733697]
[8.651496]
[8.757102]
[8.642976]
[8.3712845]
[8.259127]
[8.194047]
[7.982802]
[7.792019]
[7.8733068]
[7.9963436]
[8.0024605]
[7.968727]
[7.7211146]
[7.64749]
[7.461596]
[8.500996]
[8.777806]
[8.596058]
[8.437011]
[8.274843]
[8.177244]
[8.118759]
[8.006808]
[8.113474]
[8.031966]
[7.9617615]
[8.03913]
[7.8821025]
[7.7261915]
[7.949133]
[8.210213]
[8.018839]
[8.20377]
[8.237421]
[7.8497357]
[7.596154]
[7.4550753]
[7.4290214]
[7.3131213]
[7.3486886]
[7.439357]
[7.4220824]
[7.2900014]
[7.358069]
[7.336396]
[7.303754]
[7.311524]
[7.35871]
[7.2601438]
[7.3178406]
[7.30796]
[7.3262553]
[7.2773175]
[7.1817956]
[7.3631396]
[7.3021507]
[7.193768]
[7.257479]
[7.348399]
[7.2474103]
[7.2798843]
[7.203131]
[7.3058205]
[7.3795934]
[6.3185596]
[5.9775324]
[5.9070544]
[5.4356475]
[5.3854775]
[5.277395]
[5.3554244]
[5.3484993]
[5.244819]
[5.357808]
[5.3567533]
[5.323611]
[5.3111954]
[5.315435]
[5.39776]
[5.3604856]
[5.261413]
[5.458963]
[5.355653]
[5.2609754]
[5.410546]
[5.4082155]
[5.382608]
[5.38407]
[5.396807]
[5.402803]
[5.404969]
[5.406959]
[5.4178195]
[5.507608]
[5.39917]
[5.5004563]
[5.7351103]
[5.777167]
[8.5639515]
[6.5737433]
[6.9631925]
[7.417086]
[6.1051574]
[5.679587]
[5.6780005]
[5.6462536]
[5.929462]
[5.718745]
[5.921983]
[5.737521]
[5.9298058]
[5.743836]
[7.4527984]
[6.552136]
[5.9720054]
[5.941561]
[5.9120646]
[5.882606]
[5.853158]
[5.6405225]
[5.762632]
[5.5725656]
[7.366664]
[6.1113153]
[5.5258536]
[5.6518846]
[5.505037]
[5.4676456]
[5.5801377]
[5.446287]
[5.5286913]
[5.508275]
[5.3881187]
[5.460198]
[5.3595276]
[5.316723]
[5.297964]
[5.3663445]
[5.2715044]
[5.3234506]
[5.227538]
[5.23009]
[5.223028]
[5.239269]
[5.1204934]
[5.1576586]
[5.181857]
[5.095077]
[5.108075]
[5.1093035]
[5.040008]
[5.096233]
[5.0247145]
[4.986031]
[7.4926963]
[7.8409576]
[8.097122]
[7.854843]
[8.085325]
[8.183746]
[8.148635]
[8.111314]
[8.584711]
[8.236962]
[8.539869]
[8.192786]
[8.495393]
[8.149135]
[8.452702]
[8.595871]
[8.102281]
[8.038276]
[8.052926]
[8.068245]
[8.093416]
[8.124522]
[8.0576725]
[8.36301]
[8.164252]
[8.570553]
[8.484444]
[8.178239]
[8.811808]
[8.94219]
[8.9168]
[10.309025]
[10.7196]
[10.682565]
[11.103333]
[10.749712]
[11.024033]
[11.572655]
[11.659836]
[14.192772]
[15.98706]
[14.603378]
[11.621092]
[11.245998]
[11.327169]
[11.703309]
[14.611462]
[12.4925995]
[11.651048]
[11.599558]
[11.953091]
[11.202893]
[10.925641]
[10.930418]
[11.138559]
[11.17688]
[11.345938]
[11.30963]
[11.187968]
[11.285482]
[11.242177]
[12.376521]
[12.506532]
[12.435261]
[12.307049]
[11.856745]
[11.596795]
[11.364852]
[11.400192]
[11.971485]
[14.915601]
[16.383415]
[22.473322]
[15.756611]
[14.452]
[11.834061]
[14.010873]
[14.548102]
[14.469937]
[14.34586]
[14.2977295]
[14.184892]
[14.069216]
[13.983741]
[13.832912]
[13.678619]
[14.697105]
[15.265918]
[14.359583]
[14.915385]
[14.637545]
[14.331383]
[13.229301]
[11.9595995]
[12.861596]
[11.646372]
[13.239365]
[13.582612]
[15.666707]
[15.734803]
[15.46366]
[14.621908]
[13.839918]
[15.6676855]
[15.322236]
[15.656643]
[16.09451]
[15.938328]
[16.098593]
[15.750113]
[15.81025]
[15.793754]
[15.571927]
[15.436062]
[15.619952]
[14.777171]
[15.068517]
[16.211649]
[16.219393]
[15.742427]
[15.395246]
[15.251314]
[14.875321]
[15.126093]
[15.311075]
[15.2991295]
[16.026196]
[15.86728]
[15.462156]
[15.300932]
[15.135307]
[15.436029]
[15.4235935]
[15.769786]
[20.475925]
[22.984592]
[18.72768]
[27.581003]
[26.374603]
[22.862923]
[21.808357]
[19.568083]
[6.1915617]
[12.485514]
[16.46037]
[16.223145]
[19.09235]
[34.24609]
[40.748035]
[47.731297]
[55.77581]
[43.931694]
[38.44223]
[57.801315]
[66.36269]
[68.30343]
[66.11462]
[57.46293]
[62.6564]
[80.79556]
[89.11379]
[115.74666]
[114.38148]
[114.25739]
[102.60784]
[102.7707]
[98.404686]
[99.21549]
[95.94201]
[93.285065]
[87.49394]
[84.65207]
[65.11247]
[69.842606]
[86.75557]
[86.14585]
[84.63174]
[86.40289]
[72.16841]
[81.00889]
[104.23424]
[117.522484]
[133.08612]
[133.58015]
[127.60299]
[128.91685]
[131.24226]
[127.82636]
[105.658966]
[97.16366]
[97.2658]
[96.810814]
[93.50405]
[65.22552]
[52.2178]
[59.144043]
[56.52093]
[52.778336]
[43.092163]
[26.014378]
[20.457668]
[20.793434]
[31.091564]
[43.014328]
[39.97146]
[39.73504]
[34.355366]
[20.93241]
[15.40311]
[26.077377]
[20.073618]
[15.92997]
[15.1543255]
[13.251721]
[12.195071]
[11.950447]
[13.539037]
[13.679874]
[12.656253]
[11.567432]
[12.031703]
[10.615556]
[10.024812]
[10.955157]
[11.039094]
[10.3719225]
[10.42258]
[10.5050125]
[10.610518]
[10.676166]
[12.185011]
[12.734839]
[10.318377]
[9.512177]
[10.04291]
[10.798388]
[10.985877]
[10.286299]
[10.118608]
[10.064101]
[9.55103]
[9.701661]
[8.756694]
[7.6887493]
[8.304502]
[9.299945]
[11.330423]
[11.815576]
[13.773378]
[11.452427]
[10.783931]
[11.54773]
[10.173845]
[8.508445]
[9.237789]
[14.458471]
[9.624316]
[6.91976]
[7.936095]
[8.057885]
[10.759793]
[10.880608]
[9.73878]
[7.8077703]
[7.938863]
[17.109764]
[20.45526]
[20.183058]
[20.259426]
[16.218058]
[10.80621]
[9.221078]
[8.968175]
[6.9704447]
[5.9410276]
[5.4154077]
[5.0724015]
[4.560464]
[4.2000628]
[4.3824677]
[4.564125]
[4.4042125]
[4.1371636]
[4.141346]
[4.061347]
[3.8857982][10.25]
[9.45]
[13.02]
[10.69]
[5.31]
[5.25]
[5.26]
[5.31]
[5.31]
[5.3]
[5.29]
[5.3]
[9.25]
[9.31]
[9.28]
[9.29]
[9.27]
[9.26]
[9.25]
[9.26]
[9.26]
[9.27]
[9.25]
[9.25]
[9.32]
[9.28]
[9.26]
[9.22]
[9.21]
[9.23]
[9.23]
[9.06]
[9.24]
[9.25]
[9.24]
[9.29]
[9.55]
[9.28]
[9.27]
[9.27]
[9.25]
[9.24]
[9.28]
[12.21]
[12.29]
[12.32]
[12.27]
[12.3]
[12.29]
[12.25]
[12.25]
[12.25]
[12.29]
[12.3]
[12.3]
[12.31]
[12.36]
[12.34]
[12.35]
[12.36]
[12.37]
[12.39]
[12.39]
[12.4]
[12.36]
[12.39]
[12.4]
[12.41]
[12.52]
[12.25]
[12.25]
[12.03]
[12.31]
[26.75]
[15.2]
[15.05]
[15.12]
[15.03]
[15.09]
[15.17]
[15.22]
[15.41]
[15.4]
[15.43]
[15.24]
[15.14]
[15.08]
[15.29]
[15.3]
[15.23]
[15.22]
[15.17]
[15.21]
[15.24]
[15.21]
[15.26]
[15.09]
[15.03]
[14.94]
[15.09]
[15.28]
[15.3]
[15.52]
[15.38]
[15.46]
[15.26]
[15.55]
[15.54]
[15.27]
[22.36]
[17.87]
[15.85]
[42.75]
[82.22]
[94.05]
[93.25]
[90.97]
[55.68]
[49.63]
[58.09]
[56.67]
[54.59]
[53.59]
[58.05]
[53.08]
[41.74]
[57.88]
[58.89]
[56.17]
[56.45]
[59.98]
[24.57]
[23.68]
[48.95]
[58.59]
[52.66]
[61.65]
[55.39]
[15.63]
[15.57]
[49.45]
[48.02]
[57.5]
[95.04]
[91.35]
[127.12]
[159.08]
[215.85]
[192.9]
[144.63]
[136.75]
[131.02]
[99.64]
[86.83]
[129.19]
[131.03]
[129.73]
[130.49]
[130.52]
[92.3]
[87.76]
[90.33]
[91.84]
[90.24]
[92.4]
[96.82]
[52.74]
[45.22]
[55.96]
[60.38]
[51.61]
[55.5]
[62.81]
[54.04]
[56.12]
[53.08]
[60.33]
[38.11]
[64.66]
[62.07]
[50.21]
[45.53]
[67.12]
[58.52]
[53.52]
[50.52]
[53.77]
[41.06]
[38.17]
[35.45]
[50.08]
[57.71]
[43.73]
[61.41]
[54.5]
[42.43]
[96.98]
[93.31]
[95.73]
[93.08]
[91.61]
[94.94]
[85.74]
[88.4]
[98.74]
[90.94]
[95.37]
[98.5]
[45.13]
[47.61]
[67.66]
[39.1]
[71.69]
[37.29]
[69.59]
[19.53]
[12.7]
[49.99]
[27.12]
[31.05]
[19.21]
[28.46]
[14.31]
[9.94]
[17.83]
[28.86]
[44.83]
[46.46]
[52.06]
[24.01]
[9.42]
[50.97]
[57.23]
[44.2]
[37.8]
[12.15]
[9.41]
[10.47]
[20.43]
[33.31]
[48.25]
[44.01]
[55.45]
[12.7]
[10.36]
[51.64]
[50.92]
[50.38]
[49.93]
[49.1]
[13.79]
[10.13]
[29.22]
[34.2]
[23.2]
[39.35]
[38.77]
[14.08]
[10.2]
[32.49]
[35.58]
[33.86]
[32.24]
[29.9]
[23.23]
[16.87]
[24.9]
[28.37]
[17.49]
[16.74]
[47.53]
[16.06]
[15.03]
[32.65]
[36.66]
[33.79]
[32.62]
[31.6]
[12.79]
[8.68]
[29.3]
[28.48]
[33.01]
[32.79]
[29.71]
[12.11]
[7.79]
[7.39]
[5.3]
[5.33]
[5.36]
[5.41]
[5.44]
[5.46]
[5.48]
[5.51]
[5.52]
[5.54]
[5.55]
[5.56]
[5.57]
[5.58]
[5.41]
[5.59]
[5.59]
[5.59]
[5.59]
[5.59]
[5.59]
[5.52]
[9.82]
[15.53]
[16.95]
[20.82]
[11.7]
[14.18]
[15.4]
[23.39]
[19.41]
[16.47]
[11.42]
[6.71]
[12.54]
[12.67]
[10.63]
[11.37]
[12.05]
[14.44]
[14.47]
[12.32]
[14.46]
[13.82]
[14.57]
[14.58]
[8.47]
[14.78]
[14.81]
[14.47]
[5.31]
[5.31]
[5.29]
[6.65]
[12.03]
[10.97]
[11.68]
[7.09]
[5.32]
[5.32]
[5.33]
[5.32]
[5.32]
[7.66]
[5.32]
[5.32]
[5.32]
[5.29]
[5.21]
[5.09]
[5.1]
[5.1]
[5.1]
[5.11]
[5.11]
[5.1]
[5.12]
[5.22]
[5.48]
[5.49]
[5.27]
[5.12]
[5.13]
[5.12]
[5.12]
[5.11]
[5.16]
[8.76]
[8.76]
[8.94]
[8.95]
[8.95]
[10.8]
[10.34]
[8.93]
[12.82]
[12.41]
[9.78]
[12.71]
[13.05]
[9.78]
[9.61]
[13.47]
[13.71]
[13.82]
[13.8]
[20.11]
[12.1]
[10.21]
[15.44]
[19.36]
[24.22]
[16.35]
[13.82]
[12.91]
[11.05]
[11.21]
[12.63]
[12.73]
[13.93]
[14.]
[12.75]
[12.72]
[14.06]
[13.64]
[13.18]
[14.13]
[14.47]
[12.97]
[12.08]
[13.53]
[13.92]
[14.]
[14.03]
[13.47]
[12.53]
[12.61]
[12.89]
[13.87]
[13.64]
[12.29]
[13.75]
[12.77]
[12.77]
[13.97]
[13.97]
[12.95]
[15.58]
[14.78]
[14.97]
[14.82]
[14.67]
[14.69]
[14.7]
[14.81]
[14.7]
[17.5]
[18.04]
[19.37]
[14.58]
[14.62]
[14.69]
[14.75]
[14.6]
[14.39]
[14.42]
[14.49]
[14.55]
[14.59]
[14.62]
[14.6]
[14.31]
[14.23]
[14.12]
[14.15]
[14.3]
[14.52]
[14.49]
[14.43]
[14.23]
[14.17]
[14.28]
[14.37]
[14.29]
[14.2]
[14.09]
[14.11]
[14.23]
[14.04]
[14.13]
[14.15]
[14.07]
[14.02]
[13.88]
[13.88]
[13.78]
[13.82]
[13.92]
[14.08]
[13.97]
[13.86]
[13.82]
[13.83]
[13.99]
[14.01]
[13.84]
[13.78]
[13.71]
[13.96]
[14.1]
[13.99]
[13.72]
[16.98]
[13.92]
[13.67]
[13.53]
[13.42]
[13.41]
[13.36]
[14.17]
[14.52]
[14.48]
[14.44]
[14.41]
[14.38]
[14.37]
[14.35]
[14.34]
[14.31]
[15.25]
[14.32]
[14.31]
[14.29]
[14.29]
[14.58]
[14.56]
[12.15]
[11.95]
[11.88]
[11.87]
[11.82]
[13.39]
[11.95]
[11.94]
[11.89]
[11.86]
[11.86]
[11.84]
[11.83]
[11.81]
[11.86]
[11.86]
[11.8]
[11.8]
[11.79]
[11.78]
[11.77]
[11.96]
[11.94]
[11.9]
[11.85]
[11.35]
[11.83]
[11.8]
[12.]
[12.06]
[12.03]
[9.66]
[9.6]
[9.59]
[9.63]
[9.74]
[9.73]
[9.68]
[9.68]
[9.7]
[9.68]
[9.68]
[9.67]
[9.67]
[9.73]
[9.77]
[9.75]
[9.77]
[9.77]
[9.77]
[9.74]
[9.74]
[9.73]
[9.72]
[9.75]
[9.75]
[9.79]
[9.77]
[9.77]
[9.78]
[9.77]
[9.09]
[9.09]
[8.91]
[8.69]
[8.69]
[8.66]
[8.69]
[8.7]
[8.7]
[8.66]
[8.67]
[8.77]
[8.78]
[8.78]
[8.77]
[8.78]
[8.77]
[8.74]
[8.74]
[8.77]
[8.77]
[8.77]
[8.76]
[8.77]
[8.76]
[8.77]
[8.77]
[8.76]
[8.76]
[8.77]
[8.71]
[8.26]
[8.23]
[8.06]
[8.02]
[8.01]
[8.04]
[8.06]
[8.04]
[8.05]
[8.06]
[8.05]
[8.05]
[8.07]
[8.07]
[8.06]
[8.04]
[8.08]
[8.07]
[8.07]
[8.03]
[8.1]
[8.09]
[8.1]
[8.11]
[8.1]
[8.11]
[8.12]
[8.11]
[8.11]
[8.13]
[6.13]
[6.11]
[5.91]
[5.29]
[5.35]
[5.29]
[5.31]
[5.3]
[5.3]
[5.3]
[5.31]
[5.3]
[5.27]
[5.29]
[5.29]
[5.29]
[5.3]
[5.3]
[5.34]
[5.31]
[5.31]
[5.32]
[5.32]
[5.31]
[5.33]
[5.32]
[5.32]
[5.31]
[5.33]
[5.32]
[5.34]
[5.34]
[5.89]
[5.74]
[5.51]
[5.5]
[7.49]
[7.16]
[5.55]
[5.56]
[5.48]
[5.43]
[5.41]
[5.42]
[5.48]
[5.44]
[5.44]
[5.44]
[7.99]
[5.37]
[5.4]
[5.41]
[5.38]
[5.38]
[5.39]
[5.38]
[5.38]
[5.43]
[5.4]
[5.41]
[5.42]
[5.41]
[5.41]
[5.41]
[5.41]
[5.42]
[5.44]
[5.44]
[5.45]
[5.47]
[5.47]
[5.4]
[5.42]
[5.44]
[5.46]
[5.47]
[5.46]
[5.46]
[5.47]
[5.47]
[5.42]
[5.48]
[5.49]
[5.48]
[5.46]
[5.46]
[5.5]
[5.51]
[5.48]
[5.46]
[9.04]
[9.13]
[9.13]
[9.16]
[9.17]
[9.17]
[9.19]
[9.21]
[9.24]
[9.24]
[9.22]
[9.2]
[9.27]
[9.28]
[9.28]
[9.29]
[9.32]
[9.33]
[9.33]
[9.34]
[9.36]
[9.37]
[9.38]
[9.41]
[9.41]
[9.41]
[9.41]
[9.42]
[9.83]
[9.49]
[9.52]
[12.18]
[12.29]
[12.29]
[12.33]
[12.37]
[12.42]
[12.45]
[12.39]
[15.27]
[16.55]
[14.11]
[12.06]
[12.15]
[12.22]
[12.2]
[14.89]
[12.24]
[12.29]
[12.3]
[12.82]
[12.19]
[12.16]
[12.29]
[12.32]
[12.3]
[12.41]
[12.47]
[12.46]
[12.66]
[12.65]
[14.68]
[15.59]
[15.66]
[15.62]
[15.61]
[15.62]
[15.55]
[15.55]
[15.53]
[15.48]
[15.58]
[15.63]
[15.67]
[15.73]
[15.76]
[15.69]
[15.74]
[15.74]
[15.7]
[15.75]
[15.81]
[15.74]
[15.69]
[15.67]
[15.67]
[15.69]
[15.71]
[15.78]
[15.82]
[15.85]
[15.84]
[15.82]
[15.81]
[15.68]
[15.65]
[15.45]
[15.76]
[15.72]
[15.72]
[15.72]
[15.86]
[15.62]
[15.55]
[15.84]
[15.47]
[15.85]
[15.91]
[15.89]
[15.6]
[15.96]
[15.99]
[15.84]
[15.77]
[15.99]
[15.57]
[15.56]
[15.78]
[15.69]
[15.67]
[15.63]
[15.75]
[15.5]
[15.92]
[15.96]
[15.99]
[16.2]
[15.99]
[15.99]
[15.96]
[15.93]
[15.94]
[15.96]
[15.89]
[15.75]
[15.57]
[14.85]
[16.98]
[17.18]
[17.15]
[16.64]
[16.94]
[16.89]
[16.85]
[16.85]
[16.82]
[22.09]
[48.14]
[54.09]
[52.25]
[50.82]
[26.21]
[24.32]
[46.38]
[54.6]
[55.32]
[58.59]
[42.22]
[59.61]
[52.27]
[91.07]
[134.99]
[99.13]
[93.08]
[89.49]
[90.15]
[90.7]
[92.91]
[90.54]
[92.41]
[91.17]
[89.85]
[54.37]
[55.31]
[91.98]
[89.63]
[92.51]
[92.65]
[53.92]
[58.15]
[118.86]
[121.02]
[128.01]
[129.11]
[130.04]
[130.07]
[129.96]
[130.52]
[93.73]
[94.19]
[93.43]
[94.32]
[94.03]
[49.04]
[42.92]
[63.69]
[56.03]
[54.7]
[38.34]
[11.79]
[11.72]
[12.96]
[33.11]
[57.23]
[47.44]
[52.93]
[38.46]
[13.38]
[10.84]
[32.12]
[12.86]
[13.04]
[11.96]
[9.06]
[9.09]
[9.87]
[13.99]
[13.87]
[12.77]
[11.54]
[13.62]
[10.08]
[9.89]
[11.66]
[11.41]
[10.97]
[12.27]
[12.58]
[13.52]
[14.11]
[18.19]
[19.12]
[13.6]
[13.55]
[13.48]
[13.43]
[13.64]
[13.07]
[13.76]
[13.75]
[12.85]
[13.71]
[11.22]
[9.92]
[11.7]
[12.05]
[15.5]
[15.5]
[20.41]
[11.86]
[11.21]
[12.16]
[10.03]
[8.58]
[11.93]
[24.96]
[9.81]
[9.12]
[11.89]
[11.97]
[19.72]
[18.14]
[16.04]
[11.71]
[13.74]
[39.18]
[46.43]
[42.22]
[40.7]
[29.17]
[11.6]
[7.7]
[7.77]
[5.18]
[5.21]
[5.24]
[5.27]
[5.28]
[5.29]
[5.31]
[5.33]
[5.34]
[5.35]
[5.36]
[5.37]
[5.38]
[5.39]