0.8978879477219303, 0.9028248536949975, 4.588455487054455, 194.51847188422602[11.230508]
[8.528007]
[7.4509263]
[9.4211035]
[8.397392]
[4.99688]
[4.359896]
[4.458653]
[4.401891]
[4.404355]
[4.3949785]
[4.2994585]
[4.390632]
[6.7065825]
[7.2845197]
[7.2139397]
[7.3471866]
[7.755518]
[9.755755]
[10.409127]
[8.793949]
[8.167878]
[7.8965225]
[7.8408885]
[7.731931]
[7.7623158]
[7.7638197]
[7.7424774]
[7.6058984]
[7.576138]
[7.4953566]
[7.6201487]
[7.756113]
[7.7621045]
[7.686072]
[7.785504]
[7.7349277]
[7.7900453]
[11.728043]
[8.741427]
[8.317221]
[8.917413]
[9.097437]
[8.794576]
[10.208758]
[10.425747]
[10.334045]
[10.411355]
[10.327784]
[10.87253]
[11.03434]
[10.81971]
[10.4586315]
[10.553489]
[10.374272]
[10.34791]
[10.3618]
[10.413647]
[10.316577]
[10.312883]
[10.336549]
[10.366944]
[10.275707]
[10.379337]
[10.39489]
[10.4061365]
[10.955207]
[11.111555]
[10.675305]
[10.921554]
[13.26636]
[8.418616]
[9.874304]
[10.438551]
[36.829575]
[16.558453]
[12.472304]
[12.438373]
[12.409875]
[12.415039]
[12.587682]
[12.702663]
[12.674779]
[12.785896]
[12.725499]
[12.636524]
[12.618075]
[12.768262]
[12.858701]
[12.799013]
[12.8634405]
[12.659207]
[13.304775]
[13.038257]
[12.850851]
[12.986091]
[12.894883]
[12.691149]
[12.546317]
[12.359866]
[12.76385]
[13.266604]
[12.902258]
[13.424621]
[13.614456]
[13.890363]
[16.094835]
[20.692974]
[19.548426]
[27.911015]
[43.84581]
[35.882107]
[65.31666]
[74.976326]
[83.26143]
[93.26958]
[125.93965]
[95.28361]
[67.85864]
[56.298664]
[59.247158]
[57.35691]
[52.26071]
[48.978863]
[50.398888]
[47.354927]
[38.86284]
[46.91904]
[49.688354]
[47.269367]
[47.784203]
[50.887035]
[29.304886]
[25.094553]
[40.183388]
[46.878227]
[43.6042]
[47.72854]
[44.067024]
[21.193027]
[20.971354]
[42.77713]
[46.400055]
[60.976387]
[96.72172]
[132.34901]
[153.3611]
[172.59251]
[207.0695]
[168.2437]
[144.02316]
[140.0161]
[127.36505]
[100.72206]
[85.13729]
[107.673615]
[113.85691]
[115.61986]
[118.94922]
[126.3122]
[103.33916]
[97.01664]
[92.176704]
[89.121025]
[87.04872]
[86.29591]
[90.49119]
[66.16353]
[60.854847]
[69.67666]
[72.83949]
[67.65419]
[67.40401]
[67.05642]
[58.407005]
[55.688126]
[51.932884]
[54.409695]
[40.676285]
[52.872288]
[53.92155]
[47.310463]
[44.123184]
[55.06178]
[50.146828]
[45.214127]
[42.15224]
[43.710114]
[39.08776]
[39.85213]
[42.053837]
[55.628616]
[65.615326]
[55.937935]
[62.951458]
[55.049587]
[50.96327]
[90.90719]
[92.212234]
[86.81085]
[81.807816]
[78.52517]
[79.96697]
[77.918205]
[82.90128]
[90.0588]
[87.0366]
[94.95979]
[99.49877]
[66.45192]
[64.092476]
[75.37664]
[54.55271]
[69.07792]
[48.838184]
[61.65137]
[33.74216]
[23.499449]
[44.062103]
[33.0885]
[31.943228]
[24.703943]
[28.167738]
[20.570618]
[15.93978]
[19.542992]
[25.91626]
[34.8822]
[36.80633]
[40.80746]
[27.96764]
[18.118198]
[40.050472]
[46.784523]
[39.53077]
[35.984196]
[22.05109]
[18.673326]
[19.193333]
[22.966694]
[29.36933]
[37.613285]
[36.266266]
[41.712486]
[19.126291]
[14.799672]
[37.484432]
[39.095158]
[39.130363]
[38.796707]
[37.224808]
[19.295511]
[16.543852]
[26.696316]
[29.690641]
[23.171646]
[29.986704]
[30.527058]
[16.39983]
[11.562437]
[23.602543]
[27.306791]
[26.183384]
[24.624474]
[22.979883]
[18.625742]
[14.493998]
[18.803999]
[21.76034]
[16.65429]
[17.336338]
[36.35808]
[19.92948]
[14.6968565]
[24.07215]
[27.560425]
[26.071703]
[24.761803]
[23.618567]
[12.585938]
[8.552526]
[19.707523]
[20.698917]
[23.197664]
[24.124268]
[22.22194]
[11.783168]
[7.4699817]
[6.802235]
[5.513969]
[5.217733]
[5.3876295]
[5.757814]
[5.515215]
[5.2115574]
[5.081343]
[5.0443454]
[5.08645]
[4.970791]
[4.8558226]
[4.7138705]
[4.6959653]
[4.701274]
[4.5884504]
[4.563858]
[4.4519663]
[4.430608]
[4.430608]
[4.430608]
[4.430608]
[4.2899666]
[6.3668685]
[11.64905]
[11.828462]
[13.7386875]
[9.142494]
[9.710434]
[10.565694]
[15.2421665]
[13.914639]
[11.9365015]
[8.751506]
[5.455439]
[8.349025]
[8.90195]
[7.739884]
[7.9783583]
[8.495046]
[10.1057415]
[10.418606]
[9.076745]
[10.124965]
[17.76474]
[12.156654]
[10.794239]
[7.135188]
[10.487376]
[11.04956]
[10.765899]
[5.4508066]
[4.460044]
[4.472341]
[5.2490244]
[8.4601755]
[8.703036]
[8.761917]
[6.09495]
[4.5845337]
[4.4373827]
[4.4598436]
[4.457345]
[4.361948]
[5.8697877]
[4.6806164]
[4.3800545]
[4.491621]
[4.395183]
[4.4299726]
[4.297868]
[5.0162764]
[5.025957]
[4.7891483]
[4.7392654]
[4.5263166]
[4.4858985]
[4.4996557]
[4.564756]
[4.648622]
[4.699458]
[4.5900545]
[4.768035]
[4.478771]
[4.5265903]
[4.545505]
[4.5438633]
[4.5756464]
[6.682526]
[7.1628766]
[11.905723]
[8.32901]
[7.2898583]
[8.646604]
[8.320358]
[7.521483]
[10.568628]
[10.055923]
[8.262183]
[9.94746]
[10.438668]
[8.473125]
[8.14865]
[10.620165]
[11.413195]
[11.272254]
[11.3319845]
[16.015547]
[11.126359]
[8.723325]
[12.320392]
[15.496141]
[19.198229]
[13.758235]
[11.371169]
[10.638129]
[9.495052]
[9.458297]
[10.212492]
[10.398291]
[11.102202]
[11.196644]
[10.528828]
[10.47585]
[11.138453]
[10.981775]
[10.883929]
[11.396701]
[11.479312]
[10.610198]
[10.08277]
[10.850408]
[11.0269]
[10.973836]
[10.94452]
[10.565516]
[10.009881]
[10.106626]
[11.064513]
[11.912483]
[11.367569]
[10.568453]
[11.985251]
[11.607296]
[10.83065]
[11.224714]
[11.17224]
[10.480396]
[11.938265]
[11.5274935]
[11.514856]
[11.419725]
[11.284965]
[11.201025]
[11.163862]
[11.25568]
[11.171684]
[12.808266]
[15.71243]
[14.985601]
[11.5737095]
[11.326903]
[11.557382]
[11.873985]
[11.963013]
[11.541687]
[11.445959]
[11.462249]
[11.53989]
[11.63456]
[11.646393]
[11.683307]
[11.520486]
[11.438662]
[11.371503]
[11.446457]
[11.545804]
[11.757462]
[11.772945]
[11.781559]
[11.685622]
[11.694966]
[11.755739]
[11.802863]
[11.736305]
[11.585784]
[11.481033]
[11.45569]
[11.519038]
[11.395184]
[11.407313]
[11.409697]
[11.3798275]
[11.382082]
[11.15986]
[11.159784]
[11.115137]
[10.995533]
[11.080454]
[11.203893]
[11.096903]
[10.991475]
[10.928314]
[10.8278055]
[10.523382]
[10.965597]
[11.173944]
[11.226513]
[11.241992]
[11.33958]
[11.755099]
[11.985627]
[13.193346]
[24.011192]
[24.212683]
[19.164165]
[12.494899]
[12.499867]
[12.949703]
[13.612416]
[14.197187]
[14.282365]
[14.094846]
[14.167329]
[14.073361]
[14.003405]
[13.682336]
[13.633099]
[13.70147]
[13.35763]
[13.678301]
[13.132347]
[12.942794]
[12.86496]
[12.683089]
[12.201439]
[13.0849495]
[11.847147]
[11.534752]
[11.239393]
[11.523111]
[11.921262]
[12.721657]
[12.016471]
[11.580494]
[11.277959]
[11.185325]
[11.005549]
[10.850391]
[11.143449]
[10.94622]
[10.896005]
[10.707925]
[10.676606]
[10.568682]
[10.544908]
[10.374833]
[10.39943]
[10.780361]
[11.784386]
[12.654299]
[12.844725]
[12.36877]
[11.705936]
[11.726131]
[11.280895]
[11.251331]
[11.254078]
[10.541786]
[10.327788]
[9.6724615]
[9.53058]
[9.619918]
[9.464659]
[9.516523]
[9.328246]
[9.3922205]
[9.2033615]
[9.174604]
[9.242057]
[9.018046]
[9.183025]
[9.01473]
[9.108946]
[9.034969]
[9.056397]
[8.963769]
[8.955951]
[8.850912]
[8.864063]
[8.757306]
[8.760834]
[8.768964]
[8.823007]
[8.724594]
[8.673578]
[8.808391]
[8.662869]
[8.432008]
[8.315604]
[8.231306]
[7.9681706]
[7.8360505]
[8.001353]
[8.0786295]
[8.027178]
[7.955022]
[7.725115]
[7.8577876]
[7.9687505]
[9.471547]
[9.163842]
[8.868541]
[8.575521]
[8.351258]
[8.221894]
[8.121669]
[8.000831]
[8.135172]
[7.9538646]
[7.9183526]
[7.9688315]
[7.7487097]
[7.724038]
[8.11475]
[8.318457]
[8.064854]
[8.383592]
[8.239645]
[7.746091]
[7.5004277]
[7.369008]
[7.3308196]
[7.194709]
[7.295416]
[7.3549595]
[7.279806]
[7.14382]
[7.2577786]
[7.1818337]
[7.170357]
[7.183589]
[7.218018]
[7.1002426]
[7.200812]
[7.143666]
[7.1664743]
[7.086227]
[7.0246515]
[7.226793]
[7.078033]
[7.0262585]
[7.1337824]
[7.1967077]
[7.080925]
[7.174654]
[7.1139445]
[7.297108]
[7.341416]
[6.0991044]
[5.882638]
[5.724671]
[5.178812]
[5.193114]
[5.052745]
[5.171549]
[5.1082664]
[5.0452285]
[5.179314]
[5.1243525]
[5.107638]
[5.0940585]
[5.1040525]
[5.166387]
[5.0904436]
[5.034254]
[5.229014]
[5.060335]
[5.059847]
[5.2126136]
[5.157389]
[5.1508055]
[5.1532817]
[5.1717377]
[5.178195]
[5.1819124]
[5.1855597]
[5.200831]
[5.2694826]
[5.148904]
[5.2849693]
[5.543477]
[5.568788]
[8.640685]
[5.9862056]
[6.8627214]
[7.0041475]
[5.6068907]
[5.4036565]
[5.353418]
[5.2954926]
[5.5254736]
[5.272852]
[5.478532]
[5.2529874]
[5.4427595]
[5.222621]
[7.107576]
[5.680489]
[5.360033]
[5.3371315]
[5.314758]
[5.292442]
[5.270039]
[5.0469346]
[5.2222185]
[5.1011543]
[6.979989]
[5.319156]
[4.9950686]
[5.138703]
[4.9686346]
[4.953278]
[5.082444]
[4.931123]
[5.03613]
[5.011069]
[4.8904696]
[4.9802127]
[4.8832974]
[4.8411827]
[4.8408933]
[4.911806]
[4.819632]
[4.869586]
[4.7890296]
[4.7907515]
[4.794824]
[4.8070626]
[4.709401]
[4.755496]
[4.7654586]
[4.721031]
[4.727893]
[4.7227826]
[4.7003307]
[4.7270746]
[4.677549]
[4.6451025]
[7.315825]
[7.2611628]
[7.5859036]
[7.2493377]
[7.5363154]
[7.586857]
[7.528146]
[7.4879355]
[7.9847608]
[7.505473]
[7.915203]
[7.436297]
[7.845485]
[7.3670826]
[7.8197813]
[7.911477]
[7.4230375]
[7.412968]
[7.4378705]
[7.4701033]
[7.5123487]
[7.5330887]
[7.5243616]
[7.8731375]
[7.649725]
[8.141795]
[7.9736123]
[7.737162]
[8.444354]
[8.529856]
[8.531746]
[10.113767]
[10.365214]
[10.358651]
[10.773236]
[10.268369]
[10.595178]
[11.063231]
[11.033864]
[13.786065]
[14.567464]
[13.213539]
[10.407263]
[10.386319]
[10.36894]
[10.747354]
[12.529622]
[10.561622]
[10.181954]
[9.939315]
[9.949956]
[9.214746]
[8.948334]
[9.07064]
[9.72455]
[10.070225]
[10.239764]
[9.581809]
[8.828805]
[8.87886]
[8.667454]
[9.302007]
[9.454961]
[9.523107]
[9.585354]
[9.221098]
[9.182747]
[8.89093]
[9.068003]
[9.461351]
[10.628649]
[20.195322]
[17.198988]
[13.303219]
[13.635476]
[10.671863]
[13.21457]
[13.642006]
[13.625372]
[13.526032]
[13.11043]
[12.553146]
[12.28589]
[12.11494]
[11.784916]
[12.491869]
[12.9976015]
[13.791572]
[14.240095]
[13.655196]
[13.662111]
[14.412379]
[15.361794]
[15.961308]
[16.515505]
[15.903677]
[17.571815]
[15.207404]
[15.132006]
[15.209347]
[16.097906]
[16.248404]
[15.567889]
[15.338649]
[15.732794]
[15.323252]
[15.427701]
[15.580617]
[15.500868]
[15.0083885]
[15.084122]
[14.984085]
[14.850842]
[14.794157]
[14.849849]
[14.171566]
[15.250259]
[16.270061]
[15.803914]
[15.480284]
[15.2310705]
[15.115324]
[14.763951]
[15.142735]
[15.242151]
[15.070956]
[16.243553]
[15.519487]
[15.2348175]
[15.122719]
[14.9900255]
[15.410824]
[15.140588]
[15.770057]
[18.861881]
[21.785414]
[19.071539]
[24.03868]
[24.921764]
[22.910734]
[20.401932]
[19.021925]
[5.3106613]
[14.298644]
[16.324434]
[16.048765]
[18.957544]
[35.849262]
[42.43964]
[46.822174]
[52.396545]
[38.582813]
[36.075962]
[52.899136]
[62.75297]
[63.053955]
[61.694626]
[51.466217]
[62.709488]
[78.79355]
[97.93245]
[119.922646]
[111.12708]
[110.65463]
[104.14803]
[104.02901]
[97.92056]
[96.74648]
[92.85471]
[88.88782]
[84.743065]
[83.34352]
[65.17671]
[68.21452]
[86.05232]
[82.81481]
[83.76104]
[86.577286]
[70.33547]
[77.806526]
[113.14741]
[117.920494]
[129.37013]
[133.03308]
[128.49542]
[126.22195]
[130.02283]
[126.29886]
[98.24862]
[98.16921]
[95.77131]
[91.909035]
[90.43065]
[59.550938]
[48.79224]
[58.592476]
[54.351517]
[50.828342]
[39.718132]
[21.749836]
[18.679073]
[19.094416]
[30.04147]
[44.84146]
[40.68574]
[42.564854]
[34.656193]
[18.60292]
[14.803167]
[27.029339]
[17.851606]
[15.4388895]
[14.721198]
[12.782683]
[11.958423]
[11.982183]
[14.0352125]
[14.068162]
[13.063429]
[12.058538]
[12.8590555]
[11.038204]
[10.71028]
[11.771979]
[11.690362]
[10.957192]
[11.350834]
[11.498395]
[11.687284]
[11.940184]
[14.02816]
[14.608559]
[11.469918]
[10.945839]
[11.603511]
[12.146838]
[12.000673]
[11.2706175]
[11.383972]
[11.35248]
[10.714833]
[11.086357]
[9.727385]
[8.553396]
[9.627643]
[10.680593]
[12.909672]
[13.086512]
[15.971568]
[12.262395]
[11.867156]
[12.297271]
[10.521827]
[9.048427]
[10.281851]
[17.327862]
[9.917937]
[7.9260197]
[9.179799]
[9.208344]
[13.189745]
[12.941712]
[11.59926]
[8.966109]
[9.505616]
[23.324266]
[29.813257]
[28.86511]
[27.516937]
[20.7885]
[12.111638]
[9.873767]
[8.815742]
[6.9273515]
[6.016917]
[5.6578703]
[5.3452916]
[4.7399607]
[4.633118]
[4.9351015]
[4.999893]
[4.7258806]
[4.5339417]
[4.6589856]
[4.4030094]
[4.354533][10.25]
[9.45]
[13.02]
[10.69]
[5.31]
[5.25]
[5.26]
[5.31]
[5.31]
[5.3]
[5.29]
[5.3]
[9.25]
[9.31]
[9.28]
[9.29]
[9.27]
[9.26]
[9.25]
[9.26]
[9.26]
[9.27]
[9.25]
[9.25]
[9.32]
[9.28]
[9.26]
[9.22]
[9.21]
[9.23]
[9.23]
[9.06]
[9.24]
[9.25]
[9.24]
[9.29]
[9.55]
[9.28]
[9.27]
[9.27]
[9.25]
[9.24]
[9.28]
[12.21]
[12.29]
[12.32]
[12.27]
[12.3]
[12.29]
[12.25]
[12.25]
[12.25]
[12.29]
[12.3]
[12.3]
[12.31]
[12.36]
[12.34]
[12.35]
[12.36]
[12.37]
[12.39]
[12.39]
[12.4]
[12.36]
[12.39]
[12.4]
[12.41]
[12.52]
[12.25]
[12.25]
[12.03]
[12.31]
[26.75]
[15.2]
[15.05]
[15.12]
[15.03]
[15.09]
[15.17]
[15.22]
[15.41]
[15.4]
[15.43]
[15.24]
[15.14]
[15.08]
[15.29]
[15.3]
[15.23]
[15.22]
[15.17]
[15.21]
[15.24]
[15.21]
[15.26]
[15.09]
[15.03]
[14.94]
[15.09]
[15.28]
[15.3]
[15.52]
[15.38]
[15.46]
[15.26]
[15.55]
[15.54]
[15.27]
[22.36]
[17.87]
[15.85]
[42.75]
[82.22]
[94.05]
[93.25]
[90.97]
[55.68]
[49.63]
[58.09]
[56.67]
[54.59]
[53.59]
[58.05]
[53.08]
[41.74]
[57.88]
[58.89]
[56.17]
[56.45]
[59.98]
[24.57]
[23.68]
[48.95]
[58.59]
[52.66]
[61.65]
[55.39]
[15.63]
[15.57]
[49.45]
[48.02]
[57.5]
[95.04]
[91.35]
[127.12]
[159.08]
[215.85]
[192.9]
[144.63]
[136.75]
[131.02]
[99.64]
[86.83]
[129.19]
[131.03]
[129.73]
[130.49]
[130.52]
[92.3]
[87.76]
[90.33]
[91.84]
[90.24]
[92.4]
[96.82]
[52.74]
[45.22]
[55.96]
[60.38]
[51.61]
[55.5]
[62.81]
[54.04]
[56.12]
[53.08]
[60.33]
[38.11]
[64.66]
[62.07]
[50.21]
[45.53]
[67.12]
[58.52]
[53.52]
[50.52]
[53.77]
[41.06]
[38.17]
[35.45]
[50.08]
[57.71]
[43.73]
[61.41]
[54.5]
[42.43]
[96.98]
[93.31]
[95.73]
[93.08]
[91.61]
[94.94]
[85.74]
[88.4]
[98.74]
[90.94]
[95.37]
[98.5]
[45.13]
[47.61]
[67.66]
[39.1]
[71.69]
[37.29]
[69.59]
[19.53]
[12.7]
[49.99]
[27.12]
[31.05]
[19.21]
[28.46]
[14.31]
[9.94]
[17.83]
[28.86]
[44.83]
[46.46]
[52.06]
[24.01]
[9.42]
[50.97]
[57.23]
[44.2]
[37.8]
[12.15]
[9.41]
[10.47]
[20.43]
[33.31]
[48.25]
[44.01]
[55.45]
[12.7]
[10.36]
[51.64]
[50.92]
[50.38]
[49.93]
[49.1]
[13.79]
[10.13]
[29.22]
[34.2]
[23.2]
[39.35]
[38.77]
[14.08]
[10.2]
[32.49]
[35.58]
[33.86]
[32.24]
[29.9]
[23.23]
[16.87]
[24.9]
[28.37]
[17.49]
[16.74]
[47.53]
[16.06]
[15.03]
[32.65]
[36.66]
[33.79]
[32.62]
[31.6]
[12.79]
[8.68]
[29.3]
[28.48]
[33.01]
[32.79]
[29.71]
[12.11]
[7.79]
[7.39]
[5.3]
[5.33]
[5.36]
[5.41]
[5.44]
[5.46]
[5.48]
[5.51]
[5.52]
[5.54]
[5.55]
[5.56]
[5.57]
[5.58]
[5.41]
[5.59]
[5.59]
[5.59]
[5.59]
[5.59]
[5.59]
[5.52]
[9.82]
[15.53]
[16.95]
[20.82]
[11.7]
[14.18]
[15.4]
[23.39]
[19.41]
[16.47]
[11.42]
[6.71]
[12.54]
[12.67]
[10.63]
[11.37]
[12.05]
[14.44]
[14.47]
[12.32]
[14.46]
[13.82]
[14.57]
[14.58]
[8.47]
[14.78]
[14.81]
[14.47]
[5.31]
[5.31]
[5.29]
[6.65]
[12.03]
[10.97]
[11.68]
[7.09]
[5.32]
[5.32]
[5.33]
[5.32]
[5.32]
[7.66]
[5.32]
[5.32]
[5.32]
[5.29]
[5.21]
[5.09]
[5.1]
[5.1]
[5.1]
[5.11]
[5.11]
[5.1]
[5.12]
[5.22]
[5.48]
[5.49]
[5.27]
[5.12]
[5.13]
[5.12]
[5.12]
[5.11]
[5.16]
[8.76]
[8.76]
[8.94]
[8.95]
[8.95]
[10.8]
[10.34]
[8.93]
[12.82]
[12.41]
[9.78]
[12.71]
[13.05]
[9.78]
[9.61]
[13.47]
[13.71]
[13.82]
[13.8]
[20.11]
[12.1]
[10.21]
[15.44]
[19.36]
[24.22]
[16.35]
[13.82]
[12.91]
[11.05]
[11.21]
[12.63]
[12.73]
[13.93]
[14.]
[12.75]
[12.72]
[14.06]
[13.64]
[13.18]
[14.13]
[14.47]
[12.97]
[12.08]
[13.53]
[13.92]
[14.]
[14.03]
[13.47]
[12.53]
[12.61]
[12.89]
[13.87]
[13.64]
[12.29]
[13.75]
[12.77]
[12.77]
[13.97]
[13.97]
[12.95]
[15.58]
[14.78]
[14.97]
[14.82]
[14.67]
[14.69]
[14.7]
[14.81]
[14.7]
[17.5]
[18.04]
[19.37]
[14.58]
[14.62]
[14.69]
[14.75]
[14.6]
[14.39]
[14.42]
[14.49]
[14.55]
[14.59]
[14.62]
[14.6]
[14.31]
[14.23]
[14.12]
[14.15]
[14.3]
[14.52]
[14.49]
[14.43]
[14.23]
[14.17]
[14.28]
[14.37]
[14.29]
[14.2]
[14.09]
[14.11]
[14.23]
[14.04]
[14.13]
[14.15]
[14.07]
[14.02]
[13.88]
[13.88]
[13.78]
[13.82]
[13.92]
[14.08]
[13.97]
[13.86]
[13.82]
[13.83]
[13.99]
[14.01]
[13.84]
[13.78]
[13.71]
[13.96]
[14.1]
[13.99]
[13.72]
[16.98]
[13.92]
[13.67]
[13.53]
[13.42]
[13.41]
[13.36]
[14.17]
[14.52]
[14.48]
[14.44]
[14.41]
[14.38]
[14.37]
[14.35]
[14.34]
[14.31]
[15.25]
[14.32]
[14.31]
[14.29]
[14.29]
[14.58]
[14.56]
[12.15]
[11.95]
[11.88]
[11.87]
[11.82]
[13.39]
[11.95]
[11.94]
[11.89]
[11.86]
[11.86]
[11.84]
[11.83]
[11.81]
[11.86]
[11.86]
[11.8]
[11.8]
[11.79]
[11.78]
[11.77]
[11.96]
[11.94]
[11.9]
[11.85]
[11.35]
[11.83]
[11.8]
[12.]
[12.06]
[12.03]
[9.66]
[9.6]
[9.59]
[9.63]
[9.74]
[9.73]
[9.68]
[9.68]
[9.7]
[9.68]
[9.68]
[9.67]
[9.67]
[9.73]
[9.77]
[9.75]
[9.77]
[9.77]
[9.77]
[9.74]
[9.74]
[9.73]
[9.72]
[9.75]
[9.75]
[9.79]
[9.77]
[9.77]
[9.78]
[9.77]
[9.09]
[9.09]
[8.91]
[8.69]
[8.69]
[8.66]
[8.69]
[8.7]
[8.7]
[8.66]
[8.67]
[8.77]
[8.78]
[8.78]
[8.77]
[8.78]
[8.77]
[8.74]
[8.74]
[8.77]
[8.77]
[8.77]
[8.76]
[8.77]
[8.76]
[8.77]
[8.77]
[8.76]
[8.76]
[8.77]
[8.71]
[8.26]
[8.23]
[8.06]
[8.02]
[8.01]
[8.04]
[8.06]
[8.04]
[8.05]
[8.06]
[8.05]
[8.05]
[8.07]
[8.07]
[8.06]
[8.04]
[8.08]
[8.07]
[8.07]
[8.03]
[8.1]
[8.09]
[8.1]
[8.11]
[8.1]
[8.11]
[8.12]
[8.11]
[8.11]
[8.13]
[6.13]
[6.11]
[5.91]
[5.29]
[5.35]
[5.29]
[5.31]
[5.3]
[5.3]
[5.3]
[5.31]
[5.3]
[5.27]
[5.29]
[5.29]
[5.29]
[5.3]
[5.3]
[5.34]
[5.31]
[5.31]
[5.32]
[5.32]
[5.31]
[5.33]
[5.32]
[5.32]
[5.31]
[5.33]
[5.32]
[5.34]
[5.34]
[5.89]
[5.74]
[5.51]
[5.5]
[7.49]
[7.16]
[5.55]
[5.56]
[5.48]
[5.43]
[5.41]
[5.42]
[5.48]
[5.44]
[5.44]
[5.44]
[7.99]
[5.37]
[5.4]
[5.41]
[5.38]
[5.38]
[5.39]
[5.38]
[5.38]
[5.43]
[5.4]
[5.41]
[5.42]
[5.41]
[5.41]
[5.41]
[5.41]
[5.42]
[5.44]
[5.44]
[5.45]
[5.47]
[5.47]
[5.4]
[5.42]
[5.44]
[5.46]
[5.47]
[5.46]
[5.46]
[5.47]
[5.47]
[5.42]
[5.48]
[5.49]
[5.48]
[5.46]
[5.46]
[5.5]
[5.51]
[5.48]
[5.46]
[9.04]
[9.13]
[9.13]
[9.16]
[9.17]
[9.17]
[9.19]
[9.21]
[9.24]
[9.24]
[9.22]
[9.2]
[9.27]
[9.28]
[9.28]
[9.29]
[9.32]
[9.33]
[9.33]
[9.34]
[9.36]
[9.37]
[9.38]
[9.41]
[9.41]
[9.41]
[9.41]
[9.42]
[9.83]
[9.49]
[9.52]
[12.18]
[12.29]
[12.29]
[12.33]
[12.37]
[12.42]
[12.45]
[12.39]
[15.27]
[16.55]
[14.11]
[12.06]
[12.15]
[12.22]
[12.2]
[14.89]
[12.24]
[12.29]
[12.3]
[12.82]
[12.19]
[12.16]
[12.29]
[12.32]
[12.3]
[12.41]
[12.47]
[12.46]
[12.66]
[12.65]
[14.68]
[15.59]
[15.66]
[15.62]
[15.61]
[15.62]
[15.55]
[15.55]
[15.53]
[15.48]
[15.58]
[15.63]
[15.67]
[15.73]
[15.76]
[15.69]
[15.74]
[15.74]
[15.7]
[15.75]
[15.81]
[15.74]
[15.69]
[15.67]
[15.67]
[15.69]
[15.71]
[15.78]
[15.82]
[15.85]
[15.84]
[15.82]
[15.81]
[15.68]
[15.65]
[15.45]
[15.76]
[15.72]
[15.72]
[15.72]
[15.86]
[15.62]
[15.55]
[15.84]
[15.47]
[15.85]
[15.91]
[15.89]
[15.6]
[15.96]
[15.99]
[15.84]
[15.77]
[15.99]
[15.57]
[15.56]
[15.78]
[15.69]
[15.67]
[15.63]
[15.75]
[15.5]
[15.92]
[15.96]
[15.99]
[16.2]
[15.99]
[15.99]
[15.96]
[15.93]
[15.94]
[15.96]
[15.89]
[15.75]
[15.57]
[14.85]
[16.98]
[17.18]
[17.15]
[16.64]
[16.94]
[16.89]
[16.85]
[16.85]
[16.82]
[22.09]
[48.14]
[54.09]
[52.25]
[50.82]
[26.21]
[24.32]
[46.38]
[54.6]
[55.32]
[58.59]
[42.22]
[59.61]
[52.27]
[91.07]
[134.99]
[99.13]
[93.08]
[89.49]
[90.15]
[90.7]
[92.91]
[90.54]
[92.41]
[91.17]
[89.85]
[54.37]
[55.31]
[91.98]
[89.63]
[92.51]
[92.65]
[53.92]
[58.15]
[118.86]
[121.02]
[128.01]
[129.11]
[130.04]
[130.07]
[129.96]
[130.52]
[93.73]
[94.19]
[93.43]
[94.32]
[94.03]
[49.04]
[42.92]
[63.69]
[56.03]
[54.7]
[38.34]
[11.79]
[11.72]
[12.96]
[33.11]
[57.23]
[47.44]
[52.93]
[38.46]
[13.38]
[10.84]
[32.12]
[12.86]
[13.04]
[11.96]
[9.06]
[9.09]
[9.87]
[13.99]
[13.87]
[12.77]
[11.54]
[13.62]
[10.08]
[9.89]
[11.66]
[11.41]
[10.97]
[12.27]
[12.58]
[13.52]
[14.11]
[18.19]
[19.12]
[13.6]
[13.55]
[13.48]
[13.43]
[13.64]
[13.07]
[13.76]
[13.75]
[12.85]
[13.71]
[11.22]
[9.92]
[11.7]
[12.05]
[15.5]
[15.5]
[20.41]
[11.86]
[11.21]
[12.16]
[10.03]
[8.58]
[11.93]
[24.96]
[9.81]
[9.12]
[11.89]
[11.97]
[19.72]
[18.14]
[16.04]
[11.71]
[13.74]
[39.18]
[46.43]
[42.22]
[40.7]
[29.17]
[11.6]
[7.7]
[7.77]
[5.18]
[5.21]
[5.24]
[5.27]
[5.28]
[5.29]
[5.31]
[5.33]
[5.34]
[5.35]
[5.36]
[5.37]
[5.38]
[5.39]