0.8929581888893015, 0.9029670108722301, -2.4699370404006915, 199.15860288958237[12.444311]
[9.52449]
[8.546866]
[10.65818]
[9.427394]
[5.8783627]
[5.4151926]
[5.5039153]
[5.4778285]
[5.4610686]
[5.4592924]
[5.3675737]
[5.4305735]
[7.9027386]
[8.311525]
[8.240663]
[8.305424]
[8.48746]
[10.067898]
[11.023574]
[9.700419]
[9.111845]
[8.852811]
[8.77739]
[8.687606]
[8.700075]
[8.689347]
[8.672656]
[8.550774]
[8.512573]
[8.434828]
[8.492742]
[8.5914]
[8.662445]
[8.56672]
[8.635623]
[8.62224]
[8.621685]
[12.607495]
[9.353073]
[8.956685]
[9.472849]
[9.733684]
[9.535329]
[11.1218605]
[11.240242]
[11.135331]
[11.176094]
[11.08668]
[11.495576]
[11.714463]
[11.568432]
[11.247154]
[11.292834]
[11.1605425]
[11.100814]
[11.107556]
[11.159108]
[11.070319]
[11.0466795]
[11.060555]
[11.087148]
[10.99959]
[11.059581]
[11.072141]
[11.017726]
[11.480439]
[11.726339]
[11.348942]
[11.5224495]
[14.064157]
[8.711556]
[10.644313]
[11.093107]
[39.274216]
[16.482937]
[13.003593]
[13.008751]
[12.944858]
[12.940291]
[13.081429]
[13.254196]
[13.190921]
[13.251069]
[13.361512]
[13.083656]
[13.011754]
[13.150395]
[13.436313]
[13.215699]
[13.213871]
[12.997523]
[13.600505]
[13.544449]
[13.231105]
[13.378662]
[13.442643]
[13.256339]
[13.24566]
[12.716572]
[13.0533]
[13.551505]
[13.374552]
[13.679014]
[13.754516]
[14.137448]
[20.125881]
[23.317144]
[19.03303]
[33.87807]
[54.168705]
[35.40063]
[68.42968]
[78.33359]
[87.42643]
[93.98524]
[131.81068]
[96.81679]
[69.97263]
[60.5034]
[62.655144]
[61.57066]
[56.93161]
[53.451744]
[54.595024]
[51.27592]
[42.151398]
[50.842712]
[53.49296]
[50.7625]
[51.243057]
[54.8539]
[31.410694]
[27.933632]
[44.25404]
[50.39456]
[46.256092]
[50.495888]
[46.019268]
[21.876303]
[23.238413]
[47.808437]
[48.79362]
[74.855415]
[98.6266]
[142.70041]
[162.70178]
[175.5317]
[212.32951]
[183.80234]
[147.53763]
[144.56342]
[129.8567]
[105.84655]
[90.24729]
[115.31224]
[119.82539]
[120.22842]
[123.95947]
[129.64038]
[106.45023]
[97.7456]
[95.449554]
[93.688896]
[91.7924]
[91.13822]
[94.63594]
[70.53882]
[64.70927]
[73.15866]
[72.986336]
[68.65298]
[69.12511]
[71.16365]
[62.267197]
[60.0815]
[56.051876]
[58.871067]
[44.003746]
[57.509617]
[57.81639]
[50.55724]
[47.595512]
[60.150837]
[53.99603]
[48.55197]
[45.14069]
[46.78572]
[41.37623]
[42.72546]
[45.122437]
[62.070774]
[68.6147]
[58.2853]
[67.63133]
[59.744293]
[55.125782]
[98.55981]
[96.45304]
[93.429405]
[87.19407]
[83.38749]
[84.5727]
[80.170296]
[86.14282]
[94.987335]
[90.479576]
[98.33867]
[101.22735]
[70.46812]
[67.4379]
[76.49316]
[56.775806]
[73.586044]
[51.78112]
[66.95312]
[35.867664]
[26.75079]
[49.1985]
[36.117134]
[35.553722]
[27.404871]
[31.582024]
[22.804321]
[18.196917]
[22.3203]
[29.146475]
[38.07317]
[39.368885]
[43.557716]
[29.342237]
[19.806938]
[44.591465]
[50.664364]
[42.50697]
[38.609283]
[23.784245]
[21.162483]
[22.13332]
[26.43219]
[32.924717]
[40.96856]
[38.901546]
[44.519375]
[20.159157]
[16.453428]
[41.45873]
[41.480465]
[41.28434]
[40.959225]
[39.06959]
[19.89378]
[17.92249]
[30.387083]
[32.733196]
[25.294313]
[32.661835]
[32.46921]
[17.46648]
[13.231484]
[26.077396]
[29.109936]
[27.668015]
[26.086782]
[24.402964]
[20.147863]
[16.098213]
[20.656467]
[23.365608]
[17.971981]
[18.83945]
[39.698807]
[21.078836]
[16.355442]
[26.173925]
[29.023369]
[27.178413]
[26.010233]
[24.822758]
[13.723846]
[10.003489]
[21.755795]
[22.053928]
[24.632101]
[25.174524]
[23.33606]
[12.734103]
[8.817497]
[8.298287]
[6.969999]
[6.7576346]
[6.9290667]
[7.202869]
[7.070017]
[6.838246]
[6.7090883]
[6.6994123]
[6.7146106]
[6.652069]
[6.546917]
[6.445892]
[6.4199486]
[6.427469]
[6.3135924]
[6.322103]
[6.236041]
[6.2062054]
[6.2062054]
[6.2062054]
[6.2062054]
[6.080638]
[8.350336]
[13.713932]
[13.503696]
[15.448447]
[10.514287]
[11.406483]
[12.230719]
[16.94411]
[15.246114]
[13.304121]
[10.088528]
[6.827285]
[10.024639]
[10.4258375]
[9.156628]
[9.463175]
[9.958155]
[11.553026]
[11.7669735]
[10.37894]
[11.512933]
[19.185175]
[12.936662]
[11.982148]
[8.1565075]
[11.850363]
[12.227386]
[11.872244]
[6.228175]
[5.5488048]
[5.5670085]
[6.413957]
[9.782096]
[9.782965]
[9.859773]
[6.999431]
[5.552607]
[5.4612436]
[5.4820976]
[5.486599]
[5.3943872]
[6.95619]
[5.621486]
[5.3754272]
[5.4682393]
[5.3836856]
[5.3911614]
[5.1852727]
[5.743526]
[5.8841786]
[5.6873784]
[5.6452928]
[5.478518]
[5.413022]
[5.42371]
[5.50048]
[5.604369]
[5.6241817]
[5.462388]
[5.6175394]
[5.419557]
[5.405874]
[5.4312654]
[5.4256887]
[5.469356]
[7.724082]
[8.057715]
[13.033221]
[8.896094]
[8.144092]
[9.543772]
[9.153654]
[8.260538]
[11.53852]
[10.787816]
[8.916456]
[10.761952]
[11.183133]
[9.041201]
[8.771817]
[11.386491]
[12.052383]
[11.9485855]
[11.957886]
[17.098942]
[11.36823]
[9.16754]
[12.9808655]
[16.686762]
[20.739393]
[14.687873]
[12.138423]
[11.369562]
[9.971087]
[10.092655]
[11.082591]
[11.1615715]
[12.095707]
[12.23165]
[11.28019]
[11.275443]
[12.416995]
[11.830657]
[11.533652]
[12.568355]
[12.772004]
[11.499433]
[10.888387]
[12.059346]
[12.305637]
[12.165576]
[12.135618]
[11.821759]
[11.401424]
[11.5180435]
[11.793224]
[12.911482]
[12.718149]
[11.573168]
[12.532928]
[12.366933]
[12.04896]
[12.780976]
[12.890585]
[12.217392]
[13.719595]
[13.176988]
[13.335186]
[13.272678]
[13.077037]
[12.92876]
[12.969624]
[13.10949]
[12.979115]
[14.751837]
[17.860641]
[17.079216]
[13.363324]
[13.087829]
[13.37051]
[13.595924]
[13.840137]
[13.273286]
[13.153108]
[13.16654]
[13.2112]
[13.337092]
[13.293104]
[13.324429]
[13.125737]
[13.019507]
[12.89577]
[12.998976]
[13.0532]
[13.286309]
[13.261181]
[13.256146]
[13.118644]
[13.136314]
[13.157061]
[13.294197]
[13.302067]
[13.188265]
[13.149695]
[13.176018]
[13.303812]
[13.16273]
[13.109374]
[13.049315]
[13.109168]
[13.033131]
[12.61829]
[12.769274]
[12.586214]
[12.3636265]
[12.630986]
[12.677037]
[12.502395]
[12.406873]
[12.3297615]
[12.304545]
[12.31549]
[12.578745]
[12.628764]
[12.699965]
[12.785033]
[12.896073]
[13.31533]
[13.53872]
[13.632722]
[24.53313]
[45.424934]
[28.159016]
[10.991953]
[10.876947]
[12.344848]
[13.530768]
[14.346197]
[14.339066]
[14.413896]
[14.484394]
[14.242216]
[14.019653]
[13.745214]
[13.672941]
[13.701807]
[13.731456]
[14.312326]
[13.718605]
[13.647158]
[13.592824]
[13.642902]
[13.139114]
[13.585229]
[12.095653]
[11.716912]
[11.587042]
[12.082466]
[12.115298]
[12.873174]
[12.027834]
[11.705894]
[11.483638]
[11.435104]
[11.354312]
[11.270846]
[11.357257]
[11.2587185]
[11.241381]
[11.165119]
[11.116514]
[11.058107]
[11.007814]
[10.956956]
[10.944199]
[11.331438]
[12.685999]
[13.534688]
[12.7536335]
[12.4162035]
[11.7222805]
[11.750289]
[11.439621]
[11.423576]
[11.313802]
[10.365691]
[10.61205]
[10.000593]
[9.791152]
[9.899247]
[9.768579]
[9.822538]
[9.674235]
[9.754142]
[9.601207]
[9.558789]
[9.65492]
[9.459947]
[9.611998]
[9.4831915]
[9.546891]
[9.508696]
[9.53027]
[9.457708]
[9.447803]
[9.363331]
[9.374195]
[9.283919]
[9.2763]
[9.28084]
[9.345288]
[9.259783]
[9.185264]
[9.310612]
[9.17128]
[8.866098]
[8.808422]
[8.720475]
[8.475203]
[8.316332]
[8.442435]
[8.559449]
[8.535744]
[8.480016]
[8.218267]
[8.239027]
[8.189335]
[9.588952]
[9.549824]
[9.304532]
[9.073852]
[8.884431]
[8.764187]
[8.686225]
[8.562828]
[8.6878805]
[8.556663]
[8.496069]
[8.567024]
[8.370213]
[8.255317]
[8.569313]
[8.828227]
[8.593356]
[8.85832]
[8.810353]
[8.333405]
[8.105063]
[7.9507847]
[7.9301076]
[7.799056]
[7.8680573]
[7.947714]
[7.8995075]
[7.7565455]
[7.847548]
[7.797189]
[7.769746]
[7.77834]
[7.818365]
[7.7023478]
[7.7780094]
[7.746883]
[7.760685]
[7.692121]
[7.598012]
[7.8015795]
[7.6864595]
[7.5932183]
[7.674127]
[7.7507505]
[7.6328526]
[7.689848]
[7.609223]
[7.7538033]
[7.8168406]
[6.470208]
[6.332764]
[6.197169]
[5.626724]
[5.655836]
[5.5132046]
[5.6189923]
[5.5769854]
[5.4842935]
[5.6125755]
[5.580841]
[5.5472445]
[5.5287127]
[5.535766]
[5.6062236]
[5.5401587]
[5.4532127]
[5.654158]
[5.5082307]
[5.4469633]
[5.6050625]
[5.570204]
[5.5462947]
[5.542124]
[5.5555334]
[5.55412]
[5.5521936]
[5.5494924]
[5.5593753]
[5.6347356]
[5.5085645]
[5.6258316]
[5.9225693]
[5.8969903]
[9.491289]
[6.120531]
[7.470345]
[7.635848]
[5.927915]
[5.7495027]
[5.722637]
[5.68072]
[6.040025]
[5.6840835]
[6.0187235]
[5.695613]
[6.014988]
[5.697319]
[8.009632]
[6.3011937]
[5.9481587]
[5.903426]
[5.85958]
[5.8157487]
[5.7719316]
[5.5698905]
[5.7566643]
[5.787978]
[7.843341]
[5.8468757]
[5.609291]
[5.7135825]
[5.559277]
[5.601104]
[5.6869993]
[5.555376]
[5.67758]
[5.6138587]
[5.5688176]
[5.6557093]
[5.5703506]
[5.583557]
[5.5751133]
[5.6095657]
[5.548808]
[5.6075745]
[5.5396214]
[5.610261]
[5.6078267]
[5.5671897]
[5.4891744]
[5.611204]
[5.5570483]
[5.5287232]
[5.604055]
[5.5275903]
[5.5282717]
[5.572427]
[5.4607925]
[5.5065575]
[8.540939]
[8.42312]
[8.825415]
[8.458928]
[8.803253]
[8.859954]
[8.813106]
[8.7805395]
[9.363366]
[8.831202]
[9.318675]
[8.786605]
[9.273889]
[8.742105]
[9.230869]
[9.300709]
[8.716286]
[8.708071]
[8.713712]
[8.7285795]
[8.754699]
[8.772015]
[8.719914]
[9.098818]
[8.806382]
[9.350565]
[9.136591]
[8.834215]
[9.634441]
[9.676251]
[9.663024]
[11.417216]
[11.650351]
[11.617562]
[12.172318]
[11.638266]
[12.104526]
[12.745397]
[12.764232]
[15.691432]
[17.426102]
[15.38842]
[11.843816]
[11.783079]
[11.706275]
[12.0745]
[15.574991]
[12.4156]
[11.727685]
[11.613805]
[12.014939]
[10.946752]
[10.701728]
[10.885884]
[11.234456]
[11.3638525]
[11.685831]
[11.627435]
[11.486585]
[11.816067]
[11.884098]
[12.970615]
[12.921784]
[12.876908]
[12.852043]
[12.438742]
[12.368689]
[12.014885]
[12.002111]
[12.973331]
[14.033246]
[21.186802]
[18.302435]
[13.00285]
[14.156536]
[12.094913]
[14.175089]
[14.963194]
[15.141856]
[15.148714]
[15.262001]
[15.3149805]
[15.3192835]
[15.320274]
[15.265206]
[15.094063]
[14.725477]
[14.836936]
[14.306086]
[14.242587]
[14.225437]
[15.538878]
[13.954526]
[12.99246]
[12.793154]
[12.140905]
[12.934338]
[13.40967]
[14.964157]
[15.154626]
[15.144251]
[14.910582]
[14.1873665]
[14.687294]
[15.347274]
[15.077312]
[15.902799]
[16.388523]
[16.307499]
[15.635026]
[15.872199]
[15.735013]
[15.618294]
[15.541521]
[15.610799]
[15.771795]
[17.365906]
[16.675024]
[15.96435]
[15.5301]
[15.204188]
[15.087396]
[14.904773]
[15.424744]
[15.447559]
[16.241339]
[16.878248]
[15.637344]
[15.317441]
[15.191908]
[15.475222]
[15.689958]
[15.86661]
[16.769754]
[21.628145]
[24.26538]
[17.588491]
[26.671467]
[25.934792]
[21.149506]
[21.764748]
[20.24836]
[5.6122217]
[16.183994]
[17.441284]
[17.016136]
[20.092613]
[37.70934]
[43.78721]
[50.17703]
[55.775784]
[45.281567]
[37.15037]
[54.612682]
[64.94393]
[64.59746]
[64.06861]
[53.04965]
[71.93964]
[88.87249]
[96.72194]
[125.30224]
[110.300674]
[118.655846]
[104.90683]
[102.60803]
[99.965866]
[99.94047]
[95.3667]
[93.61298]
[90.274445]
[87.27684]
[69.5458]
[72.257904]
[90.64702]
[89.240974]
[88.226974]
[90.01866]
[82.3948]
[82.28194]
[112.863525]
[121.874596]
[136.1577]
[134.10387]
[132.53163]
[131.85275]
[132.74875]
[129.33594]
[101.469925]
[100.09243]
[98.0691]
[95.647224]
[94.85808]
[62.033867]
[52.313408]
[63.311222]
[58.41507]
[55.35645]
[43.287106]
[23.96326]
[21.564362]
[22.111189]
[34.047512]
[48.90481]
[43.47505]
[45.550423]
[36.930332]
[19.971466]
[16.654366]
[30.27939]
[19.472864]
[17.490828]
[16.70563]
[14.5931835]
[13.855293]
[13.871799]
[16.0776]
[15.938796]
[14.844529]
[13.866842]
[14.7819]
[12.850523]
[12.572165]
[13.730244]
[13.591245]
[12.940594]
[13.444284]
[13.557383]
[13.814182]
[14.097452]
[16.227657]
[16.768732]
[13.4709835]
[13.123118]
[13.698304]
[14.121443]
[14.0438385]
[13.384765]
[13.537417]
[13.497456]
[12.839331]
[13.283375]
[11.804988]
[10.732529]
[11.871777]
[12.784296]
[15.014432]
[15.165605]
[18.116419]
[13.994249]
[13.736686]
[14.180239]
[12.51619]
[11.088673]
[12.541831]
[19.774557]
[11.715169]
[10.156985]
[11.519538]
[11.548054]
[15.651655]
[15.177504]
[13.774096]
[11.145721]
[11.847446]
[25.724918]
[31.244505]
[29.894474]
[28.604427]
[22.09752]
[13.3265]
[10.967604]
[10.520819]
[8.502799]
[7.855188]
[7.537674]
[7.28627]
[6.773851]
[6.743685]
[6.907802]
[7.038002]
[6.7688375]
[6.6906676]
[6.720024]
[6.5509796]
[6.523675][10.25]
[9.45]
[13.02]
[10.69]
[5.31]
[5.25]
[5.26]
[5.31]
[5.31]
[5.3]
[5.29]
[5.3]
[9.25]
[9.31]
[9.28]
[9.29]
[9.27]
[9.26]
[9.25]
[9.26]
[9.26]
[9.27]
[9.25]
[9.25]
[9.32]
[9.28]
[9.26]
[9.22]
[9.21]
[9.23]
[9.23]
[9.06]
[9.24]
[9.25]
[9.24]
[9.29]
[9.55]
[9.28]
[9.27]
[9.27]
[9.25]
[9.24]
[9.28]
[12.21]
[12.29]
[12.32]
[12.27]
[12.3]
[12.29]
[12.25]
[12.25]
[12.25]
[12.29]
[12.3]
[12.3]
[12.31]
[12.36]
[12.34]
[12.35]
[12.36]
[12.37]
[12.39]
[12.39]
[12.4]
[12.36]
[12.39]
[12.4]
[12.41]
[12.52]
[12.25]
[12.25]
[12.03]
[12.31]
[26.75]
[15.2]
[15.05]
[15.12]
[15.03]
[15.09]
[15.17]
[15.22]
[15.41]
[15.4]
[15.43]
[15.24]
[15.14]
[15.08]
[15.29]
[15.3]
[15.23]
[15.22]
[15.17]
[15.21]
[15.24]
[15.21]
[15.26]
[15.09]
[15.03]
[14.94]
[15.09]
[15.28]
[15.3]
[15.52]
[15.38]
[15.46]
[15.26]
[15.55]
[15.54]
[15.27]
[22.36]
[17.87]
[15.85]
[42.75]
[82.22]
[94.05]
[93.25]
[90.97]
[55.68]
[49.63]
[58.09]
[56.67]
[54.59]
[53.59]
[58.05]
[53.08]
[41.74]
[57.88]
[58.89]
[56.17]
[56.45]
[59.98]
[24.57]
[23.68]
[48.95]
[58.59]
[52.66]
[61.65]
[55.39]
[15.63]
[15.57]
[49.45]
[48.02]
[57.5]
[95.04]
[91.35]
[127.12]
[159.08]
[215.85]
[192.9]
[144.63]
[136.75]
[131.02]
[99.64]
[86.83]
[129.19]
[131.03]
[129.73]
[130.49]
[130.52]
[92.3]
[87.76]
[90.33]
[91.84]
[90.24]
[92.4]
[96.82]
[52.74]
[45.22]
[55.96]
[60.38]
[51.61]
[55.5]
[62.81]
[54.04]
[56.12]
[53.08]
[60.33]
[38.11]
[64.66]
[62.07]
[50.21]
[45.53]
[67.12]
[58.52]
[53.52]
[50.52]
[53.77]
[41.06]
[38.17]
[35.45]
[50.08]
[57.71]
[43.73]
[61.41]
[54.5]
[42.43]
[96.98]
[93.31]
[95.73]
[93.08]
[91.61]
[94.94]
[85.74]
[88.4]
[98.74]
[90.94]
[95.37]
[98.5]
[45.13]
[47.61]
[67.66]
[39.1]
[71.69]
[37.29]
[69.59]
[19.53]
[12.7]
[49.99]
[27.12]
[31.05]
[19.21]
[28.46]
[14.31]
[9.94]
[17.83]
[28.86]
[44.83]
[46.46]
[52.06]
[24.01]
[9.42]
[50.97]
[57.23]
[44.2]
[37.8]
[12.15]
[9.41]
[10.47]
[20.43]
[33.31]
[48.25]
[44.01]
[55.45]
[12.7]
[10.36]
[51.64]
[50.92]
[50.38]
[49.93]
[49.1]
[13.79]
[10.13]
[29.22]
[34.2]
[23.2]
[39.35]
[38.77]
[14.08]
[10.2]
[32.49]
[35.58]
[33.86]
[32.24]
[29.9]
[23.23]
[16.87]
[24.9]
[28.37]
[17.49]
[16.74]
[47.53]
[16.06]
[15.03]
[32.65]
[36.66]
[33.79]
[32.62]
[31.6]
[12.79]
[8.68]
[29.3]
[28.48]
[33.01]
[32.79]
[29.71]
[12.11]
[7.79]
[7.39]
[5.3]
[5.33]
[5.36]
[5.41]
[5.44]
[5.46]
[5.48]
[5.51]
[5.52]
[5.54]
[5.55]
[5.56]
[5.57]
[5.58]
[5.41]
[5.59]
[5.59]
[5.59]
[5.59]
[5.59]
[5.59]
[5.52]
[9.82]
[15.53]
[16.95]
[20.82]
[11.7]
[14.18]
[15.4]
[23.39]
[19.41]
[16.47]
[11.42]
[6.71]
[12.54]
[12.67]
[10.63]
[11.37]
[12.05]
[14.44]
[14.47]
[12.32]
[14.46]
[13.82]
[14.57]
[14.58]
[8.47]
[14.78]
[14.81]
[14.47]
[5.31]
[5.31]
[5.29]
[6.65]
[12.03]
[10.97]
[11.68]
[7.09]
[5.32]
[5.32]
[5.33]
[5.32]
[5.32]
[7.66]
[5.32]
[5.32]
[5.32]
[5.29]
[5.21]
[5.09]
[5.1]
[5.1]
[5.1]
[5.11]
[5.11]
[5.1]
[5.12]
[5.22]
[5.48]
[5.49]
[5.27]
[5.12]
[5.13]
[5.12]
[5.12]
[5.11]
[5.16]
[8.76]
[8.76]
[8.94]
[8.95]
[8.95]
[10.8]
[10.34]
[8.93]
[12.82]
[12.41]
[9.78]
[12.71]
[13.05]
[9.78]
[9.61]
[13.47]
[13.71]
[13.82]
[13.8]
[20.11]
[12.1]
[10.21]
[15.44]
[19.36]
[24.22]
[16.35]
[13.82]
[12.91]
[11.05]
[11.21]
[12.63]
[12.73]
[13.93]
[14.]
[12.75]
[12.72]
[14.06]
[13.64]
[13.18]
[14.13]
[14.47]
[12.97]
[12.08]
[13.53]
[13.92]
[14.]
[14.03]
[13.47]
[12.53]
[12.61]
[12.89]
[13.87]
[13.64]
[12.29]
[13.75]
[12.77]
[12.77]
[13.97]
[13.97]
[12.95]
[15.58]
[14.78]
[14.97]
[14.82]
[14.67]
[14.69]
[14.7]
[14.81]
[14.7]
[17.5]
[18.04]
[19.37]
[14.58]
[14.62]
[14.69]
[14.75]
[14.6]
[14.39]
[14.42]
[14.49]
[14.55]
[14.59]
[14.62]
[14.6]
[14.31]
[14.23]
[14.12]
[14.15]
[14.3]
[14.52]
[14.49]
[14.43]
[14.23]
[14.17]
[14.28]
[14.37]
[14.29]
[14.2]
[14.09]
[14.11]
[14.23]
[14.04]
[14.13]
[14.15]
[14.07]
[14.02]
[13.88]
[13.88]
[13.78]
[13.82]
[13.92]
[14.08]
[13.97]
[13.86]
[13.82]
[13.83]
[13.99]
[14.01]
[13.84]
[13.78]
[13.71]
[13.96]
[14.1]
[13.99]
[13.72]
[16.98]
[13.92]
[13.67]
[13.53]
[13.42]
[13.41]
[13.36]
[14.17]
[14.52]
[14.48]
[14.44]
[14.41]
[14.38]
[14.37]
[14.35]
[14.34]
[14.31]
[15.25]
[14.32]
[14.31]
[14.29]
[14.29]
[14.58]
[14.56]
[12.15]
[11.95]
[11.88]
[11.87]
[11.82]
[13.39]
[11.95]
[11.94]
[11.89]
[11.86]
[11.86]
[11.84]
[11.83]
[11.81]
[11.86]
[11.86]
[11.8]
[11.8]
[11.79]
[11.78]
[11.77]
[11.96]
[11.94]
[11.9]
[11.85]
[11.35]
[11.83]
[11.8]
[12.]
[12.06]
[12.03]
[9.66]
[9.6]
[9.59]
[9.63]
[9.74]
[9.73]
[9.68]
[9.68]
[9.7]
[9.68]
[9.68]
[9.67]
[9.67]
[9.73]
[9.77]
[9.75]
[9.77]
[9.77]
[9.77]
[9.74]
[9.74]
[9.73]
[9.72]
[9.75]
[9.75]
[9.79]
[9.77]
[9.77]
[9.78]
[9.77]
[9.09]
[9.09]
[8.91]
[8.69]
[8.69]
[8.66]
[8.69]
[8.7]
[8.7]
[8.66]
[8.67]
[8.77]
[8.78]
[8.78]
[8.77]
[8.78]
[8.77]
[8.74]
[8.74]
[8.77]
[8.77]
[8.77]
[8.76]
[8.77]
[8.76]
[8.77]
[8.77]
[8.76]
[8.76]
[8.77]
[8.71]
[8.26]
[8.23]
[8.06]
[8.02]
[8.01]
[8.04]
[8.06]
[8.04]
[8.05]
[8.06]
[8.05]
[8.05]
[8.07]
[8.07]
[8.06]
[8.04]
[8.08]
[8.07]
[8.07]
[8.03]
[8.1]
[8.09]
[8.1]
[8.11]
[8.1]
[8.11]
[8.12]
[8.11]
[8.11]
[8.13]
[6.13]
[6.11]
[5.91]
[5.29]
[5.35]
[5.29]
[5.31]
[5.3]
[5.3]
[5.3]
[5.31]
[5.3]
[5.27]
[5.29]
[5.29]
[5.29]
[5.3]
[5.3]
[5.34]
[5.31]
[5.31]
[5.32]
[5.32]
[5.31]
[5.33]
[5.32]
[5.32]
[5.31]
[5.33]
[5.32]
[5.34]
[5.34]
[5.89]
[5.74]
[5.51]
[5.5]
[7.49]
[7.16]
[5.55]
[5.56]
[5.48]
[5.43]
[5.41]
[5.42]
[5.48]
[5.44]
[5.44]
[5.44]
[7.99]
[5.37]
[5.4]
[5.41]
[5.38]
[5.38]
[5.39]
[5.38]
[5.38]
[5.43]
[5.4]
[5.41]
[5.42]
[5.41]
[5.41]
[5.41]
[5.41]
[5.42]
[5.44]
[5.44]
[5.45]
[5.47]
[5.47]
[5.4]
[5.42]
[5.44]
[5.46]
[5.47]
[5.46]
[5.46]
[5.47]
[5.47]
[5.42]
[5.48]
[5.49]
[5.48]
[5.46]
[5.46]
[5.5]
[5.51]
[5.48]
[5.46]
[9.04]
[9.13]
[9.13]
[9.16]
[9.17]
[9.17]
[9.19]
[9.21]
[9.24]
[9.24]
[9.22]
[9.2]
[9.27]
[9.28]
[9.28]
[9.29]
[9.32]
[9.33]
[9.33]
[9.34]
[9.36]
[9.37]
[9.38]
[9.41]
[9.41]
[9.41]
[9.41]
[9.42]
[9.83]
[9.49]
[9.52]
[12.18]
[12.29]
[12.29]
[12.33]
[12.37]
[12.42]
[12.45]
[12.39]
[15.27]
[16.55]
[14.11]
[12.06]
[12.15]
[12.22]
[12.2]
[14.89]
[12.24]
[12.29]
[12.3]
[12.82]
[12.19]
[12.16]
[12.29]
[12.32]
[12.3]
[12.41]
[12.47]
[12.46]
[12.66]
[12.65]
[14.68]
[15.59]
[15.66]
[15.62]
[15.61]
[15.62]
[15.55]
[15.55]
[15.53]
[15.48]
[15.58]
[15.63]
[15.67]
[15.73]
[15.76]
[15.69]
[15.74]
[15.74]
[15.7]
[15.75]
[15.81]
[15.74]
[15.69]
[15.67]
[15.67]
[15.69]
[15.71]
[15.78]
[15.82]
[15.85]
[15.84]
[15.82]
[15.81]
[15.68]
[15.65]
[15.45]
[15.76]
[15.72]
[15.72]
[15.72]
[15.86]
[15.62]
[15.55]
[15.84]
[15.47]
[15.85]
[15.91]
[15.89]
[15.6]
[15.96]
[15.99]
[15.84]
[15.77]
[15.99]
[15.57]
[15.56]
[15.78]
[15.69]
[15.67]
[15.63]
[15.75]
[15.5]
[15.92]
[15.96]
[15.99]
[16.2]
[15.99]
[15.99]
[15.96]
[15.93]
[15.94]
[15.96]
[15.89]
[15.75]
[15.57]
[14.85]
[16.98]
[17.18]
[17.15]
[16.64]
[16.94]
[16.89]
[16.85]
[16.85]
[16.82]
[22.09]
[48.14]
[54.09]
[52.25]
[50.82]
[26.21]
[24.32]
[46.38]
[54.6]
[55.32]
[58.59]
[42.22]
[59.61]
[52.27]
[91.07]
[134.99]
[99.13]
[93.08]
[89.49]
[90.15]
[90.7]
[92.91]
[90.54]
[92.41]
[91.17]
[89.85]
[54.37]
[55.31]
[91.98]
[89.63]
[92.51]
[92.65]
[53.92]
[58.15]
[118.86]
[121.02]
[128.01]
[129.11]
[130.04]
[130.07]
[129.96]
[130.52]
[93.73]
[94.19]
[93.43]
[94.32]
[94.03]
[49.04]
[42.92]
[63.69]
[56.03]
[54.7]
[38.34]
[11.79]
[11.72]
[12.96]
[33.11]
[57.23]
[47.44]
[52.93]
[38.46]
[13.38]
[10.84]
[32.12]
[12.86]
[13.04]
[11.96]
[9.06]
[9.09]
[9.87]
[13.99]
[13.87]
[12.77]
[11.54]
[13.62]
[10.08]
[9.89]
[11.66]
[11.41]
[10.97]
[12.27]
[12.58]
[13.52]
[14.11]
[18.19]
[19.12]
[13.6]
[13.55]
[13.48]
[13.43]
[13.64]
[13.07]
[13.76]
[13.75]
[12.85]
[13.71]
[11.22]
[9.92]
[11.7]
[12.05]
[15.5]
[15.5]
[20.41]
[11.86]
[11.21]
[12.16]
[10.03]
[8.58]
[11.93]
[24.96]
[9.81]
[9.12]
[11.89]
[11.97]
[19.72]
[18.14]
[16.04]
[11.71]
[13.74]
[39.18]
[46.43]
[42.22]
[40.7]
[29.17]
[11.6]
[7.7]
[7.77]
[5.18]
[5.21]
[5.24]
[5.27]
[5.28]
[5.29]
[5.31]
[5.33]
[5.34]
[5.35]
[5.36]
[5.37]
[5.38]
[5.39]