0.89278312821988, 0.9032429006318669, -5.788500961527325, 199.32139252650532[13.411411]
[10.216554]
[9.188347]
[11.3683815]
[10.100012]
[6.4686193]
[5.8860373]
[6.04019]
[5.9804654]
[5.97304]
[6.008895]
[5.854692]
[5.9917445]
[8.478201]
[9.025394]
[8.891784]
[8.925549]
[8.611949]
[10.572945]
[12.545424]
[11.1108265]
[9.837797]
[9.5108185]
[9.480696]
[9.3578415]
[9.375988]
[9.374487]
[9.400034]
[9.2473]
[9.253071]
[9.1066]
[9.133297]
[9.351187]
[9.4148445]
[9.26052]
[9.411363]
[9.404456]
[9.142514]
[13.597975]
[10.088375]
[9.526537]
[10.180375]
[10.577285]
[10.39019]
[11.972922]
[12.132559]
[11.954501]
[12.084484]
[11.745311]
[12.314664]
[12.661476]
[12.573781]
[12.076378]
[12.254004]
[12.049616]
[11.9963045]
[12.008821]
[12.109701]
[11.991809]
[11.973166]
[11.9945965]
[12.073819]
[11.910296]
[12.01776]
[11.995116]
[11.773821]
[12.43376]
[12.864951]
[12.235489]
[12.578848]
[15.1421]
[9.694155]
[11.601701]
[12.07565]
[40.053806]
[17.538635]
[14.061715]
[14.038068]
[13.94947]
[13.975051]
[14.11901]
[14.187146]
[14.118924]
[14.175223]
[14.229073]
[13.994462]
[14.02326]
[14.190335]
[14.388033]
[14.19864]
[14.2582035]
[14.075515]
[14.7977085]
[14.627594]
[14.289112]
[14.417811]
[14.424661]
[14.1904335]
[14.115357]
[13.745654]
[14.2230215]
[14.814581]
[14.384592]
[14.861263]
[15.036625]
[15.256662]
[18.188782]
[21.843891]
[21.15096]
[29.044035]
[50.040943]
[32.91124]
[72.607216]
[77.38837]
[81.987656]
[94.30055]
[128.59438]
[102.30613]
[70.58716]
[60.960114]
[63.254288]
[61.281017]
[57.428722]
[53.970726]
[55.00488]
[51.61906]
[43.24317]
[51.304005]
[53.748882]
[51.922455]
[51.34057]
[54.86254]
[32.78713]
[28.507132]
[44.76346]
[52.035503]
[47.712963]
[52.26327]
[48.07539]
[22.605787]
[22.907522]
[47.21947]
[49.824482]
[69.75686]
[108.614845]
[135.60695]
[160.4187]
[170.23207]
[205.36086]
[178.60992]
[148.03732]
[143.31961]
[130.95331]
[106.311134]
[90.7898]
[115.753426]
[120.59761]
[121.36603]
[124.492676]
[130.81676]
[109.66919]
[99.688156]
[94.592804]
[95.14858]
[92.898705]
[92.220024]
[95.704735]
[69.777756]
[64.223236]
[73.46978]
[73.30868]
[70.13181]
[69.2335]
[71.73443]
[62.669]
[60.324364]
[56.528328]
[59.182922]
[44.875378]
[57.859867]
[58.178837]
[50.732674]
[47.624622]
[60.42231]
[55.140343]
[49.72172]
[46.424057]
[47.718735]
[41.172455]
[41.872234]
[44.50343]
[60.39814]
[67.99233]
[59.454273]
[66.91839]
[60.49047]
[54.986652]
[98.2044]
[96.92623]
[94.214806]
[88.15114]
[84.2524]
[85.374886]
[80.83671]
[85.81296]
[95.54137]
[91.586395]
[98.80138]
[102.72107]
[70.83231]
[68.10779]
[75.79516]
[57.81871]
[74.05168]
[52.12557]
[67.01362]
[37.063263]
[28.30845]
[49.407707]
[37.352543]
[36.512238]
[28.84696]
[32.712894]
[24.394268]
[19.793665]
[23.817812]
[30.472406]
[39.665634]
[40.997795]
[44.41174]
[30.483171]
[21.727797]
[45.173576]
[51.621532]
[43.505783]
[39.182755]
[25.510656]
[23.264782]
[24.043858]
[27.96825]
[34.390762]
[42.48648]
[40.34172]
[46.096146]
[21.867176]
[18.38524]
[42.635372]
[43.851734]
[42.633934]
[42.677036]
[41.344223]
[21.332468]
[19.748447]
[31.489094]
[34.456818]
[26.918264]
[34.58468]
[34.549335]
[19.224136]
[14.464329]
[27.85489]
[31.19686]
[29.934053]
[28.218115]
[26.41452]
[21.872225]
[17.319002]
[22.085646]
[25.18381]
[19.217745]
[19.862043]
[40.42989]
[23.33092]
[18.019293]
[28.20248]
[31.329449]
[29.476593]
[28.087824]
[27.016201]
[14.866654]
[10.739583]
[23.482042]
[24.083115]
[26.049622]
[26.828348]
[25.082857]
[13.75525]
[9.445309]
[8.949598]
[7.560468]
[7.345927]
[7.3794317]
[7.77455]
[7.8055315]
[7.457967]
[7.2896]
[7.2045255]
[7.260415]
[7.200327]
[7.095392]
[6.9556417]
[6.89124]
[6.899831]
[6.7885866]
[6.825901]
[6.703564]
[6.6397786]
[6.6397786]
[6.6397786]
[6.6397786]
[6.5536737]
[8.9917555]
[14.590781]
[14.340531]
[16.266651]
[11.095462]
[12.039446]
[13.028049]
[17.93162]
[16.122847]
[14.008263]
[10.677947]
[7.175216]
[10.572219]
[11.030851]
[9.599321]
[9.920906]
[10.410223]
[12.085738]
[12.421976]
[10.945066]
[12.108824]
[20.048838]
[13.781466]
[12.721083]
[8.709431]
[12.577689]
[12.990915]
[12.571904]
[6.8284936]
[6.018002]
[6.0354238]
[6.9653]
[10.4069195]
[10.518209]
[10.571399]
[7.6295733]
[6.0998807]
[5.991841]
[6.0148444]
[6.0574284]
[5.9026628]
[7.5740294]
[6.220664]
[5.9026337]
[6.067607]
[5.9178367]
[5.999258]
[5.5322146]
[6.347475]
[6.4979815]
[6.2371945]
[6.2673383]
[6.035634]
[5.9788394]
[5.9912643]
[6.103605]
[6.17818]
[6.2173276]
[5.9618497]
[6.3112]
[5.965875]
[5.9975123]
[6.022292]
[6.018975]
[6.0978746]
[8.377793]
[8.834156]
[13.879213]
[9.844767]
[8.885094]
[10.458743]
[9.960818]
[9.107788]
[12.516461]
[11.766157]
[9.77927]
[11.761664]
[12.188455]
[9.932116]
[9.650381]
[12.348871]
[13.161317]
[13.003691]
[12.875549]
[17.839695]
[12.288606]
[10.047698]
[13.9312105]
[17.456644]
[21.32483]
[15.321596]
[12.803661]
[12.039299]
[10.708653]
[10.7834835]
[11.701517]
[11.800613]
[12.68226]
[12.791724]
[11.90644]
[11.912077]
[12.922651]
[12.411257]
[12.2244215]
[13.157132]
[13.280823]
[12.054222]
[11.438129]
[12.598595]
[12.898954]
[12.779965]
[12.824814]
[12.284245]
[11.610798]
[11.23471]
[12.318935]
[13.386374]
[13.308595]
[11.696741]
[13.333619]
[12.983347]
[12.669138]
[13.081803]
[13.004507]
[12.103548]
[14.08189]
[13.520988]
[13.481809]
[13.415979]
[13.38027]
[13.359719]
[13.162773]
[13.37208]
[13.269405]
[15.355616]
[18.666367]
[17.657007]
[13.547534]
[13.160075]
[13.4866495]
[13.56679]
[13.879]
[13.614948]
[13.500885]
[13.539858]
[13.540854]
[13.714918]
[13.738226]
[13.776124]
[13.61416]
[13.592324]
[13.45543]
[13.603499]
[13.721747]
[14.007903]
[14.030284]
[14.047543]
[13.913477]
[13.946538]
[14.020781]
[14.162206]
[14.185404]
[14.063025]
[13.961743]
[13.937448]
[14.012703]
[13.87478]
[13.900975]
[13.914132]
[13.892704]
[13.896804]
[13.666453]
[13.719661]
[13.423681]
[13.348399]
[13.463897]
[13.382939]
[13.177576]
[13.027905]
[12.932054]
[12.730504]
[12.884727]
[13.140383]
[13.241518]
[13.40085]
[13.235102]
[13.647324]
[14.287727]
[14.454615]
[13.547656]
[21.5777]
[31.836855]
[50.338135]
[15.770523]
[11.564521]
[13.43652]
[15.059628]
[15.888856]
[15.900975]
[15.689402]
[15.752871]
[15.638719]
[15.321182]
[15.00766]
[14.98947]
[14.9755535]
[14.710758]
[15.147545]
[14.474064]
[14.313336]
[14.226769]
[14.129754]
[13.550038]
[14.361429]
[13.085031]
[12.781208]
[12.444776]
[12.7079935]
[13.169987]
[14.121913]
[13.295178]
[12.947625]
[12.630783]
[12.547742]
[12.359987]
[12.130781]
[12.457379]
[12.274265]
[12.244895]
[12.037536]
[12.028373]
[12.054997]
[12.00958]
[11.79095]
[11.656914]
[11.920145]
[12.854015]
[13.767499]
[13.998572]
[13.667728]
[12.8483095]
[12.946235]
[12.655369]
[12.64016]
[12.344453]
[11.351985]
[11.555412]
[11.077502]
[10.839958]
[10.9752655]
[10.762431]
[10.882778]
[10.650715]
[10.797965]
[10.566453]
[10.518382]
[10.687299]
[10.371103]
[10.636892]
[10.391317]
[10.533844]
[10.45497]
[10.515163]
[10.404341]
[10.433745]
[10.310152]
[10.360411]
[10.234254]
[10.225238]
[10.232882]
[10.338544]
[10.220153]
[10.10531]
[10.309639]
[10.05531]
[9.836006]
[9.743097]
[9.697439]
[9.410668]
[9.163128]
[9.360599]
[9.513802]
[9.494894]
[9.443304]
[9.030916]
[9.004878]
[8.735359]
[10.680357]
[10.62346]
[10.301905]
[10.024838]
[9.785058]
[9.666348]
[9.5877495]
[9.389433]
[9.6283045]
[9.425095]
[9.365771]
[9.516098]
[9.210423]
[8.980353]
[9.3989525]
[9.767464]
[9.341525]
[9.788727]
[9.746539]
[9.236552]
[8.950588]
[8.79931]
[8.809647]
[8.604999]
[8.710132]
[8.830486]
[8.788227]
[8.573696]
[8.741949]
[8.659093]
[8.63508]
[8.646986]
[8.730281]
[8.543429]
[8.698372]
[8.633636]
[8.693456]
[8.593442]
[8.466659]
[8.787776]
[8.610011]
[8.48229]
[8.605648]
[8.728828]
[8.540188]
[8.638817]
[8.48516]
[8.704625]
[8.771427]
[7.385839]
[7.2513304]
[7.1229124]
[6.484702]
[6.554447]
[6.347813]
[6.523935]
[6.4512386]
[6.3258204]
[6.526317]
[6.462576]
[6.4340253]
[6.4181557]
[6.4265347]
[6.538309]
[6.4426165]
[6.3230085]
[6.499819]
[6.388446]
[6.3315134]
[6.49801]
[6.448002]
[6.4155674]
[6.4015403]
[6.406628]
[6.395524]
[6.3840027]
[6.371756]
[6.373026]
[6.3672485]
[6.2962413]
[6.339453]
[6.644862]
[6.604651]
[10.056261]
[6.841754]
[8.048603]
[8.187303]
[6.5401173]
[6.355002]
[6.313364]
[6.2571464]
[6.562077]
[6.2322774]
[6.5158925]
[6.2201653]
[6.487654]
[6.197454]
[8.421182]
[6.7320647]
[6.414173]
[6.3952518]
[6.3768907]
[6.358618]
[6.340292]
[6.0478168]
[6.308908]
[5.9923744]
[8.381915]
[6.3672414]
[6.026481]
[6.254393]
[6.006752]
[5.9965806]
[6.210279]
[5.9816446]
[6.1632724]
[6.141084]
[5.9453526]
[6.1204586]
[5.95747]
[5.9188757]
[5.9329658]
[6.077542]
[5.9097204]
[6.0343575]
[5.8885026]
[5.8959703]
[5.9161744]
[5.9999795]
[5.817674]
[5.8671722]
[5.968331]
[5.8292937]
[5.838484]
[5.9242597]
[5.806424]
[5.9145656]
[5.8611493]
[5.734829]
[9.01064]
[8.852801]
[9.255644]
[8.819121]
[9.201402]
[9.246908]
[9.179597]
[9.134928]
[9.721448]
[9.144273]
[9.642536]
[9.066779]
[9.56355]
[8.989337]
[9.525667]
[9.615042]
[8.967306]
[8.967425]
[9.011484]
[9.047782]
[9.0951805]
[9.184672]
[9.172036]
[9.595097]
[9.293739]
[9.88459]
[9.710953]
[9.404156]
[10.284989]
[10.378836]
[10.380516]
[12.256419]
[12.51765]
[12.502376]
[13.084929]
[12.549836]
[13.01165]
[13.530902]
[13.421188]
[15.562328]
[16.567049]
[14.837251]
[12.284808]
[12.385986]
[12.253007]
[12.477492]
[14.945198]
[12.281721]
[11.986555]
[11.843687]
[12.069553]
[11.223769]
[11.057039]
[11.399564]
[11.73669]
[12.125451]
[12.0328455]
[11.450502]
[11.178166]
[11.165393]
[11.101781]
[12.1154585]
[12.708264]
[13.02102]
[13.320728]
[12.968387]
[13.209173]
[12.95662]
[13.313559]
[13.642588]
[15.271614]
[20.705957]
[20.015087]
[16.03284]
[16.080612]
[12.849611]
[15.852757]
[16.240831]
[16.236265]
[15.900339]
[15.55242]
[15.310454]
[15.191708]
[14.995229]
[14.894376]
[16.143318]
[15.368509]
[15.844748]
[15.754226]
[16.137562]
[16.131653]
[15.84549]
[14.726637]
[13.806873]
[14.012121]
[13.730531]
[14.315456]
[15.921021]
[15.877177]
[16.193121]
[17.098919]
[16.553175]
[16.070175]
[16.067495]
[17.027273]
[16.634825]
[17.44695]
[17.622446]
[17.266697]
[16.727873]
[16.77886]
[16.665312]
[16.49725]
[16.416252]
[16.484615]
[16.227325]
[17.570724]
[17.804998]
[17.594612]
[17.21343]
[16.816832]
[16.582724]
[16.357725]
[16.788765]
[16.887215]
[16.676424]
[17.970434]
[17.219687]
[16.887808]
[16.768824]
[16.52037]
[17.059757]
[16.650358]
[17.308426]
[20.072275]
[21.882128]
[17.903517]
[24.960253]
[24.637718]
[22.780783]
[24.087656]
[21.652224]
[6.654905]
[17.223436]
[18.59538]
[18.291445]
[21.373404]
[39.416965]
[44.914825]
[48.0449]
[53.072533]
[42.353157]
[37.405575]
[55.36526]
[65.02255]
[63.96294]
[65.14265]
[54.633263]
[70.63062]
[83.47325]
[100.43148]
[125.923515]
[111.50349]
[116.68516]
[107.05449]
[100.421165]
[97.71781]
[99.768456]
[96.53923]
[94.751785]
[91.24897]
[88.5018]
[68.96965]
[71.84046]
[90.64813]
[90.28331]
[89.373344]
[90.80687]
[77.49131]
[89.04126]
[112.76376]
[122.76294]
[138.8797]
[137.55908]
[131.14507]
[130.99863]
[133.71478]
[130.74724]
[102.5166]
[102.45797]
[98.827385]
[97.5552]
[96.3852]
[62.563232]
[52.354576]
[63.33214]
[58.49644]
[55.450333]
[43.709618]
[25.15307]
[22.79592]
[23.289524]
[34.94805]
[50.05993]
[44.892044]
[46.6911]
[38.25468]
[21.305054]
[17.787004]
[31.289995]
[20.870403]
[18.691048]
[17.87484]
[15.847415]
[15.098697]
[15.143428]
[17.4517]
[17.403444]
[16.331112]
[15.211557]
[16.181128]
[14.080863]
[13.78031]
[14.97662]
[14.914626]
[14.258201]
[14.67858]
[14.788834]
[15.092007]
[15.297741]
[17.596643]
[18.1864]
[14.63714]
[14.123179]
[14.617467]
[15.269343]
[15.361874]
[14.622256]
[14.693764]
[14.62478]
[13.943736]
[14.338536]
[12.839876]
[11.676377]
[12.748932]
[13.680607]
[16.228771]
[16.494606]
[19.483557]
[15.154189]
[15.011238]
[15.647607]
[13.868617]
[12.220925]
[13.717971]
[21.406998]
[12.918969]
[10.960052]
[12.509197]
[12.529752]
[16.867943]
[16.352484]
[14.813767]
[12.010823]
[12.750701]
[27.676779]
[33.25008]
[31.662457]
[30.734673]
[23.607342]
[13.421136]
[12.252513]
[11.779196]
[9.517473]
[8.778031]
[8.333444]
[8.038733]
[7.5502934]
[7.2614202]
[7.457648]
[7.638714]
[7.4735775]
[7.2504325]
[7.2729406]
[7.1804004]
[7.0398717][10.25]
[9.45]
[13.02]
[10.69]
[5.31]
[5.25]
[5.26]
[5.31]
[5.31]
[5.3]
[5.29]
[5.3]
[9.25]
[9.31]
[9.28]
[9.29]
[9.27]
[9.26]
[9.25]
[9.26]
[9.26]
[9.27]
[9.25]
[9.25]
[9.32]
[9.28]
[9.26]
[9.22]
[9.21]
[9.23]
[9.23]
[9.06]
[9.24]
[9.25]
[9.24]
[9.29]
[9.55]
[9.28]
[9.27]
[9.27]
[9.25]
[9.24]
[9.28]
[12.21]
[12.29]
[12.32]
[12.27]
[12.3]
[12.29]
[12.25]
[12.25]
[12.25]
[12.29]
[12.3]
[12.3]
[12.31]
[12.36]
[12.34]
[12.35]
[12.36]
[12.37]
[12.39]
[12.39]
[12.4]
[12.36]
[12.39]
[12.4]
[12.41]
[12.52]
[12.25]
[12.25]
[12.03]
[12.31]
[26.75]
[15.2]
[15.05]
[15.12]
[15.03]
[15.09]
[15.17]
[15.22]
[15.41]
[15.4]
[15.43]
[15.24]
[15.14]
[15.08]
[15.29]
[15.3]
[15.23]
[15.22]
[15.17]
[15.21]
[15.24]
[15.21]
[15.26]
[15.09]
[15.03]
[14.94]
[15.09]
[15.28]
[15.3]
[15.52]
[15.38]
[15.46]
[15.26]
[15.55]
[15.54]
[15.27]
[22.36]
[17.87]
[15.85]
[42.75]
[82.22]
[94.05]
[93.25]
[90.97]
[55.68]
[49.63]
[58.09]
[56.67]
[54.59]
[53.59]
[58.05]
[53.08]
[41.74]
[57.88]
[58.89]
[56.17]
[56.45]
[59.98]
[24.57]
[23.68]
[48.95]
[58.59]
[52.66]
[61.65]
[55.39]
[15.63]
[15.57]
[49.45]
[48.02]
[57.5]
[95.04]
[91.35]
[127.12]
[159.08]
[215.85]
[192.9]
[144.63]
[136.75]
[131.02]
[99.64]
[86.83]
[129.19]
[131.03]
[129.73]
[130.49]
[130.52]
[92.3]
[87.76]
[90.33]
[91.84]
[90.24]
[92.4]
[96.82]
[52.74]
[45.22]
[55.96]
[60.38]
[51.61]
[55.5]
[62.81]
[54.04]
[56.12]
[53.08]
[60.33]
[38.11]
[64.66]
[62.07]
[50.21]
[45.53]
[67.12]
[58.52]
[53.52]
[50.52]
[53.77]
[41.06]
[38.17]
[35.45]
[50.08]
[57.71]
[43.73]
[61.41]
[54.5]
[42.43]
[96.98]
[93.31]
[95.73]
[93.08]
[91.61]
[94.94]
[85.74]
[88.4]
[98.74]
[90.94]
[95.37]
[98.5]
[45.13]
[47.61]
[67.66]
[39.1]
[71.69]
[37.29]
[69.59]
[19.53]
[12.7]
[49.99]
[27.12]
[31.05]
[19.21]
[28.46]
[14.31]
[9.94]
[17.83]
[28.86]
[44.83]
[46.46]
[52.06]
[24.01]
[9.42]
[50.97]
[57.23]
[44.2]
[37.8]
[12.15]
[9.41]
[10.47]
[20.43]
[33.31]
[48.25]
[44.01]
[55.45]
[12.7]
[10.36]
[51.64]
[50.92]
[50.38]
[49.93]
[49.1]
[13.79]
[10.13]
[29.22]
[34.2]
[23.2]
[39.35]
[38.77]
[14.08]
[10.2]
[32.49]
[35.58]
[33.86]
[32.24]
[29.9]
[23.23]
[16.87]
[24.9]
[28.37]
[17.49]
[16.74]
[47.53]
[16.06]
[15.03]
[32.65]
[36.66]
[33.79]
[32.62]
[31.6]
[12.79]
[8.68]
[29.3]
[28.48]
[33.01]
[32.79]
[29.71]
[12.11]
[7.79]
[7.39]
[5.3]
[5.33]
[5.36]
[5.41]
[5.44]
[5.46]
[5.48]
[5.51]
[5.52]
[5.54]
[5.55]
[5.56]
[5.57]
[5.58]
[5.41]
[5.59]
[5.59]
[5.59]
[5.59]
[5.59]
[5.59]
[5.52]
[9.82]
[15.53]
[16.95]
[20.82]
[11.7]
[14.18]
[15.4]
[23.39]
[19.41]
[16.47]
[11.42]
[6.71]
[12.54]
[12.67]
[10.63]
[11.37]
[12.05]
[14.44]
[14.47]
[12.32]
[14.46]
[13.82]
[14.57]
[14.58]
[8.47]
[14.78]
[14.81]
[14.47]
[5.31]
[5.31]
[5.29]
[6.65]
[12.03]
[10.97]
[11.68]
[7.09]
[5.32]
[5.32]
[5.33]
[5.32]
[5.32]
[7.66]
[5.32]
[5.32]
[5.32]
[5.29]
[5.21]
[5.09]
[5.1]
[5.1]
[5.1]
[5.11]
[5.11]
[5.1]
[5.12]
[5.22]
[5.48]
[5.49]
[5.27]
[5.12]
[5.13]
[5.12]
[5.12]
[5.11]
[5.16]
[8.76]
[8.76]
[8.94]
[8.95]
[8.95]
[10.8]
[10.34]
[8.93]
[12.82]
[12.41]
[9.78]
[12.71]
[13.05]
[9.78]
[9.61]
[13.47]
[13.71]
[13.82]
[13.8]
[20.11]
[12.1]
[10.21]
[15.44]
[19.36]
[24.22]
[16.35]
[13.82]
[12.91]
[11.05]
[11.21]
[12.63]
[12.73]
[13.93]
[14.]
[12.75]
[12.72]
[14.06]
[13.64]
[13.18]
[14.13]
[14.47]
[12.97]
[12.08]
[13.53]
[13.92]
[14.]
[14.03]
[13.47]
[12.53]
[12.61]
[12.89]
[13.87]
[13.64]
[12.29]
[13.75]
[12.77]
[12.77]
[13.97]
[13.97]
[12.95]
[15.58]
[14.78]
[14.97]
[14.82]
[14.67]
[14.69]
[14.7]
[14.81]
[14.7]
[17.5]
[18.04]
[19.37]
[14.58]
[14.62]
[14.69]
[14.75]
[14.6]
[14.39]
[14.42]
[14.49]
[14.55]
[14.59]
[14.62]
[14.6]
[14.31]
[14.23]
[14.12]
[14.15]
[14.3]
[14.52]
[14.49]
[14.43]
[14.23]
[14.17]
[14.28]
[14.37]
[14.29]
[14.2]
[14.09]
[14.11]
[14.23]
[14.04]
[14.13]
[14.15]
[14.07]
[14.02]
[13.88]
[13.88]
[13.78]
[13.82]
[13.92]
[14.08]
[13.97]
[13.86]
[13.82]
[13.83]
[13.99]
[14.01]
[13.84]
[13.78]
[13.71]
[13.96]
[14.1]
[13.99]
[13.72]
[16.98]
[13.92]
[13.67]
[13.53]
[13.42]
[13.41]
[13.36]
[14.17]
[14.52]
[14.48]
[14.44]
[14.41]
[14.38]
[14.37]
[14.35]
[14.34]
[14.31]
[15.25]
[14.32]
[14.31]
[14.29]
[14.29]
[14.58]
[14.56]
[12.15]
[11.95]
[11.88]
[11.87]
[11.82]
[13.39]
[11.95]
[11.94]
[11.89]
[11.86]
[11.86]
[11.84]
[11.83]
[11.81]
[11.86]
[11.86]
[11.8]
[11.8]
[11.79]
[11.78]
[11.77]
[11.96]
[11.94]
[11.9]
[11.85]
[11.35]
[11.83]
[11.8]
[12.]
[12.06]
[12.03]
[9.66]
[9.6]
[9.59]
[9.63]
[9.74]
[9.73]
[9.68]
[9.68]
[9.7]
[9.68]
[9.68]
[9.67]
[9.67]
[9.73]
[9.77]
[9.75]
[9.77]
[9.77]
[9.77]
[9.74]
[9.74]
[9.73]
[9.72]
[9.75]
[9.75]
[9.79]
[9.77]
[9.77]
[9.78]
[9.77]
[9.09]
[9.09]
[8.91]
[8.69]
[8.69]
[8.66]
[8.69]
[8.7]
[8.7]
[8.66]
[8.67]
[8.77]
[8.78]
[8.78]
[8.77]
[8.78]
[8.77]
[8.74]
[8.74]
[8.77]
[8.77]
[8.77]
[8.76]
[8.77]
[8.76]
[8.77]
[8.77]
[8.76]
[8.76]
[8.77]
[8.71]
[8.26]
[8.23]
[8.06]
[8.02]
[8.01]
[8.04]
[8.06]
[8.04]
[8.05]
[8.06]
[8.05]
[8.05]
[8.07]
[8.07]
[8.06]
[8.04]
[8.08]
[8.07]
[8.07]
[8.03]
[8.1]
[8.09]
[8.1]
[8.11]
[8.1]
[8.11]
[8.12]
[8.11]
[8.11]
[8.13]
[6.13]
[6.11]
[5.91]
[5.29]
[5.35]
[5.29]
[5.31]
[5.3]
[5.3]
[5.3]
[5.31]
[5.3]
[5.27]
[5.29]
[5.29]
[5.29]
[5.3]
[5.3]
[5.34]
[5.31]
[5.31]
[5.32]
[5.32]
[5.31]
[5.33]
[5.32]
[5.32]
[5.31]
[5.33]
[5.32]
[5.34]
[5.34]
[5.89]
[5.74]
[5.51]
[5.5]
[7.49]
[7.16]
[5.55]
[5.56]
[5.48]
[5.43]
[5.41]
[5.42]
[5.48]
[5.44]
[5.44]
[5.44]
[7.99]
[5.37]
[5.4]
[5.41]
[5.38]
[5.38]
[5.39]
[5.38]
[5.38]
[5.43]
[5.4]
[5.41]
[5.42]
[5.41]
[5.41]
[5.41]
[5.41]
[5.42]
[5.44]
[5.44]
[5.45]
[5.47]
[5.47]
[5.4]
[5.42]
[5.44]
[5.46]
[5.47]
[5.46]
[5.46]
[5.47]
[5.47]
[5.42]
[5.48]
[5.49]
[5.48]
[5.46]
[5.46]
[5.5]
[5.51]
[5.48]
[5.46]
[9.04]
[9.13]
[9.13]
[9.16]
[9.17]
[9.17]
[9.19]
[9.21]
[9.24]
[9.24]
[9.22]
[9.2]
[9.27]
[9.28]
[9.28]
[9.29]
[9.32]
[9.33]
[9.33]
[9.34]
[9.36]
[9.37]
[9.38]
[9.41]
[9.41]
[9.41]
[9.41]
[9.42]
[9.83]
[9.49]
[9.52]
[12.18]
[12.29]
[12.29]
[12.33]
[12.37]
[12.42]
[12.45]
[12.39]
[15.27]
[16.55]
[14.11]
[12.06]
[12.15]
[12.22]
[12.2]
[14.89]
[12.24]
[12.29]
[12.3]
[12.82]
[12.19]
[12.16]
[12.29]
[12.32]
[12.3]
[12.41]
[12.47]
[12.46]
[12.66]
[12.65]
[14.68]
[15.59]
[15.66]
[15.62]
[15.61]
[15.62]
[15.55]
[15.55]
[15.53]
[15.48]
[15.58]
[15.63]
[15.67]
[15.73]
[15.76]
[15.69]
[15.74]
[15.74]
[15.7]
[15.75]
[15.81]
[15.74]
[15.69]
[15.67]
[15.67]
[15.69]
[15.71]
[15.78]
[15.82]
[15.85]
[15.84]
[15.82]
[15.81]
[15.68]
[15.65]
[15.45]
[15.76]
[15.72]
[15.72]
[15.72]
[15.86]
[15.62]
[15.55]
[15.84]
[15.47]
[15.85]
[15.91]
[15.89]
[15.6]
[15.96]
[15.99]
[15.84]
[15.77]
[15.99]
[15.57]
[15.56]
[15.78]
[15.69]
[15.67]
[15.63]
[15.75]
[15.5]
[15.92]
[15.96]
[15.99]
[16.2]
[15.99]
[15.99]
[15.96]
[15.93]
[15.94]
[15.96]
[15.89]
[15.75]
[15.57]
[14.85]
[16.98]
[17.18]
[17.15]
[16.64]
[16.94]
[16.89]
[16.85]
[16.85]
[16.82]
[22.09]
[48.14]
[54.09]
[52.25]
[50.82]
[26.21]
[24.32]
[46.38]
[54.6]
[55.32]
[58.59]
[42.22]
[59.61]
[52.27]
[91.07]
[134.99]
[99.13]
[93.08]
[89.49]
[90.15]
[90.7]
[92.91]
[90.54]
[92.41]
[91.17]
[89.85]
[54.37]
[55.31]
[91.98]
[89.63]
[92.51]
[92.65]
[53.92]
[58.15]
[118.86]
[121.02]
[128.01]
[129.11]
[130.04]
[130.07]
[129.96]
[130.52]
[93.73]
[94.19]
[93.43]
[94.32]
[94.03]
[49.04]
[42.92]
[63.69]
[56.03]
[54.7]
[38.34]
[11.79]
[11.72]
[12.96]
[33.11]
[57.23]
[47.44]
[52.93]
[38.46]
[13.38]
[10.84]
[32.12]
[12.86]
[13.04]
[11.96]
[9.06]
[9.09]
[9.87]
[13.99]
[13.87]
[12.77]
[11.54]
[13.62]
[10.08]
[9.89]
[11.66]
[11.41]
[10.97]
[12.27]
[12.58]
[13.52]
[14.11]
[18.19]
[19.12]
[13.6]
[13.55]
[13.48]
[13.43]
[13.64]
[13.07]
[13.76]
[13.75]
[12.85]
[13.71]
[11.22]
[9.92]
[11.7]
[12.05]
[15.5]
[15.5]
[20.41]
[11.86]
[11.21]
[12.16]
[10.03]
[8.58]
[11.93]
[24.96]
[9.81]
[9.12]
[11.89]
[11.97]
[19.72]
[18.14]
[16.04]
[11.71]
[13.74]
[39.18]
[46.43]
[42.22]
[40.7]
[29.17]
[11.6]
[7.7]
[7.77]
[5.18]
[5.21]
[5.24]
[5.27]
[5.28]
[5.29]
[5.31]
[5.33]
[5.34]
[5.35]
[5.36]
[5.37]
[5.38]
[5.39]