0.8815839864226299, 0.8993605734901089, -1.8840576908696824, 209.47276485117973[11.233641]
[8.930963]
[7.649402]
[9.259458]
[8.593308]
[5.526873]
[4.6851573]
[4.733856]
[4.6837306]
[4.6757216]
[4.6253414]
[4.567302]
[4.6003957]
[6.598552]
[7.3063507]
[7.267437]
[7.461794]
[8.804974]
[10.880809]
[10.963221]
[9.297483]
[8.474676]
[8.173648]
[8.062844]
[7.94626]
[7.9616685]
[7.963063]
[7.89782]
[7.7530265]
[7.667869]
[7.613792]
[7.8069324]
[7.919671]
[7.8790474]
[7.8343115]
[7.886233]
[7.7922697]
[8.065033]
[11.624075]
[9.370767]
[8.831794]
[9.508001]
[9.613817]
[9.197195]
[10.368673]
[10.668067]
[10.594108]
[10.635021]
[10.74723]
[11.382343]
[11.520405]
[11.168615]
[10.790491]
[10.786774]
[10.590128]
[10.543682]
[10.553905]
[10.561269]
[10.450024]
[10.432149]
[10.45221]
[10.437997]
[10.3688545]
[10.477324]
[10.541565]
[10.782743]
[11.408761]
[11.448181]
[11.035959]
[11.18992]
[13.342563]
[9.099683]
[9.799043]
[10.580133]
[35.090744]
[18.50192]
[12.380835]
[12.321578]
[12.285147]
[12.327219]
[12.536054]
[12.628605]
[12.525801]
[12.681546]
[12.749594]
[12.542649]
[12.665202]
[12.895102]
[13.072489]
[12.891454]
[13.057924]
[13.138018]
[13.769527]
[13.456557]
[13.1300125]
[13.340679]
[13.31312]
[13.093298]
[13.018211]
[12.7109785]
[13.3906555]
[13.951786]
[13.74323]
[14.244]
[14.487917]
[14.57159]
[18.81435]
[22.05257]
[21.99765]
[31.527716]
[51.209976]
[37.356907]
[62.983635]
[82.04403]
[91.77827]
[101.047585]
[136.07025]
[103.71382]
[79.696846]
[64.863075]
[64.9644]
[64.37879]
[58.632973]
[54.254684]
[54.644447]
[51.977432]
[43.536232]
[49.779133]
[53.32212]
[50.747562]
[50.99966]
[54.842438]
[35.14518]
[29.3019]
[43.359802]
[49.436466]
[46.1756]
[48.985775]
[45.258446]
[26.247557]
[24.818495]
[46.930458]
[51.272358]
[64.986015]
[105.270355]
[145.11554]
[171.10059]
[175.5817]
[208.15454]
[178.7213]
[157.20445]
[149.2841]
[134.04526]
[112.60987]
[93.31812]
[111.813]
[120.07264]
[120.85719]
[124.49095]
[131.39748]
[112.137665]
[102.30664]
[99.127556]
[97.69346]
[94.155075]
[92.5928]
[95.05561]
[71.809074]
[67.15758]
[75.53505]
[78.47511]
[75.07606]
[73.230415]
[75.04371]
[66.38529]
[62.60363]
[58.49254]
[59.735497]
[47.203197]
[56.29694]
[58.079025]
[52.426506]
[49.544353]
[58.71625]
[54.00426]
[48.55901]
[45.062805]
[46.19436]
[43.092]
[44.367805]
[45.93376]
[59.509167]
[71.39056]
[63.356274]
[69.04858]
[62.472378]
[54.338066]
[92.93543]
[99.476875]
[94.40004]
[87.488495]
[82.83184]
[83.295135]
[79.58065]
[84.731514]
[94.60508]
[91.90226]
[97.756546]
[102.52753]
[75.34925]
[70.4985]
[81.74235]
[66.02445]
[73.99516]
[58.263638]
[66.64429]
[43.297718]
[29.783998]
[48.439346]
[39.837006]
[36.636707]
[29.576862]
[31.661837]
[24.746479]
[18.792276]
[21.875566]
[28.117197]
[36.637634]
[38.649597]
[42.418564]
[32.73698]
[22.25302]
[42.358658]
[49.79623]
[43.319263]
[40.106224]
[27.71913]
[23.212809]
[22.91308]
[25.836714]
[31.994297]
[39.530067]
[38.651947]
[42.84225]
[23.705624]
[17.460926]
[38.1651]
[40.35913]
[40.27188]
[40.167435]
[38.025772]
[23.84111]
[19.435804]
[28.720982]
[32.429417]
[26.089268]
[31.080229]
[31.98311]
[19.162382]
[13.103517]
[23.669136]
[28.348566]
[27.129965]
[25.451565]
[23.706602]
[19.536285]
[15.576274]
[19.118011]
[22.386047]
[18.556456]
[19.72999]
[37.880665]
[23.50563]
[16.04463]
[24.21772]
[28.189013]
[26.794352]
[25.29432]
[23.888994]
[14.265763]
[9.655444]
[19.114594]
[20.867517]
[22.848793]
[24.097574]
[22.410078]
[13.27648]
[8.505363]
[7.6727786]
[6.5824785]
[6.1714983]
[6.427895]
[6.716777]
[6.474854]
[6.2128367]
[6.0588975]
[6.0647597]
[6.0662084]
[5.979462]
[5.844905]
[5.726118]
[5.7055674]
[5.712282]
[5.617252]
[5.5568542]
[5.470868]
[5.445916]
[5.445916]
[5.445916]
[5.445916]
[5.293907]
[6.895099]
[11.512982]
[12.130291]
[13.678046]
[10.062306]
[9.989172]
[10.819501]
[14.821653]
[14.126666]
[12.256319]
[9.370014]
[6.314972]
[8.3893175]
[9.190387]
[8.191933]
[8.250822]
[8.744324]
[10.167689]
[10.544438]
[9.365412]
[10.112703]
[16.866829]
[12.751629]
[10.834431]
[7.715297]
[10.1688175]
[11.011074]
[10.788148]
[6.228572]
[4.8224325]
[4.838469]
[5.4249234]
[8.241268]
[8.737181]
[8.733954]
[6.472232]
[4.912366]
[4.6816273]
[4.7005806]
[4.6559057]
[4.5982823]
[5.8487945]
[4.967823]
[4.585115]
[4.645411]
[4.5951743]
[4.5754824]
[4.7232957]
[5.339342]
[5.3281293]
[5.100223]
[4.9620237]
[4.760719]
[4.7047324]
[4.7134905]
[4.7322474]
[4.807778]
[4.858111]
[4.8727226]
[4.9124517]
[4.688572]
[4.7064886]
[4.7282743]
[4.723247]
[4.709686]
[6.5369277]
[7.141623]
[11.3736]
[8.663187]
[7.2746673]
[8.392917]
[8.245671]
[7.4878254]
[10.067175]
[9.904144]
[8.258325]
[9.583702]
[10.1981735]
[8.529013]
[8.100557]
[10.398184]
[11.285164]
[11.086033]
[11.031004]
[15.385874]
[11.279225]
[8.730911]
[11.887621]
[15.384532]
[19.143074]
[14.471011]
[11.418736]
[10.562763]
[9.332262]
[9.26684]
[10.100293]
[10.338001]
[11.201295]
[11.407883]
[10.677297]
[10.65062]
[11.552107]
[11.183862]
[11.159005]
[11.994113]
[12.094267]
[11.073367]
[10.491155]
[11.475615]
[11.801356]
[11.706161]
[11.778353]
[11.314111]
[10.761437]
[10.464041]
[11.011409]
[12.849192]
[12.674076]
[10.852803]
[11.8633175]
[12.61465]
[11.987698]
[12.275789]
[12.2925825]
[11.479506]
[13.180438]
[12.829839]
[12.767945]
[12.759882]
[12.710158]
[12.638944]
[12.478867]
[12.721809]
[12.627129]
[14.437213]
[17.4099]
[16.758144]
[13.230441]
[12.347309]
[12.768899]
[12.416099]
[13.199536]
[13.021341]
[12.6645565]
[12.424813]
[12.19124]
[12.164475]
[11.940221]
[11.973302]
[11.7896385]
[11.589438]
[11.462812]
[11.54904]
[11.533596]
[11.697683]
[11.631367]
[11.625647]
[11.56798]
[11.564933]
[11.510165]
[11.651891]
[11.6045265]
[11.425321]
[11.38292]
[11.399838]
[11.523109]
[11.467595]
[11.505201]
[11.613427]
[11.732487]
[11.752591]
[11.461634]
[11.593278]
[11.522795]
[11.353168]
[11.601618]
[11.749166]
[11.656074]
[11.607008]
[11.591551]
[11.634943]
[11.678834]
[11.878789]
[11.872444]
[11.894438]
[11.996543]
[12.043938]
[12.3667345]
[12.442465]
[13.239174]
[15.269983]
[27.799023]
[31.286257]
[17.21905]
[12.192539]
[14.2642145]
[14.704455]
[14.79897]
[14.581638]
[14.273927]
[14.2303915]
[13.953016]
[13.700613]
[13.464005]
[13.232221]
[13.381154]
[13.541511]
[13.982945]
[13.403186]
[13.25571]
[13.156934]
[13.272367]
[12.655593]
[12.851032]
[11.59335]
[11.296401]
[10.866785]
[10.915109]
[11.618223]
[12.621556]
[12.173462]
[11.885453]
[11.647232]
[11.5999975]
[11.469506]
[11.2098875]
[11.54937]
[11.491128]
[11.48035]
[11.305772]
[11.278344]
[11.213786]
[11.135912]
[10.977614]
[10.933814]
[11.034917]
[11.741203]
[12.736265]
[13.385744]
[13.303193]
[12.566452]
[12.623167]
[12.357632]
[12.2875595]
[12.125228]
[11.288973]
[11.287448]
[10.750093]
[10.464132]
[10.434442]
[10.26567]
[10.200997]
[9.999121]
[9.961892]
[9.762964]
[9.716656]
[9.700893]
[9.505979]
[9.576716]
[9.450196]
[9.496291]
[9.423307]
[9.395015]
[9.29509]
[9.236287]
[9.119861]
[9.080662]
[8.96409]
[8.956522]
[8.966572]
[8.97689]
[8.869902]
[8.850974]
[8.951159]
[8.89154]
[8.671253]
[8.525491]
[8.393048]
[8.110787]
[8.04044]
[8.217382]
[8.267149]
[8.168016]
[8.036576]
[7.92117]
[8.237607]
[9.091093]
[10.225317]
[9.906592]
[9.419352]
[9.009603]
[8.711272]
[8.519527]
[8.362306]
[8.269673]
[8.318672]
[8.134342]
[8.080917]
[8.04507]
[7.852564]
[7.987944]
[8.451602]
[8.6113]
[8.48435]
[8.716161]
[8.5084915]
[7.9471054]
[7.6509614]
[7.5080924]
[7.4163003]
[7.313152]
[7.407178]
[7.4331236]
[7.310357]
[7.200293]
[7.265509]
[7.190237]
[7.1670947]
[7.17685]
[7.165689]
[7.0812373]
[7.132842]
[7.0717216]
[7.0400076]
[6.9467072]
[6.9165297]
[7.0293026]
[6.87106]
[6.8396273]
[6.9497805]
[6.97161]
[6.885158]
[6.9733086]
[7.00714]
[7.202427]
[7.260955]
[6.129185]
[5.753383]
[5.5481987]
[5.033562]
[4.956109]
[4.862576]
[4.9239044]
[4.8630652]
[4.833674]
[4.920718]
[4.866903]
[4.839316]
[4.821251]
[4.8249235]
[4.8379364]
[4.753913]
[4.7300706]
[4.8317833]
[4.702408]
[4.733144]
[4.8454757]
[4.788671]
[4.768794]
[4.765834]
[4.777742]
[4.7800326]
[4.7777987]
[4.775719]
[4.7848854]
[4.802205]
[4.716245]
[4.7978406]
[5.045218]
[5.0916862]
[8.115437]
[5.8289366]
[6.3774943]
[6.7276697]
[5.305492]
[4.92269]
[4.9008446]
[4.853188]
[5.1253386]
[4.884816]
[5.107399]
[4.8951235]
[5.1082516]
[4.8962483]
[6.821191]
[5.692716]
[5.1252785]
[5.119479]
[5.114597]
[5.109823]
[5.104896]
[4.859383]
[5.072821]
[4.823249]
[6.962514]
[5.478706]
[4.8747587]
[5.087104]
[4.894377]
[4.882098]
[5.080304]
[4.901084]
[5.0626125]
[5.0604515]
[4.8996334]
[5.0623217]
[4.929293]
[4.9101295]
[4.922671]
[5.061969]
[4.924282]
[5.051584]
[4.9247127]
[4.951822]
[4.977756]
[5.062005]
[4.8988566]
[4.961448]
[5.066467]
[4.938099]
[4.9755135]
[5.055738]
[4.944929]
[5.072828]
[5.01679]
[4.917414]
[7.8216352]
[8.124444]
[8.42709]
[8.128689]
[8.4233055]
[8.530168]
[8.494009]
[8.462734]
[8.99224]
[8.588865]
[8.953935]
[8.550902]
[8.914875]
[8.512313]
[8.876434]
[9.014408]
[8.384553]
[8.258568]
[8.144075]
[8.020987]
[7.9068313]
[7.805111]
[7.5968385]
[7.7290893]
[7.5175066]
[7.949021]
[7.7802167]
[7.531388]
[8.1405945]
[8.183887]
[8.166794]
[9.532844]
[9.820851]
[9.788505]
[10.209749]
[9.826926]
[10.143241]
[10.663588]
[10.725364]
[13.313135]
[14.990814]
[13.515911]
[10.589834]
[10.409489]
[10.474733]
[10.88199]
[13.948588]
[11.535582]
[10.856205]
[10.820206]
[11.2203665]
[10.407042]
[10.175327]
[10.235146]
[10.472536]
[10.560236]
[10.903746]
[10.890847]
[10.691361]
[10.926071]
[10.93437]
[12.1574135]
[12.07819]
[11.86147]
[11.660347]
[11.053363]
[10.822907]
[10.299381]
[10.069489]
[10.487228]
[11.427816]
[19.550667]
[23.710125]
[16.654575]
[13.660691]
[11.469659]
[13.539819]
[14.1308975]
[14.159874]
[14.041695]
[14.016268]
[13.915415]
[13.8103695]
[13.56788]
[13.071118]
[12.99816]
[13.669742]
[13.740634]
[13.258177]
[13.933086]
[13.642976]
[13.725663]
[13.383778]
[13.099329]
[13.434703]
[14.479237]
[15.77903]
[16.129467]
[15.935044]
[16.069653]
[17.02819]
[16.879368]
[16.656672]
[17.08683]
[17.52136]
[17.797422]
[17.550343]
[17.570276]
[17.623152]
[16.79409]
[16.840347]
[16.596748]
[16.307594]
[16.112686]
[16.187403]
[15.555174]
[17.17372]
[17.61282]
[16.612194]
[15.816123]
[15.200798]
[14.85577]
[14.38705]
[14.761516]
[14.973064]
[15.030226]
[16.22607]
[15.76953]
[15.417692]
[15.342226]
[14.944235]
[15.598132]
[15.111432]
[15.610338]
[21.984245]
[25.545458]
[19.99237]
[28.145788]
[27.84368]
[24.51523]
[24.042782]
[21.738993]
[8.139681]
[14.749363]
[18.108637]
[17.512077]
[20.27659]
[36.42368]
[42.674446]
[47.40054]
[57.079063]
[47.026115]
[40.391884]
[59.01404]
[68.14237]
[70.086914]
[68.73343]
[59.718548]
[68.04868]
[86.84276]
[100.4308]
[125.91664]
[118.754295]
[120.58076]
[110.094185]
[108.12469]
[104.83489]
[103.90028]
[99.3962]
[96.94544]
[91.87082]
[88.46016]
[69.4135]
[73.087006]
[91.46302]
[90.68984]
[88.936165]
[90.0331]
[77.97786]
[90.70475]
[113.34313]
[127.67953]
[139.50389]
[138.4637]
[134.49576]
[134.79666]
[136.32744]
[132.23137]
[108.54715]
[102.96413]
[100.32419]
[99.91423]
[97.76709]
[68.583275]
[56.561413]
[63.992096]
[60.54374]
[56.53694]
[46.022335]
[28.085617]
[22.922686]
[22.722042]
[33.074574]
[47.31768]
[43.896446]
[44.856236]
[38.117733]
[22.54338]
[17.25791]
[28.806581]
[21.42803]
[17.346869]
[16.823906]
[14.650368]
[13.57005]
[13.409878]
[15.245438]
[15.435418]
[14.385045]
[13.381433]
[13.843398]
[12.508792]
[11.943278]
[12.950263]
[12.880957]
[12.05724]
[12.349665]
[12.478241]
[12.609502]
[12.877544]
[14.631921]
[15.339738]
[12.686004]
[11.925828]
[12.616043]
[13.14442]
[12.934081]
[12.289749]
[12.310112]
[12.316121]
[11.7475195]
[12.0180645]
[10.899123]
[9.764414]
[10.614668]
[11.702265]
[13.615874]
[13.993329]
[16.639923]
[13.966475]
[13.344423]
[13.36968]
[11.8048115]
[10.2847395]
[11.169247]
[17.32854]
[11.759848]
[9.176301]
[10.117692]
[10.30018]
[13.551729]
[13.786056]
[12.532246]
[10.229937]
[10.363135]
[22.037537]
[28.072554]
[27.816988]
[26.595387]
[20.92478]
[14.767944]
[10.916809]
[9.915897]
[8.174371]
[7.230652]
[6.8849683]
[6.594111]
[5.9974966]
[5.997571]
[6.200233]
[6.3151517]
[5.994426]
[5.9085264]
[5.9628224]
[5.740704]
[5.7262096][10.25]
[9.45]
[13.02]
[10.69]
[5.31]
[5.25]
[5.26]
[5.31]
[5.31]
[5.3]
[5.29]
[5.3]
[9.25]
[9.31]
[9.28]
[9.29]
[9.27]
[9.26]
[9.25]
[9.26]
[9.26]
[9.27]
[9.25]
[9.25]
[9.32]
[9.28]
[9.26]
[9.22]
[9.21]
[9.23]
[9.23]
[9.06]
[9.24]
[9.25]
[9.24]
[9.29]
[9.55]
[9.28]
[9.27]
[9.27]
[9.25]
[9.24]
[9.28]
[12.21]
[12.29]
[12.32]
[12.27]
[12.3]
[12.29]
[12.25]
[12.25]
[12.25]
[12.29]
[12.3]
[12.3]
[12.31]
[12.36]
[12.34]
[12.35]
[12.36]
[12.37]
[12.39]
[12.39]
[12.4]
[12.36]
[12.39]
[12.4]
[12.41]
[12.52]
[12.25]
[12.25]
[12.03]
[12.31]
[26.75]
[15.2]
[15.05]
[15.12]
[15.03]
[15.09]
[15.17]
[15.22]
[15.41]
[15.4]
[15.43]
[15.24]
[15.14]
[15.08]
[15.29]
[15.3]
[15.23]
[15.22]
[15.17]
[15.21]
[15.24]
[15.21]
[15.26]
[15.09]
[15.03]
[14.94]
[15.09]
[15.28]
[15.3]
[15.52]
[15.38]
[15.46]
[15.26]
[15.55]
[15.54]
[15.27]
[22.36]
[17.87]
[15.85]
[42.75]
[82.22]
[94.05]
[93.25]
[90.97]
[55.68]
[49.63]
[58.09]
[56.67]
[54.59]
[53.59]
[58.05]
[53.08]
[41.74]
[57.88]
[58.89]
[56.17]
[56.45]
[59.98]
[24.57]
[23.68]
[48.95]
[58.59]
[52.66]
[61.65]
[55.39]
[15.63]
[15.57]
[49.45]
[48.02]
[57.5]
[95.04]
[91.35]
[127.12]
[159.08]
[215.85]
[192.9]
[144.63]
[136.75]
[131.02]
[99.64]
[86.83]
[129.19]
[131.03]
[129.73]
[130.49]
[130.52]
[92.3]
[87.76]
[90.33]
[91.84]
[90.24]
[92.4]
[96.82]
[52.74]
[45.22]
[55.96]
[60.38]
[51.61]
[55.5]
[62.81]
[54.04]
[56.12]
[53.08]
[60.33]
[38.11]
[64.66]
[62.07]
[50.21]
[45.53]
[67.12]
[58.52]
[53.52]
[50.52]
[53.77]
[41.06]
[38.17]
[35.45]
[50.08]
[57.71]
[43.73]
[61.41]
[54.5]
[42.43]
[96.98]
[93.31]
[95.73]
[93.08]
[91.61]
[94.94]
[85.74]
[88.4]
[98.74]
[90.94]
[95.37]
[98.5]
[45.13]
[47.61]
[67.66]
[39.1]
[71.69]
[37.29]
[69.59]
[19.53]
[12.7]
[49.99]
[27.12]
[31.05]
[19.21]
[28.46]
[14.31]
[9.94]
[17.83]
[28.86]
[44.83]
[46.46]
[52.06]
[24.01]
[9.42]
[50.97]
[57.23]
[44.2]
[37.8]
[12.15]
[9.41]
[10.47]
[20.43]
[33.31]
[48.25]
[44.01]
[55.45]
[12.7]
[10.36]
[51.64]
[50.92]
[50.38]
[49.93]
[49.1]
[13.79]
[10.13]
[29.22]
[34.2]
[23.2]
[39.35]
[38.77]
[14.08]
[10.2]
[32.49]
[35.58]
[33.86]
[32.24]
[29.9]
[23.23]
[16.87]
[24.9]
[28.37]
[17.49]
[16.74]
[47.53]
[16.06]
[15.03]
[32.65]
[36.66]
[33.79]
[32.62]
[31.6]
[12.79]
[8.68]
[29.3]
[28.48]
[33.01]
[32.79]
[29.71]
[12.11]
[7.79]
[7.39]
[5.3]
[5.33]
[5.36]
[5.41]
[5.44]
[5.46]
[5.48]
[5.51]
[5.52]
[5.54]
[5.55]
[5.56]
[5.57]
[5.58]
[5.41]
[5.59]
[5.59]
[5.59]
[5.59]
[5.59]
[5.59]
[5.52]
[9.82]
[15.53]
[16.95]
[20.82]
[11.7]
[14.18]
[15.4]
[23.39]
[19.41]
[16.47]
[11.42]
[6.71]
[12.54]
[12.67]
[10.63]
[11.37]
[12.05]
[14.44]
[14.47]
[12.32]
[14.46]
[13.82]
[14.57]
[14.58]
[8.47]
[14.78]
[14.81]
[14.47]
[5.31]
[5.31]
[5.29]
[6.65]
[12.03]
[10.97]
[11.68]
[7.09]
[5.32]
[5.32]
[5.33]
[5.32]
[5.32]
[7.66]
[5.32]
[5.32]
[5.32]
[5.29]
[5.21]
[5.09]
[5.1]
[5.1]
[5.1]
[5.11]
[5.11]
[5.1]
[5.12]
[5.22]
[5.48]
[5.49]
[5.27]
[5.12]
[5.13]
[5.12]
[5.12]
[5.11]
[5.16]
[8.76]
[8.76]
[8.94]
[8.95]
[8.95]
[10.8]
[10.34]
[8.93]
[12.82]
[12.41]
[9.78]
[12.71]
[13.05]
[9.78]
[9.61]
[13.47]
[13.71]
[13.82]
[13.8]
[20.11]
[12.1]
[10.21]
[15.44]
[19.36]
[24.22]
[16.35]
[13.82]
[12.91]
[11.05]
[11.21]
[12.63]
[12.73]
[13.93]
[14.]
[12.75]
[12.72]
[14.06]
[13.64]
[13.18]
[14.13]
[14.47]
[12.97]
[12.08]
[13.53]
[13.92]
[14.]
[14.03]
[13.47]
[12.53]
[12.61]
[12.89]
[13.87]
[13.64]
[12.29]
[13.75]
[12.77]
[12.77]
[13.97]
[13.97]
[12.95]
[15.58]
[14.78]
[14.97]
[14.82]
[14.67]
[14.69]
[14.7]
[14.81]
[14.7]
[17.5]
[18.04]
[19.37]
[14.58]
[14.62]
[14.69]
[14.75]
[14.6]
[14.39]
[14.42]
[14.49]
[14.55]
[14.59]
[14.62]
[14.6]
[14.31]
[14.23]
[14.12]
[14.15]
[14.3]
[14.52]
[14.49]
[14.43]
[14.23]
[14.17]
[14.28]
[14.37]
[14.29]
[14.2]
[14.09]
[14.11]
[14.23]
[14.04]
[14.13]
[14.15]
[14.07]
[14.02]
[13.88]
[13.88]
[13.78]
[13.82]
[13.92]
[14.08]
[13.97]
[13.86]
[13.82]
[13.83]
[13.99]
[14.01]
[13.84]
[13.78]
[13.71]
[13.96]
[14.1]
[13.99]
[13.72]
[16.98]
[13.92]
[13.67]
[13.53]
[13.42]
[13.41]
[13.36]
[14.17]
[14.52]
[14.48]
[14.44]
[14.41]
[14.38]
[14.37]
[14.35]
[14.34]
[14.31]
[15.25]
[14.32]
[14.31]
[14.29]
[14.29]
[14.58]
[14.56]
[12.15]
[11.95]
[11.88]
[11.87]
[11.82]
[13.39]
[11.95]
[11.94]
[11.89]
[11.86]
[11.86]
[11.84]
[11.83]
[11.81]
[11.86]
[11.86]
[11.8]
[11.8]
[11.79]
[11.78]
[11.77]
[11.96]
[11.94]
[11.9]
[11.85]
[11.35]
[11.83]
[11.8]
[12.]
[12.06]
[12.03]
[9.66]
[9.6]
[9.59]
[9.63]
[9.74]
[9.73]
[9.68]
[9.68]
[9.7]
[9.68]
[9.68]
[9.67]
[9.67]
[9.73]
[9.77]
[9.75]
[9.77]
[9.77]
[9.77]
[9.74]
[9.74]
[9.73]
[9.72]
[9.75]
[9.75]
[9.79]
[9.77]
[9.77]
[9.78]
[9.77]
[9.09]
[9.09]
[8.91]
[8.69]
[8.69]
[8.66]
[8.69]
[8.7]
[8.7]
[8.66]
[8.67]
[8.77]
[8.78]
[8.78]
[8.77]
[8.78]
[8.77]
[8.74]
[8.74]
[8.77]
[8.77]
[8.77]
[8.76]
[8.77]
[8.76]
[8.77]
[8.77]
[8.76]
[8.76]
[8.77]
[8.71]
[8.26]
[8.23]
[8.06]
[8.02]
[8.01]
[8.04]
[8.06]
[8.04]
[8.05]
[8.06]
[8.05]
[8.05]
[8.07]
[8.07]
[8.06]
[8.04]
[8.08]
[8.07]
[8.07]
[8.03]
[8.1]
[8.09]
[8.1]
[8.11]
[8.1]
[8.11]
[8.12]
[8.11]
[8.11]
[8.13]
[6.13]
[6.11]
[5.91]
[5.29]
[5.35]
[5.29]
[5.31]
[5.3]
[5.3]
[5.3]
[5.31]
[5.3]
[5.27]
[5.29]
[5.29]
[5.29]
[5.3]
[5.3]
[5.34]
[5.31]
[5.31]
[5.32]
[5.32]
[5.31]
[5.33]
[5.32]
[5.32]
[5.31]
[5.33]
[5.32]
[5.34]
[5.34]
[5.89]
[5.74]
[5.51]
[5.5]
[7.49]
[7.16]
[5.55]
[5.56]
[5.48]
[5.43]
[5.41]
[5.42]
[5.48]
[5.44]
[5.44]
[5.44]
[7.99]
[5.37]
[5.4]
[5.41]
[5.38]
[5.38]
[5.39]
[5.38]
[5.38]
[5.43]
[5.4]
[5.41]
[5.42]
[5.41]
[5.41]
[5.41]
[5.41]
[5.42]
[5.44]
[5.44]
[5.45]
[5.47]
[5.47]
[5.4]
[5.42]
[5.44]
[5.46]
[5.47]
[5.46]
[5.46]
[5.47]
[5.47]
[5.42]
[5.48]
[5.49]
[5.48]
[5.46]
[5.46]
[5.5]
[5.51]
[5.48]
[5.46]
[9.04]
[9.13]
[9.13]
[9.16]
[9.17]
[9.17]
[9.19]
[9.21]
[9.24]
[9.24]
[9.22]
[9.2]
[9.27]
[9.28]
[9.28]
[9.29]
[9.32]
[9.33]
[9.33]
[9.34]
[9.36]
[9.37]
[9.38]
[9.41]
[9.41]
[9.41]
[9.41]
[9.42]
[9.83]
[9.49]
[9.52]
[12.18]
[12.29]
[12.29]
[12.33]
[12.37]
[12.42]
[12.45]
[12.39]
[15.27]
[16.55]
[14.11]
[12.06]
[12.15]
[12.22]
[12.2]
[14.89]
[12.24]
[12.29]
[12.3]
[12.82]
[12.19]
[12.16]
[12.29]
[12.32]
[12.3]
[12.41]
[12.47]
[12.46]
[12.66]
[12.65]
[14.68]
[15.59]
[15.66]
[15.62]
[15.61]
[15.62]
[15.55]
[15.55]
[15.53]
[15.48]
[15.58]
[15.63]
[15.67]
[15.73]
[15.76]
[15.69]
[15.74]
[15.74]
[15.7]
[15.75]
[15.81]
[15.74]
[15.69]
[15.67]
[15.67]
[15.69]
[15.71]
[15.78]
[15.82]
[15.85]
[15.84]
[15.82]
[15.81]
[15.68]
[15.65]
[15.45]
[15.76]
[15.72]
[15.72]
[15.72]
[15.86]
[15.62]
[15.55]
[15.84]
[15.47]
[15.85]
[15.91]
[15.89]
[15.6]
[15.96]
[15.99]
[15.84]
[15.77]
[15.99]
[15.57]
[15.56]
[15.78]
[15.69]
[15.67]
[15.63]
[15.75]
[15.5]
[15.92]
[15.96]
[15.99]
[16.2]
[15.99]
[15.99]
[15.96]
[15.93]
[15.94]
[15.96]
[15.89]
[15.75]
[15.57]
[14.85]
[16.98]
[17.18]
[17.15]
[16.64]
[16.94]
[16.89]
[16.85]
[16.85]
[16.82]
[22.09]
[48.14]
[54.09]
[52.25]
[50.82]
[26.21]
[24.32]
[46.38]
[54.6]
[55.32]
[58.59]
[42.22]
[59.61]
[52.27]
[91.07]
[134.99]
[99.13]
[93.08]
[89.49]
[90.15]
[90.7]
[92.91]
[90.54]
[92.41]
[91.17]
[89.85]
[54.37]
[55.31]
[91.98]
[89.63]
[92.51]
[92.65]
[53.92]
[58.15]
[118.86]
[121.02]
[128.01]
[129.11]
[130.04]
[130.07]
[129.96]
[130.52]
[93.73]
[94.19]
[93.43]
[94.32]
[94.03]
[49.04]
[42.92]
[63.69]
[56.03]
[54.7]
[38.34]
[11.79]
[11.72]
[12.96]
[33.11]
[57.23]
[47.44]
[52.93]
[38.46]
[13.38]
[10.84]
[32.12]
[12.86]
[13.04]
[11.96]
[9.06]
[9.09]
[9.87]
[13.99]
[13.87]
[12.77]
[11.54]
[13.62]
[10.08]
[9.89]
[11.66]
[11.41]
[10.97]
[12.27]
[12.58]
[13.52]
[14.11]
[18.19]
[19.12]
[13.6]
[13.55]
[13.48]
[13.43]
[13.64]
[13.07]
[13.76]
[13.75]
[12.85]
[13.71]
[11.22]
[9.92]
[11.7]
[12.05]
[15.5]
[15.5]
[20.41]
[11.86]
[11.21]
[12.16]
[10.03]
[8.58]
[11.93]
[24.96]
[9.81]
[9.12]
[11.89]
[11.97]
[19.72]
[18.14]
[16.04]
[11.71]
[13.74]
[39.18]
[46.43]
[42.22]
[40.7]
[29.17]
[11.6]
[7.7]
[7.77]
[5.18]
[5.21]
[5.24]
[5.27]
[5.28]
[5.29]
[5.31]
[5.33]
[5.34]
[5.35]
[5.36]
[5.37]
[5.38]
[5.39]