0.8821355595346564, 0.8969804553258742, 11.721544655463715, 208.98434103397574[8.675029]
[6.0219946]
[4.907834]
[6.892322]
[5.942034]
[2.517604]
[1.9031025]
[1.955752]
[1.9410839]
[1.9427245]
[1.920378]
[1.8815361]
[1.9210857]
[4.260671]
[4.8013673]
[4.8023033]
[4.9588475]
[5.890979]
[7.2089586]
[7.4513645]
[6.2811174]
[5.635698]
[5.42468]
[5.338028]
[5.2705183]
[5.303337]
[5.30737]
[5.265688]
[5.1694074]
[5.1147633]
[5.1040874]
[5.2487245]
[5.2927403]
[5.331312]
[5.312736]
[5.3510137]
[5.3180156]
[5.5886483]
[9.305085]
[6.4973917]
[6.0420356]
[6.498228]
[6.598769]
[6.3260703]
[7.8468375]
[8.091162]
[8.065214]
[8.072074]
[8.201024]
[8.605482]
[8.704417]
[8.465707]
[8.229302]
[8.209187]
[8.109831]
[8.077286]
[8.099748]
[8.124983]
[8.06684]
[8.066372]
[8.099423]
[8.0991335]
[8.090329]
[8.163279]
[8.23415]
[8.398504]
[8.802398]
[8.851922]
[8.621546]
[8.712027]
[11.253705]
[6.2106476]
[7.639356]
[8.302838]
[37.46576]
[15.636583]
[10.393305]
[10.429855]
[10.3984165]
[10.479497]
[10.641033]
[10.724824]
[10.789506]
[10.878889]
[10.953998]
[10.830241]
[10.8643465]
[10.981587]
[11.17157]
[11.130272]
[11.18223]
[11.233887]
[11.547169]
[11.467945]
[11.295732]
[11.379089]
[11.416887]
[11.253511]
[11.192464]
[10.997834]
[11.351008]
[11.777337]
[11.682064]
[11.973689]
[12.066949]
[12.721381]
[17.009132]
[20.960445]
[18.255032]
[31.144321]
[46.19616]
[16.874538]
[66.78214]
[50.404774]
[74.70263]
[92.73754]
[128.15358]
[91.33808]
[66.37886]
[54.506775]
[58.16888]
[55.764442]
[51.21613]
[48.02555]
[49.785347]
[46.608337]
[37.51251]
[46.39757]
[49.337044]
[46.803497]
[47.497585]
[50.658096]
[27.284977]
[22.179485]
[38.878662]
[46.50372]
[43.05591]
[47.264233]
[43.352207]
[19.358753]
[17.291801]
[41.027065]
[46.17067]
[74.801575]
[100.938156]
[138.28304]
[150.66516]
[169.17635]
[195.55699]
[178.78929]
[140.95753]
[135.16]
[122.699776]
[100.06531]
[83.80085]
[105.30756]
[110.41864]
[112.21447]
[115.231384]
[123.234665]
[106.45979]
[95.665955]
[91.27624]
[89.43234]
[86.53518]
[85.63729]
[89.53321]
[71.27919]
[62.58468]
[71.50979]
[70.16557]
[67.40977]
[65.06797]
[65.28715]
[56.636185]
[53.995155]
[50.57225]
[53.38609]
[38.723915]
[52.054386]
[53.26328]
[46.32882]
[42.564484]
[54.44622]
[49.575893]
[44.388565]
[41.1722]
[42.954662]
[38.15757]
[37.574856]
[41.22238]
[59.061295]
[63.561405]
[54.710617]
[60.509182]
[53.701607]
[53.76038]
[92.79046]
[91.100235]
[85.95416]
[80.41066]
[76.97381]
[78.2074]
[76.64953]
[81.74936]
[88.801865]
[86.22831]
[94.820854]
[97.994675]
[71.735016]
[64.135216]
[72.69562]
[53.263752]
[68.065315]
[46.778706]
[60.40478]
[30.904001]
[18.35021]
[41.579998]
[30.233074]
[28.47659]
[20.447844]
[24.323793]
[15.906017]
[10.846818]
[14.859404]
[21.980225]
[32.453793]
[34.852604]
[39.388523]
[25.111439]
[12.81914]
[37.642612]
[45.661163]
[37.989033]
[33.919388]
[17.116629]
[13.28884]
[13.474418]
[18.0788]
[25.667261]
[35.339024]
[34.181698]
[40.04931]
[15.314304]
[9.921734]
[34.68775]
[37.432957]
[37.55586]
[37.074814]
[35.5579]
[16.456686]
[11.503235]
[22.697638]
[26.887459]
[19.571735]
[27.246433]
[28.255262]
[12.654003]
[7.4505134]
[20.281052]
[24.759878]
[23.445683]
[22.00169]
[20.109373]
[15.5335655]
[11.136702]
[15.613339]
[18.868656]
[13.409896]
[13.837255]
[34.38783]
[16.574495]
[11.062882]
[21.127192]
[25.427536]
[23.727173]
[22.45024]
[21.057306]
[9.543241]
[5.1203737]
[16.751024]
[18.067802]
[21.06742]
[21.879679]
[19.943134]
[8.877534]
[4.336593]
[3.6439972]
[2.3504329]
[2.043658]
[2.2293553]
[2.4601662]
[2.268274]
[2.0449548]
[1.9123751]
[1.9083816]
[1.9052666]
[1.8312294]
[1.7180406]
[1.6189941]
[1.5978462]
[1.6010177]
[1.4875563]
[1.4738901]
[1.4001784]
[1.3781576]
[1.3781576]
[1.3781576]
[1.3781576]
[1.2452081]
[3.3496892]
[8.744827]
[8.987396]
[10.974575]
[6.3143535]
[6.8116]
[7.722666]
[12.541921]
[11.280683]
[9.237169]
[5.985378]
[2.7179267]
[5.5347676]
[6.2012267]
[5.0413356]
[5.2701597]
[5.8281927]
[7.4391837]
[7.749714]
[6.455203]
[7.502369]
[15.400566]
[9.694771]
[8.212681]
[4.6175423]
[7.85221]
[8.55807]
[8.329813]
[2.9432325]
[1.9375901]
[1.9546666]
[2.6963706]
[5.951374]
[6.2028165]
[6.2976117]
[3.6559925]
[2.140582]
[1.9878607]
[2.0146744]
[1.9979994]
[1.9595839]
[3.3949385]
[2.261223]
[1.9885764]
[2.0491102]
[2.0126393]
[1.9948483]
[2.0558782]
[2.4748492]
[2.5070753]
[2.3372662]
[2.2485065]
[2.1082168]
[2.0643516]
[2.0807078]
[2.1302738]
[2.2513535]
[2.2938192]
[2.2389908]
[2.2646286]
[2.1149714]
[2.1210046]
[2.1450224]
[2.1456487]
[2.1613276]
[4.2913256]
[4.741798]
[9.627522]
[5.9504857]
[4.962961]
[6.216873]
[6.0376315]
[5.171714]
[8.208764]
[7.7894816]
[6.018658]
[7.6160126]
[8.210601]
[6.2866926]
[5.9190736]
[8.4601755]
[9.163941]
[9.137084]
[9.081866]
[14.262894]
[9.099541]
[6.7153726]
[10.083232]
[14.033239]
[18.580414]
[12.719328]
[9.734236]
[8.891152]
[7.5843015]
[7.5728874]
[8.528364]
[8.776609]
[9.654195]
[9.887348]
[9.099211]
[9.028895]
[9.9894705]
[9.775154]
[9.537287]
[10.322897]
[10.608752]
[9.564775]
[8.85994]
[9.874436]
[10.308903]
[10.331288]
[10.395682]
[9.996584]
[9.337553]
[9.088313]
[9.469472]
[10.71759]
[10.7485075]
[9.178855]
[10.470204]
[10.256534]
[10.043844]
[10.61132]
[10.683455]
[9.900075]
[11.677068]
[11.434102]
[11.413829]
[11.379486]
[11.324988]
[11.336275]
[11.2809305]
[11.444966]
[11.413803]
[13.396359]
[16.842072]
[16.118773]
[12.204657]
[11.445647]
[11.710581]
[12.033638]
[12.097863]
[11.831226]
[11.77866]
[11.801366]
[11.926044]
[12.009818]
[11.938009]
[11.980613]
[11.757987]
[11.539669]
[11.469943]
[11.511388]
[11.552975]
[11.73998]
[11.715592]
[11.710636]
[11.638903]
[11.56555]
[11.5704975]
[11.729648]
[11.6559925]
[11.523661]
[11.481807]
[11.50163]
[11.635598]
[11.551575]
[11.600173]
[11.714533]
[11.770843]
[11.695607]
[11.5107975]
[11.603797]
[11.492981]
[11.4586315]
[11.664956]
[11.799406]
[11.747006]
[11.693313]
[11.674198]
[11.705908]
[11.8068695]
[12.1025305]
[12.212036]
[12.334308]
[12.383933]
[12.611748]
[13.070556]
[13.441445]
[12.985523]
[18.583267]
[15.442105]
[22.571838]
[12.800693]
[10.886365]
[12.3692255]
[12.569001]
[12.973645]
[13.127046]
[13.047417]
[12.999207]
[12.88463]
[12.67507]
[12.436171]
[12.364759]
[12.333364]
[12.132808]
[12.637972]
[12.03889]
[11.801258]
[11.7244835]
[11.619953]
[11.07891]
[11.790649]
[10.393998]
[9.842945]
[9.86172]
[10.238393]
[10.295182]
[11.354721]
[10.421098]
[9.84474]
[9.545491]
[9.306852]
[9.166591]
[9.161583]
[9.165978]
[9.153392]
[9.186695]
[9.086566]
[9.054907]
[9.035162]
[8.999833]
[8.88418]
[8.782288]
[9.355592]
[10.54904]
[11.147083]
[10.673757]
[10.337927]
[9.727132]
[9.703549]
[9.618699]
[9.571188]
[9.350997]
[8.272018]
[8.154767]
[7.832207]
[7.618794]
[7.6386075]
[7.5083504]
[7.460012]
[7.316234]
[7.300185]
[7.1589584]
[7.10849]
[7.108632]
[6.9676857]
[7.027195]
[6.953318]
[6.967888]
[6.928657]
[6.909031]
[6.8450084]
[6.794879]
[6.7206464]
[6.6941137]
[6.6179614]
[6.6190434]
[6.6277256]
[6.6511035]
[6.5837407]
[6.564128]
[6.636407]
[6.597043]
[6.2636]
[6.1731863]
[6.0432816]
[5.804574]
[5.734434]
[5.8356833]
[5.8946905]
[5.8405623]
[5.7612605]
[5.6518955]
[5.8016944]
[6.2631736]
[7.0896053]
[6.958405]
[6.61566]
[6.334331]
[6.120653]
[5.9774804]
[5.8724966]
[5.806979]
[5.843704]
[5.731613]
[5.686122]
[5.675177]
[5.5527296]
[5.6070366]
[5.9046574]
[6.039987]
[5.9328337]
[6.0895553]
[5.9612136]
[5.4701543]
[5.2554398]
[5.111366]
[5.0472317]
[4.9743514]
[5.041436]
[5.0774603]
[5.004279]
[4.9293914]
[4.978598]
[4.9421954]
[4.9292603]
[4.946372]
[4.9512076]
[4.9017015]
[4.9358387]
[4.920873]
[4.907243]
[4.863643]
[4.8346486]
[4.9430566]
[4.8642063]
[4.8447905]
[4.9267254]
[4.9624996]
[4.9200025]
[4.98346]
[5.004314]
[5.131736]
[5.1909375]
[3.9387927]
[3.6825473]
[3.518907]
[3.0200138]
[2.9886038]
[2.9103107]
[2.9680042]
[2.9402]
[2.906859]
[2.9817045]
[2.9632905]
[2.9439244]
[2.9324684]
[2.9460342]
[2.976906]
[2.9331086]
[2.9093893]
[3.0082357]
[2.9417467]
[2.9389043]
[3.03567]
[3.0167642]
[3.0083883]
[3.0133915]
[3.035477]
[3.0437984]
[3.05049]
[3.0568125]
[3.0753193]
[3.1090143]
[3.057821]
[3.125765]
[3.4368026]
[3.441834]
[6.7456145]
[3.9571095]
[4.871758]
[5.165692]
[3.6414149]
[3.374825]
[3.355426]
[3.3219018]
[3.6327493]
[3.37164]
[3.6360035]
[3.4042325]
[3.6537821]
[3.426638]
[5.506226]
[4.1140223]
[3.7141767]
[3.7193518]
[3.7250152]
[3.730672]
[3.7361286]
[3.4840057]
[3.7206361]
[3.4573467]
[5.6371813]
[3.982027]
[3.5432684]
[3.7711544]
[3.5876381]
[3.575083]
[3.7878203]
[3.6222658]
[3.787203]
[3.8079755]
[3.652769]
[3.8080413]
[3.6988459]
[3.6632457]
[3.6879034]
[3.8363485]
[3.7276711]
[3.8387501]
[3.7453682]
[3.7528489]
[3.7838585]
[3.8727832]
[3.7506168]
[3.7961693]
[3.8963666]
[3.8143413]
[3.8243885]
[3.9063911]
[3.8452764]
[3.9379933]
[3.9226942]
[3.8394465]
[6.8045053]
[6.9402285]
[7.2980585]
[6.972215]
[7.303021]
[7.41256]
[7.3782578]
[7.3619165]
[7.930038]
[7.4706097]
[7.908952]
[7.4513645]
[7.8862233]
[7.411658]
[7.747613]
[7.7818236]
[7.2058096]
[7.1364117]
[7.0786834]
[7.0419345]
[7.0662084]
[7.008989]
[6.9475427]
[7.284113]
[7.0857897]
[7.563425]
[7.373527]
[7.122504]
[7.7877493]
[7.877445]
[7.8728228]
[9.446866]
[9.825316]
[9.788816]
[10.282859]
[9.851977]
[10.204653]
[10.830256]
[10.920269]
[14.024773]
[15.720664]
[14.005054]
[10.861391]
[10.521412]
[10.614002]
[11.074679]
[14.348189]
[11.704096]
[11.053837]
[11.008983]
[11.449035]
[10.56557]
[10.273744]
[10.602235]
[10.834206]
[11.062032]
[11.176865]
[11.276271]
[11.198947]
[11.208384]
[11.004743]
[11.467037]
[11.603194]
[11.630688]
[11.635545]
[11.276911]
[11.175327]
[10.849421]
[10.698478]
[11.195794]
[9.521853]
[17.642162]
[22.655842]
[6.979267]
[14.598101]
[11.578048]
[14.265824]
[15.356817]
[15.36573]
[15.240728]
[14.92694]
[14.38091]
[14.106564]
[13.952273]
[13.556591]
[13.518248]
[14.446229]
[16.120682]
[15.251412]
[15.0122385]
[14.796772]
[15.393806]
[15.261308]
[15.756297]
[15.645675]
[15.297461]
[16.272682]
[14.390047]
[15.386972]
[15.358236]
[15.50075]
[15.460858]
[13.35519]
[15.528327]
[14.436663]
[14.641701]
[14.671637]
[14.766841]
[14.804528]
[14.41821]
[14.567498]
[14.557091]
[14.38851]
[14.276549]
[14.392945]
[14.142644]
[14.843254]
[15.253094]
[14.841378]
[14.440905]
[14.114491]
[13.975551]
[13.746401]
[14.089664]
[14.205553]
[14.675968]
[15.065411]
[14.478882]
[14.180138]
[14.013275]
[14.154084]
[14.240796]
[14.474451]
[14.886189]
[18.174623]
[21.163237]
[15.910059]
[24.209055]
[21.834845]
[19.420124]
[18.345951]
[16.701942]
[2.7488074]
[12.256028]
[14.492367]
[14.14393]
[17.47255]
[35.851967]
[42.21972]
[48.55585]
[54.50374]
[42.99391]
[34.059963]
[53.31084]
[64.466156]
[62.670223]
[62.022892]
[52.178383]
[71.14482]
[86.472725]
[90.60973]
[120.61876]
[108.08813]
[115.2638]
[101.11851]
[98.99244]
[96.12903]
[96.49266]
[92.309]
[88.80094]
[84.15377]
[82.54584]
[70.321175]
[70.1306]
[85.03615]
[82.60998]
[82.84155]
[85.47929]
[81.64608]
[82.36591]
[107.24482]
[116.88655]
[131.58775]
[129.7214]
[124.60213]
[124.358444]
[125.91284]
[122.479294]
[97.795204]
[98.07835]
[94.674225]
[92.066246]
[89.8791]
[59.403362]
[46.726967]
[57.471333]
[53.388035]
[50.08682]
[38.30271]
[17.746826]
[14.150518]
[14.513647]
[26.883167]
[43.953964]
[39.613197]
[41.69868]
[33.098183]
[14.938616]
[10.531846]
[23.936539]
[13.926905]
[11.243787]
[10.508928]
[8.358425]
[7.6024275]
[7.6743355]
[9.915303]
[9.994131]
[8.990736]
[7.961875]
[8.80832]
[6.941706]
[6.510012]
[7.600962]
[7.499745]
[6.821149]
[7.2964034]
[7.45257]
[7.7105303]
[8.038554]
[10.206543]
[10.945576]
[7.70145]
[7.1682153]
[7.74988]
[8.140308]
[8.022981]
[7.378363]
[7.5244737]
[7.520152]
[6.8732986]
[7.289852]
[5.8668976]
[4.7226706]
[5.7960434]
[6.755023]
[8.958332]
[9.232135]
[12.262962]
[8.273224]
[7.6461864]
[8.006713]
[6.3564367]
[4.883439]
[6.2385206]
[13.674696]
[6.0905786]
[4.0412526]
[5.323454]
[5.4577556]
[9.547611]
[9.436916]
[8.019603]
[5.375286]
[5.911587]
[20.221725]
[27.692104]
[26.71639]
[25.124966]
[18.258781]
[9.403467]
[5.7714987]
[5.057539]
[3.0821903]
[2.3227654]
[2.0119643]
[1.7528425]
[1.2392122]
[1.2252676]
[1.3869711]
[1.4761332]
[1.1976126]
[1.1167406]
[1.1536738]
[0.9621841]
[0.9431301][10.25]
[9.45]
[13.02]
[10.69]
[5.31]
[5.25]
[5.26]
[5.31]
[5.31]
[5.3]
[5.29]
[5.3]
[9.25]
[9.31]
[9.28]
[9.29]
[9.27]
[9.26]
[9.25]
[9.26]
[9.26]
[9.27]
[9.25]
[9.25]
[9.32]
[9.28]
[9.26]
[9.22]
[9.21]
[9.23]
[9.23]
[9.06]
[9.24]
[9.25]
[9.24]
[9.29]
[9.55]
[9.28]
[9.27]
[9.27]
[9.25]
[9.24]
[9.28]
[12.21]
[12.29]
[12.32]
[12.27]
[12.3]
[12.29]
[12.25]
[12.25]
[12.25]
[12.29]
[12.3]
[12.3]
[12.31]
[12.36]
[12.34]
[12.35]
[12.36]
[12.37]
[12.39]
[12.39]
[12.4]
[12.36]
[12.39]
[12.4]
[12.41]
[12.52]
[12.25]
[12.25]
[12.03]
[12.31]
[26.75]
[15.2]
[15.05]
[15.12]
[15.03]
[15.09]
[15.17]
[15.22]
[15.41]
[15.4]
[15.43]
[15.24]
[15.14]
[15.08]
[15.29]
[15.3]
[15.23]
[15.22]
[15.17]
[15.21]
[15.24]
[15.21]
[15.26]
[15.09]
[15.03]
[14.94]
[15.09]
[15.28]
[15.3]
[15.52]
[15.38]
[15.46]
[15.26]
[15.55]
[15.54]
[15.27]
[22.36]
[17.87]
[15.85]
[42.75]
[82.22]
[94.05]
[93.25]
[90.97]
[55.68]
[49.63]
[58.09]
[56.67]
[54.59]
[53.59]
[58.05]
[53.08]
[41.74]
[57.88]
[58.89]
[56.17]
[56.45]
[59.98]
[24.57]
[23.68]
[48.95]
[58.59]
[52.66]
[61.65]
[55.39]
[15.63]
[15.57]
[49.45]
[48.02]
[57.5]
[95.04]
[91.35]
[127.12]
[159.08]
[215.85]
[192.9]
[144.63]
[136.75]
[131.02]
[99.64]
[86.83]
[129.19]
[131.03]
[129.73]
[130.49]
[130.52]
[92.3]
[87.76]
[90.33]
[91.84]
[90.24]
[92.4]
[96.82]
[52.74]
[45.22]
[55.96]
[60.38]
[51.61]
[55.5]
[62.81]
[54.04]
[56.12]
[53.08]
[60.33]
[38.11]
[64.66]
[62.07]
[50.21]
[45.53]
[67.12]
[58.52]
[53.52]
[50.52]
[53.77]
[41.06]
[38.17]
[35.45]
[50.08]
[57.71]
[43.73]
[61.41]
[54.5]
[42.43]
[96.98]
[93.31]
[95.73]
[93.08]
[91.61]
[94.94]
[85.74]
[88.4]
[98.74]
[90.94]
[95.37]
[98.5]
[45.13]
[47.61]
[67.66]
[39.1]
[71.69]
[37.29]
[69.59]
[19.53]
[12.7]
[49.99]
[27.12]
[31.05]
[19.21]
[28.46]
[14.31]
[9.94]
[17.83]
[28.86]
[44.83]
[46.46]
[52.06]
[24.01]
[9.42]
[50.97]
[57.23]
[44.2]
[37.8]
[12.15]
[9.41]
[10.47]
[20.43]
[33.31]
[48.25]
[44.01]
[55.45]
[12.7]
[10.36]
[51.64]
[50.92]
[50.38]
[49.93]
[49.1]
[13.79]
[10.13]
[29.22]
[34.2]
[23.2]
[39.35]
[38.77]
[14.08]
[10.2]
[32.49]
[35.58]
[33.86]
[32.24]
[29.9]
[23.23]
[16.87]
[24.9]
[28.37]
[17.49]
[16.74]
[47.53]
[16.06]
[15.03]
[32.65]
[36.66]
[33.79]
[32.62]
[31.6]
[12.79]
[8.68]
[29.3]
[28.48]
[33.01]
[32.79]
[29.71]
[12.11]
[7.79]
[7.39]
[5.3]
[5.33]
[5.36]
[5.41]
[5.44]
[5.46]
[5.48]
[5.51]
[5.52]
[5.54]
[5.55]
[5.56]
[5.57]
[5.58]
[5.41]
[5.59]
[5.59]
[5.59]
[5.59]
[5.59]
[5.59]
[5.52]
[9.82]
[15.53]
[16.95]
[20.82]
[11.7]
[14.18]
[15.4]
[23.39]
[19.41]
[16.47]
[11.42]
[6.71]
[12.54]
[12.67]
[10.63]
[11.37]
[12.05]
[14.44]
[14.47]
[12.32]
[14.46]
[13.82]
[14.57]
[14.58]
[8.47]
[14.78]
[14.81]
[14.47]
[5.31]
[5.31]
[5.29]
[6.65]
[12.03]
[10.97]
[11.68]
[7.09]
[5.32]
[5.32]
[5.33]
[5.32]
[5.32]
[7.66]
[5.32]
[5.32]
[5.32]
[5.29]
[5.21]
[5.09]
[5.1]
[5.1]
[5.1]
[5.11]
[5.11]
[5.1]
[5.12]
[5.22]
[5.48]
[5.49]
[5.27]
[5.12]
[5.13]
[5.12]
[5.12]
[5.11]
[5.16]
[8.76]
[8.76]
[8.94]
[8.95]
[8.95]
[10.8]
[10.34]
[8.93]
[12.82]
[12.41]
[9.78]
[12.71]
[13.05]
[9.78]
[9.61]
[13.47]
[13.71]
[13.82]
[13.8]
[20.11]
[12.1]
[10.21]
[15.44]
[19.36]
[24.22]
[16.35]
[13.82]
[12.91]
[11.05]
[11.21]
[12.63]
[12.73]
[13.93]
[14.]
[12.75]
[12.72]
[14.06]
[13.64]
[13.18]
[14.13]
[14.47]
[12.97]
[12.08]
[13.53]
[13.92]
[14.]
[14.03]
[13.47]
[12.53]
[12.61]
[12.89]
[13.87]
[13.64]
[12.29]
[13.75]
[12.77]
[12.77]
[13.97]
[13.97]
[12.95]
[15.58]
[14.78]
[14.97]
[14.82]
[14.67]
[14.69]
[14.7]
[14.81]
[14.7]
[17.5]
[18.04]
[19.37]
[14.58]
[14.62]
[14.69]
[14.75]
[14.6]
[14.39]
[14.42]
[14.49]
[14.55]
[14.59]
[14.62]
[14.6]
[14.31]
[14.23]
[14.12]
[14.15]
[14.3]
[14.52]
[14.49]
[14.43]
[14.23]
[14.17]
[14.28]
[14.37]
[14.29]
[14.2]
[14.09]
[14.11]
[14.23]
[14.04]
[14.13]
[14.15]
[14.07]
[14.02]
[13.88]
[13.88]
[13.78]
[13.82]
[13.92]
[14.08]
[13.97]
[13.86]
[13.82]
[13.83]
[13.99]
[14.01]
[13.84]
[13.78]
[13.71]
[13.96]
[14.1]
[13.99]
[13.72]
[16.98]
[13.92]
[13.67]
[13.53]
[13.42]
[13.41]
[13.36]
[14.17]
[14.52]
[14.48]
[14.44]
[14.41]
[14.38]
[14.37]
[14.35]
[14.34]
[14.31]
[15.25]
[14.32]
[14.31]
[14.29]
[14.29]
[14.58]
[14.56]
[12.15]
[11.95]
[11.88]
[11.87]
[11.82]
[13.39]
[11.95]
[11.94]
[11.89]
[11.86]
[11.86]
[11.84]
[11.83]
[11.81]
[11.86]
[11.86]
[11.8]
[11.8]
[11.79]
[11.78]
[11.77]
[11.96]
[11.94]
[11.9]
[11.85]
[11.35]
[11.83]
[11.8]
[12.]
[12.06]
[12.03]
[9.66]
[9.6]
[9.59]
[9.63]
[9.74]
[9.73]
[9.68]
[9.68]
[9.7]
[9.68]
[9.68]
[9.67]
[9.67]
[9.73]
[9.77]
[9.75]
[9.77]
[9.77]
[9.77]
[9.74]
[9.74]
[9.73]
[9.72]
[9.75]
[9.75]
[9.79]
[9.77]
[9.77]
[9.78]
[9.77]
[9.09]
[9.09]
[8.91]
[8.69]
[8.69]
[8.66]
[8.69]
[8.7]
[8.7]
[8.66]
[8.67]
[8.77]
[8.78]
[8.78]
[8.77]
[8.78]
[8.77]
[8.74]
[8.74]
[8.77]
[8.77]
[8.77]
[8.76]
[8.77]
[8.76]
[8.77]
[8.77]
[8.76]
[8.76]
[8.77]
[8.71]
[8.26]
[8.23]
[8.06]
[8.02]
[8.01]
[8.04]
[8.06]
[8.04]
[8.05]
[8.06]
[8.05]
[8.05]
[8.07]
[8.07]
[8.06]
[8.04]
[8.08]
[8.07]
[8.07]
[8.03]
[8.1]
[8.09]
[8.1]
[8.11]
[8.1]
[8.11]
[8.12]
[8.11]
[8.11]
[8.13]
[6.13]
[6.11]
[5.91]
[5.29]
[5.35]
[5.29]
[5.31]
[5.3]
[5.3]
[5.3]
[5.31]
[5.3]
[5.27]
[5.29]
[5.29]
[5.29]
[5.3]
[5.3]
[5.34]
[5.31]
[5.31]
[5.32]
[5.32]
[5.31]
[5.33]
[5.32]
[5.32]
[5.31]
[5.33]
[5.32]
[5.34]
[5.34]
[5.89]
[5.74]
[5.51]
[5.5]
[7.49]
[7.16]
[5.55]
[5.56]
[5.48]
[5.43]
[5.41]
[5.42]
[5.48]
[5.44]
[5.44]
[5.44]
[7.99]
[5.37]
[5.4]
[5.41]
[5.38]
[5.38]
[5.39]
[5.38]
[5.38]
[5.43]
[5.4]
[5.41]
[5.42]
[5.41]
[5.41]
[5.41]
[5.41]
[5.42]
[5.44]
[5.44]
[5.45]
[5.47]
[5.47]
[5.4]
[5.42]
[5.44]
[5.46]
[5.47]
[5.46]
[5.46]
[5.47]
[5.47]
[5.42]
[5.48]
[5.49]
[5.48]
[5.46]
[5.46]
[5.5]
[5.51]
[5.48]
[5.46]
[9.04]
[9.13]
[9.13]
[9.16]
[9.17]
[9.17]
[9.19]
[9.21]
[9.24]
[9.24]
[9.22]
[9.2]
[9.27]
[9.28]
[9.28]
[9.29]
[9.32]
[9.33]
[9.33]
[9.34]
[9.36]
[9.37]
[9.38]
[9.41]
[9.41]
[9.41]
[9.41]
[9.42]
[9.83]
[9.49]
[9.52]
[12.18]
[12.29]
[12.29]
[12.33]
[12.37]
[12.42]
[12.45]
[12.39]
[15.27]
[16.55]
[14.11]
[12.06]
[12.15]
[12.22]
[12.2]
[14.89]
[12.24]
[12.29]
[12.3]
[12.82]
[12.19]
[12.16]
[12.29]
[12.32]
[12.3]
[12.41]
[12.47]
[12.46]
[12.66]
[12.65]
[14.68]
[15.59]
[15.66]
[15.62]
[15.61]
[15.62]
[15.55]
[15.55]
[15.53]
[15.48]
[15.58]
[15.63]
[15.67]
[15.73]
[15.76]
[15.69]
[15.74]
[15.74]
[15.7]
[15.75]
[15.81]
[15.74]
[15.69]
[15.67]
[15.67]
[15.69]
[15.71]
[15.78]
[15.82]
[15.85]
[15.84]
[15.82]
[15.81]
[15.68]
[15.65]
[15.45]
[15.76]
[15.72]
[15.72]
[15.72]
[15.86]
[15.62]
[15.55]
[15.84]
[15.47]
[15.85]
[15.91]
[15.89]
[15.6]
[15.96]
[15.99]
[15.84]
[15.77]
[15.99]
[15.57]
[15.56]
[15.78]
[15.69]
[15.67]
[15.63]
[15.75]
[15.5]
[15.92]
[15.96]
[15.99]
[16.2]
[15.99]
[15.99]
[15.96]
[15.93]
[15.94]
[15.96]
[15.89]
[15.75]
[15.57]
[14.85]
[16.98]
[17.18]
[17.15]
[16.64]
[16.94]
[16.89]
[16.85]
[16.85]
[16.82]
[22.09]
[48.14]
[54.09]
[52.25]
[50.82]
[26.21]
[24.32]
[46.38]
[54.6]
[55.32]
[58.59]
[42.22]
[59.61]
[52.27]
[91.07]
[134.99]
[99.13]
[93.08]
[89.49]
[90.15]
[90.7]
[92.91]
[90.54]
[92.41]
[91.17]
[89.85]
[54.37]
[55.31]
[91.98]
[89.63]
[92.51]
[92.65]
[53.92]
[58.15]
[118.86]
[121.02]
[128.01]
[129.11]
[130.04]
[130.07]
[129.96]
[130.52]
[93.73]
[94.19]
[93.43]
[94.32]
[94.03]
[49.04]
[42.92]
[63.69]
[56.03]
[54.7]
[38.34]
[11.79]
[11.72]
[12.96]
[33.11]
[57.23]
[47.44]
[52.93]
[38.46]
[13.38]
[10.84]
[32.12]
[12.86]
[13.04]
[11.96]
[9.06]
[9.09]
[9.87]
[13.99]
[13.87]
[12.77]
[11.54]
[13.62]
[10.08]
[9.89]
[11.66]
[11.41]
[10.97]
[12.27]
[12.58]
[13.52]
[14.11]
[18.19]
[19.12]
[13.6]
[13.55]
[13.48]
[13.43]
[13.64]
[13.07]
[13.76]
[13.75]
[12.85]
[13.71]
[11.22]
[9.92]
[11.7]
[12.05]
[15.5]
[15.5]
[20.41]
[11.86]
[11.21]
[12.16]
[10.03]
[8.58]
[11.93]
[24.96]
[9.81]
[9.12]
[11.89]
[11.97]
[19.72]
[18.14]
[16.04]
[11.71]
[13.74]
[39.18]
[46.43]
[42.22]
[40.7]
[29.17]
[11.6]
[7.7]
[7.77]
[5.18]
[5.21]
[5.24]
[5.27]
[5.28]
[5.29]
[5.31]
[5.33]
[5.34]
[5.35]
[5.36]
[5.37]
[5.38]
[5.39]