0.8877119976464276, 0.8975887328270646, -3.150091431535116, 203.98067497143398[11.418287]
[9.319377]
[8.158318]
[9.766525]
[9.140583]
[6.1229305]
[5.259025]
[5.28039]
[5.224561]
[5.2550178]
[5.2124205]
[5.1771426]
[5.230973]
[7.2214317]
[7.9244895]
[7.891245]
[8.075741]
[9.09752]
[10.796305]
[10.502243]
[9.014587]
[8.636085]
[8.469262]
[8.42172]
[8.333455]
[8.379682]
[8.382654]
[8.325941]
[8.211062]
[8.164949]
[8.133696]
[8.320346]
[8.370309]
[8.31034]
[8.312008]
[8.371065]
[8.281368]
[8.566355]
[11.931881]
[9.653617]
[9.153752]
[9.6638975]
[9.6383705]
[9.254762]
[10.549766]
[10.915726]
[10.887621]
[10.930607]
[11.030466]
[11.576594]
[11.615539]
[11.293752]
[11.018011]
[11.053896]
[10.885691]
[10.878069]
[10.891746]
[10.904691]
[10.817815]
[10.820698]
[10.844164]
[10.83599]
[10.787889]
[10.894603]
[10.942908]
[11.153523]
[11.677551]
[11.647316]
[11.311416]
[11.486303]
[13.583387]
[9.462478]
[10.205694]
[10.963759]
[36.445866]
[19.670982]
[12.824864]
[12.7772665]
[12.753166]
[12.796944]
[12.983764]
[13.071939]
[13.012489]
[13.15453]
[13.220527]
[13.040087]
[13.1330185]
[13.324587]
[13.494474]
[13.35479]
[13.493581]
[13.568967]
[14.112841]
[13.853927]
[13.576568]
[13.755961]
[13.744186]
[13.548716]
[13.48043]
[13.2129755]
[13.820535]
[14.344797]
[14.186701]
[14.650914]
[14.897872]
[15.037457]
[19.715427]
[20.174171]
[21.511192]
[33.70442]
[61.1147]
[25.219334]
[72.65421]
[63.83355]
[78.442635]
[96.482]
[135.3499]
[88.515526]
[76.60776]
[61.898956]
[63.369286]
[61.98091]
[57.389545]
[53.411434]
[54.169113]
[51.296997]
[42.82769]
[49.295055]
[52.957462]
[50.803417]
[51.05117]
[54.050392]
[34.43647]
[28.442045]
[41.85229]
[49.740326]
[46.66906]
[49.739162]
[46.601307]
[25.448788]
[24.824694]
[44.44425]
[51.100903]
[79.66886]
[101.87742]
[139.32176]
[157.64166]
[163.14993]
[204.31953]
[165.4971]
[155.79721]
[143.0744]
[128.15863]
[107.25469]
[90.85137]
[111.03078]
[119.705215]
[120.7691]
[123.11134]
[130.65604]
[114.32024]
[100.641846]
[93.82812]
[93.68285]
[91.74183]
[90.91525]
[94.31503]
[77.763016]
[69.383125]
[76.66343]
[75.135735]
[72.83499]
[70.35799]
[71.151276]
[63.959938]
[60.554222]
[56.986828]
[58.515987]
[46.027607]
[55.34021]
[57.928173]
[51.682735]
[48.174717]
[57.90994]
[54.54526]
[48.58779]
[45.003826]
[46.088326]
[42.608997]
[43.276154]
[47.710136]
[63.456158]
[68.30967]
[61.967796]
[66.16567]
[60.930347]
[60.632412]
[93.680016]
[96.10975]
[92.727394]
[87.57743]
[83.70443]
[84.413284]
[81.61044]
[85.27749]
[93.45048]
[91.51718]
[98.604836]
[101.895836]
[80.218506]
[72.55264]
[76.55761]
[61.43568]
[71.552315]
[55.702984]
[64.62958]
[41.633854]
[29.340424]
[46.587902]
[38.677784]
[35.60764]
[29.095093]
[31.11354]
[24.674131]
[19.368574]
[22.312313]
[28.08301]
[36.308254]
[38.563984]
[42.2889]
[31.920439]
[22.128117]
[41.13669]
[49.589535]
[42.994644]
[39.21933]
[26.976181]
[23.46192]
[23.350353]
[26.336664]
[31.820303]
[39.19514]
[38.51081]
[42.841984]
[23.653479]
[17.846935]
[37.478035]
[41.13925]
[40.5224]
[40.178017]
[38.619858]
[23.37154]
[19.620272]
[28.682484]
[32.212017]
[26.041004]
[30.987398]
[32.050827]
[19.55957]
[13.99201]
[24.080484]
[28.485487]
[27.36783]
[25.799469]
[24.09697]
[20.188478]
[16.33806]
[19.684994]
[22.726192]
[18.815832]
[19.46611]
[36.636047]
[23.646946]
[16.72959]
[24.50381]
[28.402502]
[27.010504]
[25.593895]
[24.258017]
[14.808978]
[10.161644]
[19.476118]
[21.273249]
[23.25194]
[24.290659]
[22.695646]
[13.567751]
[8.754563]
[7.8903055]
[6.7482324]
[6.308926]
[6.6460505]
[6.8931837]
[6.6352253]
[6.4141426]
[6.258598]
[6.3057003]
[6.286111]
[6.2174463]
[6.0774727]
[5.980831]
[5.9708905]
[5.9804897]
[5.8798676]
[5.8161902]
[5.750856]
[5.7341394]
[5.7341394]
[5.7341394]
[5.7341394]
[5.564894]
[7.2738137]
[11.980384]
[12.583473]
[14.062682]
[10.446879]
[10.311362]
[11.128728]
[15.065251]
[14.40276]
[12.566591]
[9.718742]
[6.6629696]
[8.766779]
[9.571726]
[8.661507]
[8.7238865]
[9.206864]
[10.5932865]
[10.95004]
[9.833517]
[10.598433]
[17.121191]
[13.132672]
[11.265255]
[8.21201]
[10.639573]
[11.464356]
[11.292148]
[6.780287]
[5.335199]
[5.3129706]
[5.9281735]
[8.778935]
[9.306041]
[9.328898]
[7.1153693]
[5.551956]
[5.2857304]
[5.291052]
[5.255283]
[5.2195296]
[6.4939194]
[5.589427]
[5.2497773]
[5.2965536]
[5.2317476]
[5.2326674]
[5.327134]
[5.8227353]
[5.6123433]
[5.4653187]
[5.4045625]
[5.2534943]
[5.2687325]
[5.2795596]
[5.30593]
[5.4052367]
[5.48201]
[5.4722037]
[5.464461]
[5.2167187]
[5.319518]
[5.309178]
[5.3061953]
[5.300301]
[7.1508675]
[7.7545266]
[11.867031]
[9.226886]
[7.897218]
[9.003347]
[8.867621]
[8.159785]
[10.640653]
[10.502107]
[8.923953]
[10.183244]
[10.766781]
[9.162903]
[8.727148]
[10.899883]
[11.730091]
[11.58504]
[11.570758]
[15.874621]
[11.887507]
[9.39203]
[12.352035]
[15.844973]
[19.875029]
[15.143838]
[12.039627]
[11.196601]
[10.004031]
[9.932652]
[10.7337675]
[10.977709]
[11.800479]
[12.012999]
[11.307784]
[11.261007]
[12.123623]
[11.813559]
[11.751692]
[12.527681]
[12.674245]
[11.69732]
[11.11512]
[12.042381]
[12.390647]
[12.328031]
[12.399036]
[11.963969]
[11.407767]
[11.132004]
[11.677026]
[13.39978]
[13.239348]
[11.5310755]
[12.532985]
[13.201813]
[12.587952]
[12.857562]
[12.87645]
[12.099494]
[13.724252]
[13.458516]
[13.379239]
[13.373691]
[13.329362]
[13.281591]
[13.142889]
[13.361643]
[13.2975645]
[15.133935]
[18.486446]
[18.077984]
[14.09869]
[13.0520115]
[13.431671]
[13.136553]
[13.822762]
[13.736912]
[13.527049]
[13.5247345]
[13.40474]
[13.607389]
[13.605675]
[13.601242]
[13.379407]
[13.141936]
[12.887633]
[12.934874]
[13.03383]
[13.210451]
[13.223653]
[13.20444]
[13.151904]
[13.080737]
[13.122156]
[13.235062]
[13.176743]
[13.076693]
[13.014301]
[13.034836]
[13.155873]
[13.083402]
[13.138184]
[13.2328415]
[13.276098]
[13.2414]
[13.107654]
[13.132775]
[13.069547]
[12.754529]
[13.175076]
[13.336646]
[13.018246]
[12.945656]
[12.8480425]
[12.835266]
[12.537737]
[13.001025]
[13.073555]
[13.11582]
[13.393451]
[13.033421]
[13.735638]
[13.860765]
[17.511368]
[20.260227]
[37.722507]
[12.392847]
[10.950527]
[11.111096]
[13.685003]
[14.528764]
[15.001059]
[14.873728]
[14.462889]
[14.538601]
[14.556919]
[14.701234]
[14.4075365]
[14.145788]
[14.261454]
[14.3656435]
[14.74907]
[14.156557]
[13.996949]
[13.896103]
[13.973777]
[13.382088]
[13.596298]
[12.435906]
[12.186723]
[11.820108]
[12.188977]
[12.613395]
[13.562185]
[13.036849]
[12.697026]
[12.41458]
[12.321792]
[12.164718]
[11.928255]
[12.232951]
[12.149349]
[12.107747]
[11.929556]
[11.888362]
[11.8124695]
[11.726531]
[11.580803]
[11.559313]
[11.793383]
[13.041536]
[13.872155]
[13.9402075]
[13.777002]
[13.041459]
[13.027448]
[12.745385]
[12.669782]
[12.550267]
[11.767317]
[11.541383]
[10.970821]
[10.7357435]
[10.700369]
[10.539101]
[10.469837]
[10.275573]
[10.244531]
[10.058398]
[10.031722]
[10.00276]
[9.829729]
[9.907354]
[9.788639]
[9.844658]
[9.76649]
[9.749269]
[9.660971]
[9.6156435]
[9.513707]
[9.4904175]
[9.38906]
[9.398881]
[9.409185]
[9.418901]
[9.327292]
[9.326558]
[9.413531]
[9.353815]
[9.1311245]
[8.967992]
[8.847331]
[8.585616]
[8.542526]
[8.696903]
[8.710156]
[8.622958]
[8.522534]
[8.440612]
[8.735512]
[9.416822]
[10.395848]
[9.933727]
[9.549767]
[9.21709]
[8.994709]
[8.851366]
[8.727465]
[8.669533]
[8.721681]
[8.549054]
[8.536438]
[8.50313]
[8.344115]
[8.498566]
[8.8820305]
[8.948617]
[8.831403]
[9.052268]
[8.813005]
[8.324211]
[8.0987625]
[7.988835]
[7.904109]
[7.8217673]
[7.923332]
[7.9290385]
[7.8239026]
[7.7522917]
[7.826757]
[7.747541]
[7.747985]
[7.75967]
[7.7515845]
[7.683445]
[7.7447143]
[7.680217]
[7.673041]
[7.5971]
[7.5892057]
[7.6913657]
[7.5442467]
[7.553508]
[7.65096]
[7.6554246]
[7.5843525]
[7.679904]
[7.6947455]
[7.8660855]
[7.8896027]
[6.7809114]
[6.4249105]
[6.232562]
[5.7619376]
[5.7143707]
[5.623707]
[5.6979003]
[5.6281543]
[5.622402]
[5.6999683]
[5.636385]
[5.6326427]
[5.6162806]
[5.6221886]
[5.636773]
[5.564683]
[5.5642395]
[5.656434]
[5.5273576]
[5.5921836]
[5.6738477]
[5.607472]
[5.610157]
[5.6086]
[5.621824]
[5.6252923]
[5.6242514]
[5.623828]
[5.6343226]
[5.6514854]
[5.5761456]
[5.6688547]
[5.89834]
[5.9558663]
[8.856347]
[6.642352]
[7.2032557]
[7.51547]
[6.1673]
[5.810754]
[5.780368]
[5.7356095]
[6.000468]
[5.7694263]
[5.993799]
[5.7814326]
[5.996141]
[5.7840753]
[7.6392646]
[6.535865]
[6.0144176]
[6.009587]
[6.0056295]
[6.00165]
[5.997543]
[5.7640867]
[5.9700923]
[5.729723]
[7.7748175]
[6.3147902]
[5.7848363]
[5.9782357]
[5.7938657]
[5.7937136]
[5.9729576]
[5.801862]
[5.9647083]
[5.9520574]
[5.80997]
[5.965409]
[5.8309536]
[5.824351]
[5.828619]
[5.958624]
[5.8277383]
[5.9565573]
[5.8283033]
[5.866781]
[5.884035]
[5.9593873]
[5.8041945]
[5.877257]
[5.9646335]
[5.8425593]
[5.8910756]
[5.95428]
[5.84977]
[5.9782896]
[5.911996]
[5.8298635]
[8.5860615]
[8.872404]
[9.162088]
[8.877073]
[9.157343]
[9.262337]
[9.226386]
[9.195947]
[9.707943]
[9.319331]
[9.6703825]
[9.281971]
[9.632019]
[9.243935]
[9.59425]
[9.732596]
[9.124857]
[9.055499]
[9.090879]
[9.105292]
[9.128279]
[9.235363]
[9.178386]
[9.490676]
[9.159546]
[9.432305]
[9.199845]
[8.970304]
[9.565848]
[9.692504]
[9.68197]
[11.113018]
[11.483201]
[11.452135]
[11.889676]
[11.507797]
[11.824285]
[12.384126]
[12.466142]
[14.849217]
[16.1752]
[14.71215]
[12.146332]
[12.058909]
[12.010863]
[12.268649]
[14.758152]
[12.464245]
[11.939501]
[11.822521]
[12.070973]
[11.271759]
[11.040955]
[10.958327]
[11.620824]
[11.693027]
[12.286336]
[11.845736]
[11.096438]
[11.514449]
[11.3706665]
[12.63193]
[13.1961]
[13.4943285]
[13.762846]
[13.410921]
[13.518191]
[13.222626]
[12.993733]
[13.607104]
[13.176428]
[19.686459]
[15.645638]
[17.84141]
[15.410024]
[12.053491]
[14.680234]
[15.611965]
[15.690467]
[15.564047]
[15.487155]
[15.118102]
[14.979959]
[14.965958]
[14.6505785]
[14.681686]
[15.587769]
[15.404341]
[15.01568]
[14.763653]
[15.492181]
[15.5937605]
[16.82589]
[17.964249]
[17.46087]
[17.31767]
[17.567572]
[13.980077]
[16.316738]
[16.721167]
[17.895025]
[17.458601]
[16.210815]
[16.957521]
[17.170881]
[16.73912]
[17.218315]
[17.322182]
[17.17152]
[16.588882]
[16.586952]
[16.427303]
[16.170431]
[15.986715]
[16.066793]
[16.408352]
[17.206396]
[17.056284]
[16.710403]
[16.256477]
[15.972454]
[15.811042]
[15.329823]
[15.651587]
[15.875353]
[16.041193]
[16.920261]
[16.707628]
[16.258102]
[16.119902]
[15.773643]
[16.353184]
[16.1294]
[16.840067]
[21.154327]
[23.450495]
[20.545645]
[28.556175]
[27.594421]
[25.726345]
[24.590265]
[21.698185]
[7.691704]
[14.925349]
[17.833925]
[17.226095]
[19.917051]
[36.079872]
[44.33375]
[49.829914]
[54.128773]
[49.021317]
[41.173016]
[58.081734]
[68.649445]
[66.06095]
[65.50771]
[57.142315]
[75.507]
[96.07109]
[89.37208]
[118.70222]
[116.625046]
[121.68336]
[103.2187]
[102.06229]
[98.179756]
[99.302826]
[96.12215]
[93.31378]
[90.25382]
[87.976364]
[76.65031]
[74.829956]
[86.88511]
[89.17321]
[88.40192]
[90.207016]
[89.95652]
[89.89716]
[105.27447]
[121.366844]
[140.3407]
[135.75568]
[127.857956]
[129.0071]
[132.69492]
[127.69686]
[104.54789]
[102.80516]
[98.12619]
[96.31396]
[95.10889]
[66.63019]
[53.812695]
[62.04787]
[59.36902]
[55.423023]
[44.800957]
[27.344145]
[22.932312]
[22.960802]
[32.534218]
[46.717197]
[43.91497]
[44.69912]
[37.635128]
[22.320957]
[17.504103]
[28.405195]
[21.440315]
[17.86253]
[17.31338]
[15.333055]
[14.39196]
[14.295275]
[16.1105]
[16.285639]
[15.320461]
[14.361278]
[14.903883]
[13.52078]
[13.021736]
[14.009553]
[13.994601]
[13.278176]
[13.577646]
[13.725189]
[13.833564]
[14.104563]
[15.783748]
[16.447252]
[13.805916]
[13.086055]
[13.789499]
[14.29401]
[14.1231985]
[13.472341]
[13.480348]
[13.480374]
[12.8950615]
[13.183537]
[12.029959]
[10.895657]
[11.795893]
[12.915747]
[14.803149]
[15.175566]
[17.619148]
[14.902209]
[14.270162]
[14.51768]
[13.029258]
[11.528066]
[12.434096]
[18.445797]
[12.903896]
[10.362156]
[11.296824]
[11.484944]
[14.677303]
[14.885629]
[13.622566]
[11.339357]
[11.455636]
[22.748112]
[29.375889]
[28.881266]
[27.492975]
[21.72564]
[14.760539]
[11.213679]
[10.763982]
[8.816779]
[7.861846]
[7.514596]
[7.2247224]
[6.578418]
[6.7043514]
[6.875069]
[7.017385]
[6.6289854]
[6.6301894]
[6.6666727]
[6.4259195]
[6.463379][10.25]
[9.45]
[13.02]
[10.69]
[5.31]
[5.25]
[5.26]
[5.31]
[5.31]
[5.3]
[5.29]
[5.3]
[9.25]
[9.31]
[9.28]
[9.29]
[9.27]
[9.26]
[9.25]
[9.26]
[9.26]
[9.27]
[9.25]
[9.25]
[9.32]
[9.28]
[9.26]
[9.22]
[9.21]
[9.23]
[9.23]
[9.06]
[9.24]
[9.25]
[9.24]
[9.29]
[9.55]
[9.28]
[9.27]
[9.27]
[9.25]
[9.24]
[9.28]
[12.21]
[12.29]
[12.32]
[12.27]
[12.3]
[12.29]
[12.25]
[12.25]
[12.25]
[12.29]
[12.3]
[12.3]
[12.31]
[12.36]
[12.34]
[12.35]
[12.36]
[12.37]
[12.39]
[12.39]
[12.4]
[12.36]
[12.39]
[12.4]
[12.41]
[12.52]
[12.25]
[12.25]
[12.03]
[12.31]
[26.75]
[15.2]
[15.05]
[15.12]
[15.03]
[15.09]
[15.17]
[15.22]
[15.41]
[15.4]
[15.43]
[15.24]
[15.14]
[15.08]
[15.29]
[15.3]
[15.23]
[15.22]
[15.17]
[15.21]
[15.24]
[15.21]
[15.26]
[15.09]
[15.03]
[14.94]
[15.09]
[15.28]
[15.3]
[15.52]
[15.38]
[15.46]
[15.26]
[15.55]
[15.54]
[15.27]
[22.36]
[17.87]
[15.85]
[42.75]
[82.22]
[94.05]
[93.25]
[90.97]
[55.68]
[49.63]
[58.09]
[56.67]
[54.59]
[53.59]
[58.05]
[53.08]
[41.74]
[57.88]
[58.89]
[56.17]
[56.45]
[59.98]
[24.57]
[23.68]
[48.95]
[58.59]
[52.66]
[61.65]
[55.39]
[15.63]
[15.57]
[49.45]
[48.02]
[57.5]
[95.04]
[91.35]
[127.12]
[159.08]
[215.85]
[192.9]
[144.63]
[136.75]
[131.02]
[99.64]
[86.83]
[129.19]
[131.03]
[129.73]
[130.49]
[130.52]
[92.3]
[87.76]
[90.33]
[91.84]
[90.24]
[92.4]
[96.82]
[52.74]
[45.22]
[55.96]
[60.38]
[51.61]
[55.5]
[62.81]
[54.04]
[56.12]
[53.08]
[60.33]
[38.11]
[64.66]
[62.07]
[50.21]
[45.53]
[67.12]
[58.52]
[53.52]
[50.52]
[53.77]
[41.06]
[38.17]
[35.45]
[50.08]
[57.71]
[43.73]
[61.41]
[54.5]
[42.43]
[96.98]
[93.31]
[95.73]
[93.08]
[91.61]
[94.94]
[85.74]
[88.4]
[98.74]
[90.94]
[95.37]
[98.5]
[45.13]
[47.61]
[67.66]
[39.1]
[71.69]
[37.29]
[69.59]
[19.53]
[12.7]
[49.99]
[27.12]
[31.05]
[19.21]
[28.46]
[14.31]
[9.94]
[17.83]
[28.86]
[44.83]
[46.46]
[52.06]
[24.01]
[9.42]
[50.97]
[57.23]
[44.2]
[37.8]
[12.15]
[9.41]
[10.47]
[20.43]
[33.31]
[48.25]
[44.01]
[55.45]
[12.7]
[10.36]
[51.64]
[50.92]
[50.38]
[49.93]
[49.1]
[13.79]
[10.13]
[29.22]
[34.2]
[23.2]
[39.35]
[38.77]
[14.08]
[10.2]
[32.49]
[35.58]
[33.86]
[32.24]
[29.9]
[23.23]
[16.87]
[24.9]
[28.37]
[17.49]
[16.74]
[47.53]
[16.06]
[15.03]
[32.65]
[36.66]
[33.79]
[32.62]
[31.6]
[12.79]
[8.68]
[29.3]
[28.48]
[33.01]
[32.79]
[29.71]
[12.11]
[7.79]
[7.39]
[5.3]
[5.33]
[5.36]
[5.41]
[5.44]
[5.46]
[5.48]
[5.51]
[5.52]
[5.54]
[5.55]
[5.56]
[5.57]
[5.58]
[5.41]
[5.59]
[5.59]
[5.59]
[5.59]
[5.59]
[5.59]
[5.52]
[9.82]
[15.53]
[16.95]
[20.82]
[11.7]
[14.18]
[15.4]
[23.39]
[19.41]
[16.47]
[11.42]
[6.71]
[12.54]
[12.67]
[10.63]
[11.37]
[12.05]
[14.44]
[14.47]
[12.32]
[14.46]
[13.82]
[14.57]
[14.58]
[8.47]
[14.78]
[14.81]
[14.47]
[5.31]
[5.31]
[5.29]
[6.65]
[12.03]
[10.97]
[11.68]
[7.09]
[5.32]
[5.32]
[5.33]
[5.32]
[5.32]
[7.66]
[5.32]
[5.32]
[5.32]
[5.29]
[5.21]
[5.09]
[5.1]
[5.1]
[5.1]
[5.11]
[5.11]
[5.1]
[5.12]
[5.22]
[5.48]
[5.49]
[5.27]
[5.12]
[5.13]
[5.12]
[5.12]
[5.11]
[5.16]
[8.76]
[8.76]
[8.94]
[8.95]
[8.95]
[10.8]
[10.34]
[8.93]
[12.82]
[12.41]
[9.78]
[12.71]
[13.05]
[9.78]
[9.61]
[13.47]
[13.71]
[13.82]
[13.8]
[20.11]
[12.1]
[10.21]
[15.44]
[19.36]
[24.22]
[16.35]
[13.82]
[12.91]
[11.05]
[11.21]
[12.63]
[12.73]
[13.93]
[14.]
[12.75]
[12.72]
[14.06]
[13.64]
[13.18]
[14.13]
[14.47]
[12.97]
[12.08]
[13.53]
[13.92]
[14.]
[14.03]
[13.47]
[12.53]
[12.61]
[12.89]
[13.87]
[13.64]
[12.29]
[13.75]
[12.77]
[12.77]
[13.97]
[13.97]
[12.95]
[15.58]
[14.78]
[14.97]
[14.82]
[14.67]
[14.69]
[14.7]
[14.81]
[14.7]
[17.5]
[18.04]
[19.37]
[14.58]
[14.62]
[14.69]
[14.75]
[14.6]
[14.39]
[14.42]
[14.49]
[14.55]
[14.59]
[14.62]
[14.6]
[14.31]
[14.23]
[14.12]
[14.15]
[14.3]
[14.52]
[14.49]
[14.43]
[14.23]
[14.17]
[14.28]
[14.37]
[14.29]
[14.2]
[14.09]
[14.11]
[14.23]
[14.04]
[14.13]
[14.15]
[14.07]
[14.02]
[13.88]
[13.88]
[13.78]
[13.82]
[13.92]
[14.08]
[13.97]
[13.86]
[13.82]
[13.83]
[13.99]
[14.01]
[13.84]
[13.78]
[13.71]
[13.96]
[14.1]
[13.99]
[13.72]
[16.98]
[13.92]
[13.67]
[13.53]
[13.42]
[13.41]
[13.36]
[14.17]
[14.52]
[14.48]
[14.44]
[14.41]
[14.38]
[14.37]
[14.35]
[14.34]
[14.31]
[15.25]
[14.32]
[14.31]
[14.29]
[14.29]
[14.58]
[14.56]
[12.15]
[11.95]
[11.88]
[11.87]
[11.82]
[13.39]
[11.95]
[11.94]
[11.89]
[11.86]
[11.86]
[11.84]
[11.83]
[11.81]
[11.86]
[11.86]
[11.8]
[11.8]
[11.79]
[11.78]
[11.77]
[11.96]
[11.94]
[11.9]
[11.85]
[11.35]
[11.83]
[11.8]
[12.]
[12.06]
[12.03]
[9.66]
[9.6]
[9.59]
[9.63]
[9.74]
[9.73]
[9.68]
[9.68]
[9.7]
[9.68]
[9.68]
[9.67]
[9.67]
[9.73]
[9.77]
[9.75]
[9.77]
[9.77]
[9.77]
[9.74]
[9.74]
[9.73]
[9.72]
[9.75]
[9.75]
[9.79]
[9.77]
[9.77]
[9.78]
[9.77]
[9.09]
[9.09]
[8.91]
[8.69]
[8.69]
[8.66]
[8.69]
[8.7]
[8.7]
[8.66]
[8.67]
[8.77]
[8.78]
[8.78]
[8.77]
[8.78]
[8.77]
[8.74]
[8.74]
[8.77]
[8.77]
[8.77]
[8.76]
[8.77]
[8.76]
[8.77]
[8.77]
[8.76]
[8.76]
[8.77]
[8.71]
[8.26]
[8.23]
[8.06]
[8.02]
[8.01]
[8.04]
[8.06]
[8.04]
[8.05]
[8.06]
[8.05]
[8.05]
[8.07]
[8.07]
[8.06]
[8.04]
[8.08]
[8.07]
[8.07]
[8.03]
[8.1]
[8.09]
[8.1]
[8.11]
[8.1]
[8.11]
[8.12]
[8.11]
[8.11]
[8.13]
[6.13]
[6.11]
[5.91]
[5.29]
[5.35]
[5.29]
[5.31]
[5.3]
[5.3]
[5.3]
[5.31]
[5.3]
[5.27]
[5.29]
[5.29]
[5.29]
[5.3]
[5.3]
[5.34]
[5.31]
[5.31]
[5.32]
[5.32]
[5.31]
[5.33]
[5.32]
[5.32]
[5.31]
[5.33]
[5.32]
[5.34]
[5.34]
[5.89]
[5.74]
[5.51]
[5.5]
[7.49]
[7.16]
[5.55]
[5.56]
[5.48]
[5.43]
[5.41]
[5.42]
[5.48]
[5.44]
[5.44]
[5.44]
[7.99]
[5.37]
[5.4]
[5.41]
[5.38]
[5.38]
[5.39]
[5.38]
[5.38]
[5.43]
[5.4]
[5.41]
[5.42]
[5.41]
[5.41]
[5.41]
[5.41]
[5.42]
[5.44]
[5.44]
[5.45]
[5.47]
[5.47]
[5.4]
[5.42]
[5.44]
[5.46]
[5.47]
[5.46]
[5.46]
[5.47]
[5.47]
[5.42]
[5.48]
[5.49]
[5.48]
[5.46]
[5.46]
[5.5]
[5.51]
[5.48]
[5.46]
[9.04]
[9.13]
[9.13]
[9.16]
[9.17]
[9.17]
[9.19]
[9.21]
[9.24]
[9.24]
[9.22]
[9.2]
[9.27]
[9.28]
[9.28]
[9.29]
[9.32]
[9.33]
[9.33]
[9.34]
[9.36]
[9.37]
[9.38]
[9.41]
[9.41]
[9.41]
[9.41]
[9.42]
[9.83]
[9.49]
[9.52]
[12.18]
[12.29]
[12.29]
[12.33]
[12.37]
[12.42]
[12.45]
[12.39]
[15.27]
[16.55]
[14.11]
[12.06]
[12.15]
[12.22]
[12.2]
[14.89]
[12.24]
[12.29]
[12.3]
[12.82]
[12.19]
[12.16]
[12.29]
[12.32]
[12.3]
[12.41]
[12.47]
[12.46]
[12.66]
[12.65]
[14.68]
[15.59]
[15.66]
[15.62]
[15.61]
[15.62]
[15.55]
[15.55]
[15.53]
[15.48]
[15.58]
[15.63]
[15.67]
[15.73]
[15.76]
[15.69]
[15.74]
[15.74]
[15.7]
[15.75]
[15.81]
[15.74]
[15.69]
[15.67]
[15.67]
[15.69]
[15.71]
[15.78]
[15.82]
[15.85]
[15.84]
[15.82]
[15.81]
[15.68]
[15.65]
[15.45]
[15.76]
[15.72]
[15.72]
[15.72]
[15.86]
[15.62]
[15.55]
[15.84]
[15.47]
[15.85]
[15.91]
[15.89]
[15.6]
[15.96]
[15.99]
[15.84]
[15.77]
[15.99]
[15.57]
[15.56]
[15.78]
[15.69]
[15.67]
[15.63]
[15.75]
[15.5]
[15.92]
[15.96]
[15.99]
[16.2]
[15.99]
[15.99]
[15.96]
[15.93]
[15.94]
[15.96]
[15.89]
[15.75]
[15.57]
[14.85]
[16.98]
[17.18]
[17.15]
[16.64]
[16.94]
[16.89]
[16.85]
[16.85]
[16.82]
[22.09]
[48.14]
[54.09]
[52.25]
[50.82]
[26.21]
[24.32]
[46.38]
[54.6]
[55.32]
[58.59]
[42.22]
[59.61]
[52.27]
[91.07]
[134.99]
[99.13]
[93.08]
[89.49]
[90.15]
[90.7]
[92.91]
[90.54]
[92.41]
[91.17]
[89.85]
[54.37]
[55.31]
[91.98]
[89.63]
[92.51]
[92.65]
[53.92]
[58.15]
[118.86]
[121.02]
[128.01]
[129.11]
[130.04]
[130.07]
[129.96]
[130.52]
[93.73]
[94.19]
[93.43]
[94.32]
[94.03]
[49.04]
[42.92]
[63.69]
[56.03]
[54.7]
[38.34]
[11.79]
[11.72]
[12.96]
[33.11]
[57.23]
[47.44]
[52.93]
[38.46]
[13.38]
[10.84]
[32.12]
[12.86]
[13.04]
[11.96]
[9.06]
[9.09]
[9.87]
[13.99]
[13.87]
[12.77]
[11.54]
[13.62]
[10.08]
[9.89]
[11.66]
[11.41]
[10.97]
[12.27]
[12.58]
[13.52]
[14.11]
[18.19]
[19.12]
[13.6]
[13.55]
[13.48]
[13.43]
[13.64]
[13.07]
[13.76]
[13.75]
[12.85]
[13.71]
[11.22]
[9.92]
[11.7]
[12.05]
[15.5]
[15.5]
[20.41]
[11.86]
[11.21]
[12.16]
[10.03]
[8.58]
[11.93]
[24.96]
[9.81]
[9.12]
[11.89]
[11.97]
[19.72]
[18.14]
[16.04]
[11.71]
[13.74]
[39.18]
[46.43]
[42.22]
[40.7]
[29.17]
[11.6]
[7.7]
[7.77]
[5.18]
[5.21]
[5.24]
[5.27]
[5.28]
[5.29]
[5.31]
[5.33]
[5.34]
[5.35]
[5.36]
[5.37]
[5.38]
[5.39]