0.8875697248041413, 0.9014253891339963, -11.369611204454335, 204.10985940335237[15.081717]
[12.127916]
[11.053909]
[13.266524]
[12.065258]
[8.324751]
[7.7551455]
[7.7962055]
[7.8103704]
[7.7964454]
[7.788154]
[7.7448845]
[7.763986]
[10.375144]
[10.828203]
[10.798315]
[10.850516]
[11.17573]
[12.3741865]
[12.836957]
[12.042373]
[11.451139]
[11.264984]
[11.1833315]
[11.127445]
[11.145586]
[11.13304]
[11.106242]
[11.01665]
[10.972606]
[10.939008]
[10.985744]
[10.999248]
[11.099207]
[11.046476]
[11.075757]
[11.086921]
[11.187684]
[15.17862]
[11.8961315]
[11.374601]
[11.743735]
[11.918987]
[11.792694]
[13.580175]
[13.780544]
[13.717688]
[13.720149]
[13.718534]
[14.01791]
[14.168653]
[14.045699]
[13.806221]
[13.811527]
[13.729178]
[13.673394]
[13.681107]
[13.724549]
[13.660368]
[13.639464]
[13.654543]
[13.671254]
[13.620581]
[13.657309]
[13.678934]
[13.652743]
[13.99342]
[14.187387]
[13.931093]
[14.04438]
[16.808865]
[11.180349]
[13.110143]
[13.671517]
[41.024433]
[19.523865]
[15.745092]
[15.769237]
[15.702233]
[15.71119]
[15.838252]
[15.991964]
[15.978296]
[16.022692]
[16.123432]
[15.872212]
[15.785359]
[15.887307]
[16.164341]
[15.991417]
[15.96609]
[15.775155]
[16.262732]
[16.291628]
[15.987642]
[16.097435]
[16.176823]
[15.991572]
[15.969735]
[15.45518]
[15.695327]
[16.223814]
[15.952188]
[16.182116]
[16.2198]
[16.122513]
[21.623808]
[23.683271]
[20.278866]
[32.031937]
[47.880646]
[28.174759]
[68.9759]
[71.286964]
[84.04256]
[96.78612]
[128.88147]
[97.14205]
[72.83384]
[62.198273]
[65.84725]
[63.84638]
[59.522644]
[56.145847]
[57.99326]
[54.356438]
[44.983704]
[54.645588]
[57.037853]
[54.293743]
[55.275543]
[58.228725]
[33.811634]
[30.070948]
[47.090027]
[54.231068]
[50.17129]
[54.670074]
[50.245033]
[25.161545]
[24.886858]
[49.546894]
[53.19584]
[73.704765]
[100.525894]
[137.35275]
[156.78741]
[164.21144]
[203.48572]
[176.64034]
[145.21762]
[138.75502]
[127.97978]
[105.43288]
[91.61271]
[115.53497]
[119.69951]
[120.51567]
[123.030075]
[127.62045]
[104.334335]
[97.27612]
[94.88377]
[94.91215]
[93.19304]
[92.91086]
[96.41316]
[71.07301]
[64.40196]
[72.233315]
[73.82759]
[70.18146]
[70.14158]
[72.84054]
[64.8484]
[62.773907]
[59.179375]
[62.071346]
[46.67499]
[61.07971]
[61.477276]
[54.32155]
[50.82625]
[63.123653]
[57.428333]
[52.058815]
[48.81833]
[50.70461]
[45.67363]
[45.77699]
[47.919334]
[62.570866]
[69.93838]
[61.19289]
[68.88842]
[62.2721]
[57.717693]
[96.601944]
[96.84683]
[94.80374]
[89.3201]
[85.896545]
[87.13726]
[83.80252]
[88.29895]
[96.2106]
[92.664215]
[98.337006]
[101.61019]
[70.28551]
[66.51635]
[76.5937]
[57.67097]
[75.959564]
[53.71943]
[69.663124]
[38.216274]
[27.486115]
[51.2908]
[38.302765]
[37.452377]
[29.219015]
[33.55512]
[24.648026]
[19.636196]
[24.176344]
[31.332352]
[41.5281]
[43.23539]
[47.75402]
[33.07895]
[21.589828]
[47.54317]
[54.08057]
[45.961666]
[42.31691]
[25.823414]
[22.77581]
[22.682844]
[27.61568]
[35.277985]
[44.440163]
[42.647266]
[48.5498]
[23.257946]
[19.029793]
[44.483936]
[45.665062]
[45.659645]
[44.947784]
[43.38603]
[23.805294]
[20.201809]
[31.847486]
[35.625107]
[27.947021]
[36.0818]
[36.374866]
[20.51882]
[15.703649]
[29.3236]
[33.028328]
[31.486956]
[30.01897]
[28.084856]
[23.446657]
[19.065384]
[23.887352]
[26.924286]
[21.20536]
[21.935007]
[43.04556]
[23.692707]
[18.995394]
[29.562279]
[33.149345]
[31.192266]
[29.931725]
[28.525824]
[16.702759]
[12.375774]
[24.968502]
[25.506401]
[28.396046]
[28.95718]
[26.936428]
[15.602572]
[11.177188]
[10.521571]
[9.128043]
[8.842569]
[9.114325]
[9.263382]
[9.109332]
[8.960114]
[8.822061]
[8.871935]
[8.834268]
[8.805718]
[8.686528]
[8.625372]
[8.6047945]
[8.612441]
[8.4908695]
[8.490424]
[8.443167]
[8.41768]
[8.41768]
[8.41768]
[8.41768]
[8.271471]
[10.660249]
[16.45778]
[16.365192]
[18.418917]
[13.280985]
[14.028503]
[14.934645]
[19.954819]
[18.245415]
[16.163326]
[12.7385435]
[9.292858]
[12.500749]
[13.069191]
[11.756683]
[12.034363]
[12.580292]
[14.239507]
[14.472588]
[13.057842]
[14.213933]
[22.289913]
[15.833611]
[14.6982975]
[10.763234]
[14.470382]
[14.991518]
[14.649191]
[8.737036]
[7.8453965]
[7.8597584]
[8.728907]
[12.333469]
[12.406481]
[12.502061]
[9.543173]
[7.9440503]
[7.7997546]
[7.8200436]
[7.818834]
[7.7744155]
[9.351054]
[8.036315]
[7.7604775]
[7.806946]
[7.766069]
[7.7285013]
[7.6045723]
[7.8847513]
[8.024173]
[7.9103475]
[7.860571]
[7.7757463]
[7.7160106]
[7.7277064]
[7.801825]
[7.9532723]
[7.971406]
[7.821347]
[7.8354816]
[7.761026]
[7.7150283]
[7.7379017]
[7.732444]
[7.772759]
[10.162431]
[10.543359]
[15.794334]
[11.505534]
[10.676687]
[12.084228]
[11.783591]
[10.805173]
[14.199728]
[13.501863]
[11.5535755]
[13.384049]
[13.884592]
[11.676449]
[11.300971]
[14.017136]
[14.703059]
[14.66645]
[14.658497]
[20.068613]
[14.168992]
[11.817633]
[15.643165]
[19.636559]
[23.559315]
[17.54933]
[14.912091]
[14.095637]
[12.65343]
[12.728626]
[13.766831]
[13.881321]
[14.816593]
[14.976218]
[14.010337]
[13.9591675]
[15.091315]
[14.599972]
[14.23666]
[15.247649]
[15.432944]
[14.231523]
[13.458404]
[14.715724]
[14.90746]
[14.848373]
[14.8349495]
[14.359991]
[13.709347]
[13.309452]
[13.573218]
[14.968662]
[15.179197]
[13.353975]
[14.309903]
[14.36903]
[14.415919]
[15.097948]
[15.055092]
[14.215745]
[16.050611]
[15.487907]
[15.507487]
[15.397487]
[15.249279]
[15.154919]
[15.04045]
[15.1788225]
[15.031841]
[17.104786]
[19.856197]
[18.951683]
[15.644748]
[15.302144]
[15.528929]
[15.766261]
[15.856792]
[15.461012]
[15.332819]
[15.305411]
[15.371839]
[15.401924]
[15.382822]
[15.372557]
[15.135898]
[14.987838]
[14.887941]
[14.89784]
[14.975007]
[15.143623]
[15.111247]
[15.063734]
[14.914632]
[14.854154]
[14.890637]
[14.977858]
[14.82618]
[14.679763]
[14.580647]
[14.562609]
[14.649288]
[14.495961]
[14.52333]
[14.6489525]
[14.658646]
[14.45223]
[14.3337145]
[14.353937]
[14.065114]
[14.084269]
[14.203614]
[14.232062]
[14.117003]
[14.009036]
[13.944591]
[13.86505]
[14.003304]
[13.995503]
[13.8034725]
[13.666481]
[13.59189]
[13.879444]
[14.160261]
[14.096195]
[13.532647]
[40.60835]
[45.836796]
[34.981873]
[13.228695]
[11.813148]
[13.652636]
[14.97995]
[15.805318]
[15.956568]
[15.912555]
[15.928764]
[15.770668]
[15.81537]
[15.738572]
[15.598385]
[15.620689]
[15.6733885]
[16.33705]
[15.662784]
[15.550446]
[15.501913]
[15.538403]
[15.009714]
[15.472076]
[13.70823]
[13.342526]
[13.09924]
[13.188143]
[13.192539]
[14.452332]
[13.514611]
[13.308905]
[13.174369]
[13.096135]
[13.029221]
[12.930505]
[12.965783]
[13.045654]
[13.177184]
[13.089976]
[13.102784]
[13.140488]
[13.155974]
[13.000421]
[12.771316]
[12.859141]
[13.64339]
[14.236525]
[13.890375]
[14.320567]
[13.523008]
[13.782435]
[13.794409]
[13.787342]
[13.393273]
[11.840826]
[12.224721]
[12.058319]
[11.900993]
[12.017245]
[11.941172]
[11.975002]
[11.888166]
[11.95189]
[11.858198]
[11.817044]
[11.897622]
[11.767461]
[11.883469]
[11.819477]
[11.849535]
[11.838776]
[11.85503]
[11.811457]
[11.794243]
[11.73924]
[11.745029]
[11.683333]
[11.679846]
[11.68408]
[11.74332]
[11.686036]
[11.620587]
[11.710509]
[11.611945]
[11.2175865]
[11.162368]
[11.061099]
[10.83934]
[10.697841]
[10.760184]
[10.868284]
[10.869831]
[10.84214]
[10.630523]
[10.588624]
[10.5344515]
[11.507796]
[11.633317]
[11.436873]
[11.279075]
[11.134145]
[11.0403595]
[10.988976]
[10.908419]
[10.989152]
[10.918849]
[10.862643]
[10.9205065]
[10.794304]
[10.681719]
[10.87649]
[11.077]
[10.925946]
[11.0872965]
[11.076672]
[10.638531]
[10.452062]
[10.294167]
[10.267836]
[10.177344]
[10.216884]
[10.288444]
[10.26728]
[10.166601]
[10.220837]
[10.202246]
[10.177364]
[10.186875]
[10.221786]
[10.145224]
[10.183732]
[10.186361]
[10.197163]
[10.1636]
[10.075215]
[10.239734]
[10.18988]
[10.105267]
[10.153327]
[10.224812]
[10.145381]
[10.171702]
[10.097562]
[10.1767235]
[10.237027]
[8.832097]
[8.652769]
[8.54726]
[8.006374]
[8.011688]
[7.906656]
[7.9761853]
[7.9716296]
[7.8822846]
[7.971261]
[7.9778123]
[7.945978]
[7.927837]
[7.936595]
[8.007049]
[7.9807677]
[7.8970194]
[8.059067]
[7.991587]
[7.89443]
[8.013066]
[8.016593]
[7.9950094]
[7.991597]
[8.006676]
[8.005582]
[8.004737]
[8.003033]
[8.014297]
[8.090664]
[8.004148]
[8.085484]
[8.429278]
[8.391713]
[12.091327]
[8.721291]
[9.983832]
[10.230821]
[8.49285]
[8.259226]
[8.231328]
[8.1916685]
[8.502721]
[8.196173]
[8.440636]
[8.155404]
[8.381069]
[8.10167]
[10.365329]
[8.614636]
[8.244434]
[8.208311]
[8.172856]
[8.137386]
[8.101914]
[7.826886]
[8.027383]
[7.879181]
[10.149689]
[8.065504]
[7.7226906]
[7.874588]
[7.6648483]
[7.64992]
[7.784]
[7.597439]
[7.7259345]
[7.6763515]
[7.5390635]
[7.635238]
[7.5016475]
[7.454214]
[7.432747]
[7.510642]
[7.397159]
[7.4588847]
[7.34493]
[7.3531265]
[7.336143]
[7.340092]
[7.212172]
[7.271574]
[7.265847]
[7.188188]
[7.1991568]
[7.173971]
[7.1248813]
[7.1684704]
[7.0777154]
[7.097608]
[10.39309]
[10.252566]
[10.67841]
[10.313251]
[10.672801]
[10.764056]
[10.72383]
[10.703942]
[11.339647]
[10.788646]
[11.318696]
[10.767297]
[11.297984]
[10.746347]
[11.283929]
[11.347905]
[10.755527]
[10.684773]
[10.6730995]
[10.673696]
[10.686124]
[10.659935]
[10.634656]
[10.993366]
[10.705585]
[11.223422]
[10.976518]
[10.684794]
[11.435927]
[11.49228]
[11.449509]
[13.072524]
[13.236866]
[13.15484]
[13.562346]
[13.065829]
[13.391345]
[13.867133]
[13.844919]
[16.47176]
[18.060287]
[16.407469]
[13.255799]
[13.198804]
[13.178273]
[13.551133]
[16.558134]
[13.858908]
[13.283691]
[13.183634]
[13.53952]
[12.591707]
[12.359751]
[12.33281]
[12.348915]
[12.330096]
[12.461409]
[12.17883]
[12.008828]
[12.164515]
[12.206794]
[13.451791]
[14.203202]
[14.585971]
[14.934608]
[14.604446]
[14.816598]
[14.547063]
[14.620033]
[14.91108]
[13.334961]
[33.181362]
[18.643867]
[18.172022]
[15.348979]
[13.211665]
[15.723686]
[16.056126]
[16.087582]
[16.030176]
[15.909771]
[15.811765]
[15.731364]
[15.630312]
[15.554869]
[15.327047]
[14.130033]
[15.050851]
[15.469292]
[15.984118]
[15.442685]
[15.506478]
[15.201114]
[15.341507]
[15.769346]
[15.098298]
[15.076678]
[16.738962]
[15.229794]
[16.344524]
[16.589626]
[16.216684]
[15.880847]
[15.761087]
[16.817436]
[16.838028]
[17.569214]
[17.781464]
[17.882915]
[17.37367]
[17.644281]
[17.588919]
[17.428484]
[17.325811]
[17.481524]
[17.163624]
[18.31427]
[17.916828]
[17.523792]
[17.187525]
[16.996443]
[17.031727]
[16.694946]
[17.003138]
[17.112309]
[17.498596]
[18.082289]
[17.366047]
[17.179379]
[17.08998]
[16.963688]
[17.124844]
[17.181652]
[17.835787]
[23.162645]
[24.742887]
[18.667204]
[26.50389]
[27.167494]
[22.07084]
[22.792677]
[21.456064]
[6.320838]
[17.809254]
[19.67512]
[19.36321]
[22.964558]
[42.07969]
[48.42825]
[53.37289]
[57.37413]
[45.585754]
[37.879967]
[54.844322]
[64.86875]
[64.90763]
[65.1544]
[55.562984]
[71.71591]
[84.85618]
[94.14449]
[124.80956]
[108.851265]
[113.94143]
[101.64044]
[99.460045]
[97.8127]
[99.3409]
[96.57921]
[94.70869]
[91.969986]
[89.89025]
[70.596794]
[72.14914]
[90.99174]
[90.90599]
[90.673195]
[92.29406]
[79.5434]
[84.29614]
[111.60084]
[120.690544]
[131.53566]
[132.01877]
[128.70688]
[128.57875]
[129.68831]
[127.85403]
[101.88215]
[100.36986]
[98.36113]
[97.27273]
[96.14208]
[64.68666]
[54.1631]
[66.03566]
[61.2566]
[58.028587]
[45.78656]
[25.393703]
[22.44029]
[22.780437]
[35.824665]
[52.439648]
[47.065414]
[49.46752]
[40.308643]
[22.38416]
[18.502869]
[32.662407]
[21.641796]
[19.31422]
[18.68404]
[16.3619]
[15.735695]
[15.876072]
[18.35507]
[18.371687]
[17.344667]
[16.32583]
[17.261534]
[15.308163]
[14.909373]
[16.145582]
[15.984635]
[15.297051]
[15.891376]
[16.027708]
[16.308104]
[16.691929]
[18.938292]
[19.636093]
[16.145655]
[15.725171]
[16.370651]
[16.697163]
[16.546513]
[15.907254]
[16.083067]
[16.072626]
[15.360974]
[15.861024]
[14.263394]
[13.119683]
[14.341835]
[15.337704]
[17.59776]
[17.844345]
[21.058584]
[16.727558]
[16.275953]
[16.53588]
[14.866333]
[13.34001]
[14.877177]
[22.745926]
[14.386444]
[12.5158615]
[13.876217]
[14.02529]
[18.366234]
[18.055529]
[16.52117]
[13.742875]
[14.364566]
[29.32264]
[35.36777]
[34.02596]
[32.534252]
[25.632317]
[16.689222]
[13.089874]
[12.723986]
[10.499246]
[9.869977]
[9.584232]
[9.352044]
[8.809956]
[8.977346]
[9.020502]
[9.196275]
[8.819937]
[8.903087]
[8.848779]
[8.682473]
[8.725575][10.25]
[9.45]
[13.02]
[10.69]
[5.31]
[5.25]
[5.26]
[5.31]
[5.31]
[5.3]
[5.29]
[5.3]
[9.25]
[9.31]
[9.28]
[9.29]
[9.27]
[9.26]
[9.25]
[9.26]
[9.26]
[9.27]
[9.25]
[9.25]
[9.32]
[9.28]
[9.26]
[9.22]
[9.21]
[9.23]
[9.23]
[9.06]
[9.24]
[9.25]
[9.24]
[9.29]
[9.55]
[9.28]
[9.27]
[9.27]
[9.25]
[9.24]
[9.28]
[12.21]
[12.29]
[12.32]
[12.27]
[12.3]
[12.29]
[12.25]
[12.25]
[12.25]
[12.29]
[12.3]
[12.3]
[12.31]
[12.36]
[12.34]
[12.35]
[12.36]
[12.37]
[12.39]
[12.39]
[12.4]
[12.36]
[12.39]
[12.4]
[12.41]
[12.52]
[12.25]
[12.25]
[12.03]
[12.31]
[26.75]
[15.2]
[15.05]
[15.12]
[15.03]
[15.09]
[15.17]
[15.22]
[15.41]
[15.4]
[15.43]
[15.24]
[15.14]
[15.08]
[15.29]
[15.3]
[15.23]
[15.22]
[15.17]
[15.21]
[15.24]
[15.21]
[15.26]
[15.09]
[15.03]
[14.94]
[15.09]
[15.28]
[15.3]
[15.52]
[15.38]
[15.46]
[15.26]
[15.55]
[15.54]
[15.27]
[22.36]
[17.87]
[15.85]
[42.75]
[82.22]
[94.05]
[93.25]
[90.97]
[55.68]
[49.63]
[58.09]
[56.67]
[54.59]
[53.59]
[58.05]
[53.08]
[41.74]
[57.88]
[58.89]
[56.17]
[56.45]
[59.98]
[24.57]
[23.68]
[48.95]
[58.59]
[52.66]
[61.65]
[55.39]
[15.63]
[15.57]
[49.45]
[48.02]
[57.5]
[95.04]
[91.35]
[127.12]
[159.08]
[215.85]
[192.9]
[144.63]
[136.75]
[131.02]
[99.64]
[86.83]
[129.19]
[131.03]
[129.73]
[130.49]
[130.52]
[92.3]
[87.76]
[90.33]
[91.84]
[90.24]
[92.4]
[96.82]
[52.74]
[45.22]
[55.96]
[60.38]
[51.61]
[55.5]
[62.81]
[54.04]
[56.12]
[53.08]
[60.33]
[38.11]
[64.66]
[62.07]
[50.21]
[45.53]
[67.12]
[58.52]
[53.52]
[50.52]
[53.77]
[41.06]
[38.17]
[35.45]
[50.08]
[57.71]
[43.73]
[61.41]
[54.5]
[42.43]
[96.98]
[93.31]
[95.73]
[93.08]
[91.61]
[94.94]
[85.74]
[88.4]
[98.74]
[90.94]
[95.37]
[98.5]
[45.13]
[47.61]
[67.66]
[39.1]
[71.69]
[37.29]
[69.59]
[19.53]
[12.7]
[49.99]
[27.12]
[31.05]
[19.21]
[28.46]
[14.31]
[9.94]
[17.83]
[28.86]
[44.83]
[46.46]
[52.06]
[24.01]
[9.42]
[50.97]
[57.23]
[44.2]
[37.8]
[12.15]
[9.41]
[10.47]
[20.43]
[33.31]
[48.25]
[44.01]
[55.45]
[12.7]
[10.36]
[51.64]
[50.92]
[50.38]
[49.93]
[49.1]
[13.79]
[10.13]
[29.22]
[34.2]
[23.2]
[39.35]
[38.77]
[14.08]
[10.2]
[32.49]
[35.58]
[33.86]
[32.24]
[29.9]
[23.23]
[16.87]
[24.9]
[28.37]
[17.49]
[16.74]
[47.53]
[16.06]
[15.03]
[32.65]
[36.66]
[33.79]
[32.62]
[31.6]
[12.79]
[8.68]
[29.3]
[28.48]
[33.01]
[32.79]
[29.71]
[12.11]
[7.79]
[7.39]
[5.3]
[5.33]
[5.36]
[5.41]
[5.44]
[5.46]
[5.48]
[5.51]
[5.52]
[5.54]
[5.55]
[5.56]
[5.57]
[5.58]
[5.41]
[5.59]
[5.59]
[5.59]
[5.59]
[5.59]
[5.59]
[5.52]
[9.82]
[15.53]
[16.95]
[20.82]
[11.7]
[14.18]
[15.4]
[23.39]
[19.41]
[16.47]
[11.42]
[6.71]
[12.54]
[12.67]
[10.63]
[11.37]
[12.05]
[14.44]
[14.47]
[12.32]
[14.46]
[13.82]
[14.57]
[14.58]
[8.47]
[14.78]
[14.81]
[14.47]
[5.31]
[5.31]
[5.29]
[6.65]
[12.03]
[10.97]
[11.68]
[7.09]
[5.32]
[5.32]
[5.33]
[5.32]
[5.32]
[7.66]
[5.32]
[5.32]
[5.32]
[5.29]
[5.21]
[5.09]
[5.1]
[5.1]
[5.1]
[5.11]
[5.11]
[5.1]
[5.12]
[5.22]
[5.48]
[5.49]
[5.27]
[5.12]
[5.13]
[5.12]
[5.12]
[5.11]
[5.16]
[8.76]
[8.76]
[8.94]
[8.95]
[8.95]
[10.8]
[10.34]
[8.93]
[12.82]
[12.41]
[9.78]
[12.71]
[13.05]
[9.78]
[9.61]
[13.47]
[13.71]
[13.82]
[13.8]
[20.11]
[12.1]
[10.21]
[15.44]
[19.36]
[24.22]
[16.35]
[13.82]
[12.91]
[11.05]
[11.21]
[12.63]
[12.73]
[13.93]
[14.]
[12.75]
[12.72]
[14.06]
[13.64]
[13.18]
[14.13]
[14.47]
[12.97]
[12.08]
[13.53]
[13.92]
[14.]
[14.03]
[13.47]
[12.53]
[12.61]
[12.89]
[13.87]
[13.64]
[12.29]
[13.75]
[12.77]
[12.77]
[13.97]
[13.97]
[12.95]
[15.58]
[14.78]
[14.97]
[14.82]
[14.67]
[14.69]
[14.7]
[14.81]
[14.7]
[17.5]
[18.04]
[19.37]
[14.58]
[14.62]
[14.69]
[14.75]
[14.6]
[14.39]
[14.42]
[14.49]
[14.55]
[14.59]
[14.62]
[14.6]
[14.31]
[14.23]
[14.12]
[14.15]
[14.3]
[14.52]
[14.49]
[14.43]
[14.23]
[14.17]
[14.28]
[14.37]
[14.29]
[14.2]
[14.09]
[14.11]
[14.23]
[14.04]
[14.13]
[14.15]
[14.07]
[14.02]
[13.88]
[13.88]
[13.78]
[13.82]
[13.92]
[14.08]
[13.97]
[13.86]
[13.82]
[13.83]
[13.99]
[14.01]
[13.84]
[13.78]
[13.71]
[13.96]
[14.1]
[13.99]
[13.72]
[16.98]
[13.92]
[13.67]
[13.53]
[13.42]
[13.41]
[13.36]
[14.17]
[14.52]
[14.48]
[14.44]
[14.41]
[14.38]
[14.37]
[14.35]
[14.34]
[14.31]
[15.25]
[14.32]
[14.31]
[14.29]
[14.29]
[14.58]
[14.56]
[12.15]
[11.95]
[11.88]
[11.87]
[11.82]
[13.39]
[11.95]
[11.94]
[11.89]
[11.86]
[11.86]
[11.84]
[11.83]
[11.81]
[11.86]
[11.86]
[11.8]
[11.8]
[11.79]
[11.78]
[11.77]
[11.96]
[11.94]
[11.9]
[11.85]
[11.35]
[11.83]
[11.8]
[12.]
[12.06]
[12.03]
[9.66]
[9.6]
[9.59]
[9.63]
[9.74]
[9.73]
[9.68]
[9.68]
[9.7]
[9.68]
[9.68]
[9.67]
[9.67]
[9.73]
[9.77]
[9.75]
[9.77]
[9.77]
[9.77]
[9.74]
[9.74]
[9.73]
[9.72]
[9.75]
[9.75]
[9.79]
[9.77]
[9.77]
[9.78]
[9.77]
[9.09]
[9.09]
[8.91]
[8.69]
[8.69]
[8.66]
[8.69]
[8.7]
[8.7]
[8.66]
[8.67]
[8.77]
[8.78]
[8.78]
[8.77]
[8.78]
[8.77]
[8.74]
[8.74]
[8.77]
[8.77]
[8.77]
[8.76]
[8.77]
[8.76]
[8.77]
[8.77]
[8.76]
[8.76]
[8.77]
[8.71]
[8.26]
[8.23]
[8.06]
[8.02]
[8.01]
[8.04]
[8.06]
[8.04]
[8.05]
[8.06]
[8.05]
[8.05]
[8.07]
[8.07]
[8.06]
[8.04]
[8.08]
[8.07]
[8.07]
[8.03]
[8.1]
[8.09]
[8.1]
[8.11]
[8.1]
[8.11]
[8.12]
[8.11]
[8.11]
[8.13]
[6.13]
[6.11]
[5.91]
[5.29]
[5.35]
[5.29]
[5.31]
[5.3]
[5.3]
[5.3]
[5.31]
[5.3]
[5.27]
[5.29]
[5.29]
[5.29]
[5.3]
[5.3]
[5.34]
[5.31]
[5.31]
[5.32]
[5.32]
[5.31]
[5.33]
[5.32]
[5.32]
[5.31]
[5.33]
[5.32]
[5.34]
[5.34]
[5.89]
[5.74]
[5.51]
[5.5]
[7.49]
[7.16]
[5.55]
[5.56]
[5.48]
[5.43]
[5.41]
[5.42]
[5.48]
[5.44]
[5.44]
[5.44]
[7.99]
[5.37]
[5.4]
[5.41]
[5.38]
[5.38]
[5.39]
[5.38]
[5.38]
[5.43]
[5.4]
[5.41]
[5.42]
[5.41]
[5.41]
[5.41]
[5.41]
[5.42]
[5.44]
[5.44]
[5.45]
[5.47]
[5.47]
[5.4]
[5.42]
[5.44]
[5.46]
[5.47]
[5.46]
[5.46]
[5.47]
[5.47]
[5.42]
[5.48]
[5.49]
[5.48]
[5.46]
[5.46]
[5.5]
[5.51]
[5.48]
[5.46]
[9.04]
[9.13]
[9.13]
[9.16]
[9.17]
[9.17]
[9.19]
[9.21]
[9.24]
[9.24]
[9.22]
[9.2]
[9.27]
[9.28]
[9.28]
[9.29]
[9.32]
[9.33]
[9.33]
[9.34]
[9.36]
[9.37]
[9.38]
[9.41]
[9.41]
[9.41]
[9.41]
[9.42]
[9.83]
[9.49]
[9.52]
[12.18]
[12.29]
[12.29]
[12.33]
[12.37]
[12.42]
[12.45]
[12.39]
[15.27]
[16.55]
[14.11]
[12.06]
[12.15]
[12.22]
[12.2]
[14.89]
[12.24]
[12.29]
[12.3]
[12.82]
[12.19]
[12.16]
[12.29]
[12.32]
[12.3]
[12.41]
[12.47]
[12.46]
[12.66]
[12.65]
[14.68]
[15.59]
[15.66]
[15.62]
[15.61]
[15.62]
[15.55]
[15.55]
[15.53]
[15.48]
[15.58]
[15.63]
[15.67]
[15.73]
[15.76]
[15.69]
[15.74]
[15.74]
[15.7]
[15.75]
[15.81]
[15.74]
[15.69]
[15.67]
[15.67]
[15.69]
[15.71]
[15.78]
[15.82]
[15.85]
[15.84]
[15.82]
[15.81]
[15.68]
[15.65]
[15.45]
[15.76]
[15.72]
[15.72]
[15.72]
[15.86]
[15.62]
[15.55]
[15.84]
[15.47]
[15.85]
[15.91]
[15.89]
[15.6]
[15.96]
[15.99]
[15.84]
[15.77]
[15.99]
[15.57]
[15.56]
[15.78]
[15.69]
[15.67]
[15.63]
[15.75]
[15.5]
[15.92]
[15.96]
[15.99]
[16.2]
[15.99]
[15.99]
[15.96]
[15.93]
[15.94]
[15.96]
[15.89]
[15.75]
[15.57]
[14.85]
[16.98]
[17.18]
[17.15]
[16.64]
[16.94]
[16.89]
[16.85]
[16.85]
[16.82]
[22.09]
[48.14]
[54.09]
[52.25]
[50.82]
[26.21]
[24.32]
[46.38]
[54.6]
[55.32]
[58.59]
[42.22]
[59.61]
[52.27]
[91.07]
[134.99]
[99.13]
[93.08]
[89.49]
[90.15]
[90.7]
[92.91]
[90.54]
[92.41]
[91.17]
[89.85]
[54.37]
[55.31]
[91.98]
[89.63]
[92.51]
[92.65]
[53.92]
[58.15]
[118.86]
[121.02]
[128.01]
[129.11]
[130.04]
[130.07]
[129.96]
[130.52]
[93.73]
[94.19]
[93.43]
[94.32]
[94.03]
[49.04]
[42.92]
[63.69]
[56.03]
[54.7]
[38.34]
[11.79]
[11.72]
[12.96]
[33.11]
[57.23]
[47.44]
[52.93]
[38.46]
[13.38]
[10.84]
[32.12]
[12.86]
[13.04]
[11.96]
[9.06]
[9.09]
[9.87]
[13.99]
[13.87]
[12.77]
[11.54]
[13.62]
[10.08]
[9.89]
[11.66]
[11.41]
[10.97]
[12.27]
[12.58]
[13.52]
[14.11]
[18.19]
[19.12]
[13.6]
[13.55]
[13.48]
[13.43]
[13.64]
[13.07]
[13.76]
[13.75]
[12.85]
[13.71]
[11.22]
[9.92]
[11.7]
[12.05]
[15.5]
[15.5]
[20.41]
[11.86]
[11.21]
[12.16]
[10.03]
[8.58]
[11.93]
[24.96]
[9.81]
[9.12]
[11.89]
[11.97]
[19.72]
[18.14]
[16.04]
[11.71]
[13.74]
[39.18]
[46.43]
[42.22]
[40.7]
[29.17]
[11.6]
[7.7]
[7.77]
[5.18]
[5.21]
[5.24]
[5.27]
[5.28]
[5.29]
[5.31]
[5.33]
[5.34]
[5.35]
[5.36]
[5.37]
[5.38]
[5.39]