0.8913874641003252, 0.8972968538664984, 5.636540403551096, 200.61450179064903[10.827184]
[7.9678392]
[6.775786]
[8.940672]
[7.84466]
[4.1559453]
[3.519998]
[3.5983691]
[3.666891]
[3.6167595]
[3.6489203]
[3.5929465]
[3.594959]
[6.129912]
[6.629729]
[6.62943]
[6.582968]
[6.1746764]
[6.5791492]
[8.043174]
[8.396942]
[7.3269267]
[7.0771427]
[6.9573455]
[6.9322925]
[6.9144273]
[6.9106073]
[6.9242125]
[6.8670607]
[6.8201365]
[6.789617]
[6.7233243]
[6.776188]
[7.0003934]
[6.9070926]
[6.917243]
[7.018215]
[6.9174404]
[10.7018385]
[7.8897266]
[6.8409452]
[7.1340322]
[7.629275]
[7.7342505]
[9.436193]
[9.653193]
[9.551746]
[9.527233]
[9.439613]
[9.49903]
[9.892666]
[9.962101]
[9.719245]
[9.644542]
[9.667117]
[9.551237]
[9.56821]
[9.641428]
[9.61879]
[9.575849]
[9.600528]
[9.647414]
[9.619939]
[9.603849]
[9.650255]
[9.461048]
[9.682098]
[10.168837]
[9.99409]
[9.954209]
[12.798731]
[7.367739]
[9.060795]
[9.734614]
[39.29234]
[17.015188]
[11.9065695]
[12.048892]
[11.970053]
[11.997824]
[12.105142]
[12.311787]
[12.392723]
[12.366545]
[12.52138]
[12.327509]
[12.152231]
[12.251023]
[12.603639]
[12.512448]
[12.372996]
[12.153463]
[12.546985]
[12.881339]
[12.542789]
[12.544325]
[12.734002]
[12.574349]
[12.546974]
[12.037561]
[12.220464]
[12.662349]
[12.622893]
[13.037631]
[13.1479435]
[13.626496]
[16.130554]
[17.596443]
[17.35143]
[25.223589]
[34.59671]
[13.791759]
[57.54098]
[43.408936]
[69.85106]
[89.930374]
[128.62346]
[88.05663]
[67.58737]
[56.580063]
[60.52736]
[58.117043]
[54.63399]
[51.423107]
[53.596962]
[49.745747]
[40.47956]
[50.339657]
[52.550495]
[49.85637]
[51.527966]
[53.32695]
[29.60714]
[24.640743]
[41.517433]
[49.819656]
[46.19611]
[50.09658]
[46.261333]
[20.801683]
[18.440735]
[42.103424]
[49.280483]
[57.07506]
[94.12564]
[139.77728]
[162.42319]
[170.78978]
[202.23732]
[164.98218]
[138.34135]
[133.27986]
[124.808395]
[103.38423]
[87.79918]
[111.92472]
[116.86937]
[117.89922]
[119.09358]
[124.429344]
[101.18338]
[93.79177]
[92.33348]
[92.877655]
[89.684525]
[89.68627]
[93.10459]
[65.27873]
[55.407993]
[63.862587]
[68.56205]
[63.2663]
[63.57058]
[67.323006]
[59.51197]
[57.42637]
[54.21035]
[57.143982]
[41.93067]
[56.253998]
[57.190758]
[49.80681]
[45.54422]
[57.886276]
[53.292934]
[47.74806]
[44.546963]
[46.510555]
[41.01061]
[39.185513]
[40.711887]
[52.816994]
[62.77164]
[54.990826]
[61.813618]
[57.46418]
[49.65665]
[88.998055]
[92.7908]
[91.92413]
[86.64394]
[83.33871]
[84.5856]
[81.41303]
[83.533966]
[92.25475]
[89.809166]
[94.16215]
[97.9714]
[62.190277]
[56.29908]
[72.54051]
[52.452812]
[70.548004]
[47.793964]
[64.2203]
[32.767788]
[20.531475]
[45.257755]
[33.40857]
[31.969345]
[24.044249]
[28.04843]
[19.550371]
[14.386771]
[18.809042]
[26.033714]
[36.671673]
[38.705128]
[43.4882]
[27.845371]
[15.431854]
[41.971283]
[49.512405]
[41.74215]
[37.289288]
[19.839678]
[16.095743]
[16.43942]
[22.532963]
[30.290262]
[39.59898]
[38.243576]
[43.71858]
[18.997746]
[13.013048]
[38.20507]
[41.446106]
[41.513435]
[40.10695]
[39.027203]
[18.979322]
[13.104877]
[26.142708]
[31.064438]
[23.177254]
[31.076216]
[31.887758]
[15.989558]
[10.734269]
[24.018974]
[28.423805]
[26.714184]
[25.501827]
[23.325655]
[18.85725]
[14.308046]
[18.810623]
[22.098585]
[16.441183]
[16.064053]
[37.23004]
[19.649946]
[14.426025]
[24.45081]
[28.693253]
[26.59605]
[25.46249]
[23.86752]
[12.430671]
[7.4553475]
[19.918715]
[21.036928]
[24.036379]
[24.34801]
[22.55018]
[11.248985]
[6.492465]
[5.889745]
[4.578298]
[4.272516]
[4.4530087]
[4.4871716]
[4.642939]
[4.486826]
[4.2642226]
[4.298145]
[4.2100825]
[4.271315]
[4.129931]
[4.0948915]
[4.011592]
[4.01886]
[3.9076223]
[3.9374223]
[3.9062939]
[3.8278923]
[3.8278923]
[3.8278923]
[3.8278923]
[3.7244804]
[6.088573]
[11.769749]
[11.773828]
[13.743616]
[8.741441]
[9.292934]
[10.357321]
[15.305962]
[13.790902]
[11.611821]
[8.232078]
[4.817029]
[7.8274336]
[8.618933]
[7.239454]
[7.478108]
[8.048978]
[9.655175]
[9.98029]
[8.639604]
[9.689134]
[17.85423]
[11.625851]
[10.27621]
[6.4926085]
[9.935264]
[10.734138]
[10.315188]
[4.527738]
[3.5584228]
[3.6215365]
[4.5115175]
[8.025133]
[8.1698]
[8.2634735]
[5.381684]
[3.7551813]
[3.6243553]
[3.6664975]
[3.7023792]
[3.646391]
[5.1259522]
[3.983557]
[3.614765]
[3.6807642]
[3.670603]
[3.6203222]
[3.2996368]
[3.4576294]
[3.9826186]
[3.860088]
[3.802035]
[3.7490034]
[3.6133392]
[3.6271152]
[3.7300558]
[3.8840513]
[3.871198]
[3.645234]
[3.7295039]
[3.7798638]
[3.6001432]
[3.6662838]
[3.6642454]
[3.7355113]
[6.024153]
[6.4544535]
[11.591789]
[7.5443134]
[6.635708]
[7.986416]
[7.8153877]
[6.765013]
[10.116599]
[9.592971]
[7.5951414]
[9.329518]
[9.98825]
[7.774487]
[7.298496]
[9.990922]
[10.805527]
[10.896778]
[10.830093]
[16.329058]
[10.612809]
[7.963784]
[11.618068]
[16.04175]
[20.528631]
[14.285075]
[11.381242]
[10.506004]
[9.080606]
[9.100986]
[10.202122]
[10.371647]
[11.277704]
[11.547696]
[10.586062]
[10.469582]
[11.6757345]
[11.323649]
[10.778888]
[11.831555]
[12.291523]
[10.983568]
[10.088818]
[11.361753]
[11.985479]
[11.92626]
[11.862963]
[11.442089]
[10.767123]
[10.525312]
[11.068593]
[11.98353]
[12.142398]
[10.735608]
[11.905389]
[11.370592]
[11.409237]
[12.034685]
[12.092401]
[11.217896]
[13.128508]
[12.705904]
[12.686123]
[12.623097]
[12.394446]
[12.277754]
[12.346988]
[12.465642]
[12.364279]
[14.226752]
[17.723394]
[16.927628]
[12.941782]
[12.658603]
[12.911833]
[13.383116]
[13.40162]
[12.868605]
[12.727723]
[12.719289]
[12.819735]
[12.8972845]
[12.899048]
[12.92745]
[12.716387]
[12.580772]
[12.50872]
[12.551889]
[12.662217]
[12.864607]
[12.873852]
[12.863433]
[12.754319]
[12.697557]
[12.784108]
[12.917632]
[12.857982]
[12.7871685]
[12.728766]
[12.760425]
[12.896157]
[12.79184]
[12.870563]
[12.942567]
[12.933704]
[12.895943]
[12.782548]
[12.81253]
[12.754809]
[12.569796]
[12.796237]
[12.847556]
[12.564208]
[12.402981]
[12.280442]
[12.209409]
[12.0491905]
[12.289652]
[12.472372]
[12.65898]
[12.737744]
[12.867768]
[13.586025]
[13.9945965]
[14.58563]
[11.702555]
[22.984976]
[61.23826]
[10.496984]
[10.038005]
[11.467399]
[12.684012]
[13.546021]
[13.879123]
[13.78243]
[13.751782]
[13.702719]
[13.677504]
[13.563458]
[13.460985]
[13.449775]
[13.402421]
[14.036464]
[13.392174]
[13.230007]
[13.176443]
[13.157832]
[12.629609]
[13.201697]
[11.528912]
[11.0604315]
[10.917732]
[10.974849]
[11.059525]
[12.213115]
[11.266826]
[10.910188]
[10.716897]
[10.574251]
[10.452325]
[10.416817]
[10.416103]
[10.3007765]
[10.20896]
[10.124632]
[10.016518]
[9.92557]
[9.83692]
[9.8000555]
[9.879921]
[10.364745]
[10.959336]
[11.332789]
[11.07949]
[11.057946]
[10.515334]
[10.139532]
[10.010783]
[9.923976]
[10.220488]
[8.8092785]
[8.066131]
[8.242676]
[7.9168534]
[8.055246]
[7.978887]
[8.00962]
[7.9630027]
[8.011]
[7.9613776]
[7.836268]
[7.9764767]
[7.858793]
[7.9299636]
[7.914953]
[7.8753295]
[7.923577]
[7.9285955]
[7.908703]
[7.8837504]
[7.85377]
[7.848299]
[7.813435]
[7.774498]
[7.7798615]
[7.863807]
[7.835357]
[7.715999]
[7.8060446]
[7.7220373]
[7.278728]
[7.2974935]
[7.2072697]
[7.0207915]
[6.7882247]
[6.798546]
[7.002846]
[7.049192]
[7.0335493]
[6.7385287]
[6.4539037]
[6.200063]
[6.8597317]
[7.7756495]
[7.536634]
[7.4035606]
[7.2223516]
[7.107424]
[7.0696373]
[6.94199]
[7.0191774]
[7.0327215]
[6.9066753]
[7.0164723]
[6.916209]
[6.5911317]
[6.690247]
[7.0837154]
[6.9117064]
[6.9883447]
[7.2004867]
[6.786798]
[6.5517583]
[6.353692]
[6.3573675]
[6.2595205]
[6.2403526]
[6.37486]
[6.4029875]
[6.2690716]
[6.293631]
[6.3355412]
[6.280573]
[6.2941966]
[6.3547883]
[6.2843876]
[6.294605]
[6.3561745]
[6.3562827]
[6.3499947]
[6.2196574]
[6.4011374]
[6.429858]
[6.2757683]
[6.3123407]
[6.439103]
[6.3740964]
[6.3557353]
[6.2904]
[6.3358707]
[6.46741]
[5.1193137]
[4.928097]
[4.869742]
[4.324047]
[4.2911267]
[4.202244]
[4.24585]
[4.2901373]
[4.155468]
[4.2515206]
[4.3072376]
[4.246886]
[4.2345424]
[4.2461014]
[4.333441]
[4.3250785]
[4.2002177]
[4.3795347]
[4.36207]
[4.18122]
[4.339379]
[4.3915977]
[4.3431115]
[4.345616]
[4.3652544]
[4.369743]
[4.3751183]
[4.3787117]
[4.3945975]
[4.4856434]
[4.4080973]
[4.460748]
[4.83697]
[4.7828355]
[8.416966]
[5.2549944]
[6.3324237]
[6.7110314]
[4.9773126]
[4.6968675]
[4.6958795]
[4.6643553]
[5.0297914]
[4.723358]
[5.00955]
[4.751861]
[5.022408]
[4.771425]
[7.0329704]
[5.497651]
[5.0925255]
[5.0963063]
[5.100397]
[5.104658]
[5.1088624]
[4.795681]
[5.0726786]
[4.6593227]
[7.0878687]
[5.3162947]
[4.8282113]
[5.064614]
[4.8562703]
[4.825378]
[4.990841]
[4.803225]
[4.9206233]
[4.898582]
[4.7348332]
[4.846949]
[4.7321005]
[4.6711054]
[4.679875]
[4.7682543]
[4.6471033]
[4.7026114]
[4.6069107]
[4.595362]
[4.6110296]
[4.6336737]
[4.4975896]
[4.5309863]
[4.574015]
[4.485088]
[4.4753947]
[4.501268]
[4.4355364]
[4.4718513]
[4.416883]
[4.330728]
[7.486878]
[7.440414]
[7.7891054]
[7.423232]
[7.779196]
[7.8753004]
[7.842397]
[7.826055]
[8.45552]
[7.9294863]
[8.441443]
[7.917459]
[8.42648]
[7.9046984]
[8.412622]
[8.513554]
[7.960434]
[7.9342837]
[7.9529934]
[7.983038]
[8.024857]
[8.0237255]
[8.007562]
[8.391366]
[8.140109]
[8.687041]
[8.480321]
[8.212968]
[8.989745]
[9.0811615]
[9.071101]
[10.842333]
[11.117426]
[11.088433]
[11.642695]
[11.126462]
[11.5769]
[12.220134]
[12.273121]
[15.100756]
[16.333754]
[14.508967]
[11.700922]
[11.782995]
[11.670745]
[11.938238]
[14.694337]
[11.829293]
[11.458362]
[11.308273]
[11.56173]
[10.633993]
[10.432492]
[10.463533]
[10.960156]
[11.298728]
[11.61509]
[11.259998]
[10.841685]
[10.964827]
[10.926088]
[12.140012]
[12.712465]
[12.929945]
[13.164637]
[12.803855]
[12.975362]
[12.707188]
[12.776652]
[13.141584]
[13.740626]
[13.532474]
[17.485071]
[15.000964]
[15.284096]
[11.935664]
[14.963212]
[15.724295]
[15.593761]
[15.219413]
[14.994248]
[14.688491]
[14.474171]
[14.358025]
[14.219301]
[14.660638]
[15.899532]
[14.624336]
[14.548705]
[14.882805]
[15.010956]
[14.934241]
[13.93178]
[13.21922]
[13.190912]
[13.102352]
[10.572548]
[14.1898]
[14.723394]
[14.925968]
[15.278764]
[15.323436]
[13.6879]
[14.388445]
[14.189726]
[14.588127]
[15.074336]
[15.139753]
[15.375438]
[15.1160345]
[15.40399]
[15.457117]
[15.302084]
[15.20151]
[15.402514]
[14.403285]
[14.490964]
[15.182229]
[15.17337]
[15.046016]
[14.91479]
[14.911963]
[14.63559]
[14.937927]
[15.031191]
[15.004354]
[15.46999]
[15.177635]
[14.99056]
[14.88253]
[14.848753]
[14.929961]
[14.95123]
[15.125365]
[18.963547]
[17.546457]
[16.156519]
[21.692398]
[21.63357]
[18.675919]
[18.182253]
[17.202326]
[2.527268]
[13.067276]
[15.210042]
[14.982548]
[18.593607]
[37.598545]
[45.424862]
[52.581455]
[54.01321]
[35.261925]
[31.885302]
[50.33967]
[59.500805]
[62.257996]
[62.268383]
[51.935604]
[61.091072]
[77.58015]
[84.9649]
[119.62037]
[104.20214]
[111.32616]
[94.80983]
[93.60981]
[95.45664]
[96.070145]
[93.028404]
[91.89619]
[88.80354]
[86.93158]
[64.73906]
[64.16437]
[86.51177]
[88.12898]
[87.93265]
[88.85185]
[67.56265]
[61.98455]
[108.74375]
[117.24165]
[126.04191]
[128.40247]
[126.054634]
[126.07937]
[127.02362]
[125.02658]
[99.98679]
[96.21499]
[94.48606]
[94.76221]
[93.136665]
[60.54705]
[47.819748]
[60.64607]
[56.40583]
[53.130478]
[40.96469]
[19.924501]
[16.35162]
[17.113314]
[30.44232]
[47.617638]
[42.896122]
[45.149162]
[35.910576]
[17.72038]
[13.05985]
[27.097904]
[16.983246]
[14.202507]
[13.633152]
[11.293805]
[10.877484]
[10.963785]
[13.400318]
[13.481594]
[12.503915]
[11.451193]
[12.325731]
[10.487893]
[9.873934]
[11.152685]
[11.058565]
[10.518532]
[11.049533]
[11.138679]
[11.484948]
[11.857357]
[13.98255]
[14.856572]
[11.3861065]
[10.836377]
[11.312125]
[11.571133]
[11.698357]
[11.170549]
[11.2343235]
[11.228527]
[10.530188]
[11.002708]
[9.436938]
[8.368438]
[9.411333]
[10.267869]
[12.514408]
[13.032481]
[16.047007]
[11.800315]
[10.994218]
[11.483904]
[10.242101]
[8.56295]
[10.065832]
[17.747913]
[9.901188]
[7.6172323]
[9.022372]
[9.314342]
[13.405322]
[13.336033]
[11.659987]
[9.00351]
[9.499204]
[24.016146]
[31.034643]
[29.6222]
[27.768053]
[21.359737]
[11.493464]
[7.302614]
[8.360443]
[5.838282]
[5.3990545]
[4.9837155]
[4.7610116]
[4.323122]
[4.371527]
[4.16214]
[4.5239296]
[4.19254]
[4.3378053]
[4.0649467]
[4.110567]
[4.067855][10.25]
[9.45]
[13.02]
[10.69]
[5.31]
[5.25]
[5.26]
[5.31]
[5.31]
[5.3]
[5.29]
[5.3]
[9.25]
[9.31]
[9.28]
[9.29]
[9.27]
[9.26]
[9.25]
[9.26]
[9.26]
[9.27]
[9.25]
[9.25]
[9.32]
[9.28]
[9.26]
[9.22]
[9.21]
[9.23]
[9.23]
[9.06]
[9.24]
[9.25]
[9.24]
[9.29]
[9.55]
[9.28]
[9.27]
[9.27]
[9.25]
[9.24]
[9.28]
[12.21]
[12.29]
[12.32]
[12.27]
[12.3]
[12.29]
[12.25]
[12.25]
[12.25]
[12.29]
[12.3]
[12.3]
[12.31]
[12.36]
[12.34]
[12.35]
[12.36]
[12.37]
[12.39]
[12.39]
[12.4]
[12.36]
[12.39]
[12.4]
[12.41]
[12.52]
[12.25]
[12.25]
[12.03]
[12.31]
[26.75]
[15.2]
[15.05]
[15.12]
[15.03]
[15.09]
[15.17]
[15.22]
[15.41]
[15.4]
[15.43]
[15.24]
[15.14]
[15.08]
[15.29]
[15.3]
[15.23]
[15.22]
[15.17]
[15.21]
[15.24]
[15.21]
[15.26]
[15.09]
[15.03]
[14.94]
[15.09]
[15.28]
[15.3]
[15.52]
[15.38]
[15.46]
[15.26]
[15.55]
[15.54]
[15.27]
[22.36]
[17.87]
[15.85]
[42.75]
[82.22]
[94.05]
[93.25]
[90.97]
[55.68]
[49.63]
[58.09]
[56.67]
[54.59]
[53.59]
[58.05]
[53.08]
[41.74]
[57.88]
[58.89]
[56.17]
[56.45]
[59.98]
[24.57]
[23.68]
[48.95]
[58.59]
[52.66]
[61.65]
[55.39]
[15.63]
[15.57]
[49.45]
[48.02]
[57.5]
[95.04]
[91.35]
[127.12]
[159.08]
[215.85]
[192.9]
[144.63]
[136.75]
[131.02]
[99.64]
[86.83]
[129.19]
[131.03]
[129.73]
[130.49]
[130.52]
[92.3]
[87.76]
[90.33]
[91.84]
[90.24]
[92.4]
[96.82]
[52.74]
[45.22]
[55.96]
[60.38]
[51.61]
[55.5]
[62.81]
[54.04]
[56.12]
[53.08]
[60.33]
[38.11]
[64.66]
[62.07]
[50.21]
[45.53]
[67.12]
[58.52]
[53.52]
[50.52]
[53.77]
[41.06]
[38.17]
[35.45]
[50.08]
[57.71]
[43.73]
[61.41]
[54.5]
[42.43]
[96.98]
[93.31]
[95.73]
[93.08]
[91.61]
[94.94]
[85.74]
[88.4]
[98.74]
[90.94]
[95.37]
[98.5]
[45.13]
[47.61]
[67.66]
[39.1]
[71.69]
[37.29]
[69.59]
[19.53]
[12.7]
[49.99]
[27.12]
[31.05]
[19.21]
[28.46]
[14.31]
[9.94]
[17.83]
[28.86]
[44.83]
[46.46]
[52.06]
[24.01]
[9.42]
[50.97]
[57.23]
[44.2]
[37.8]
[12.15]
[9.41]
[10.47]
[20.43]
[33.31]
[48.25]
[44.01]
[55.45]
[12.7]
[10.36]
[51.64]
[50.92]
[50.38]
[49.93]
[49.1]
[13.79]
[10.13]
[29.22]
[34.2]
[23.2]
[39.35]
[38.77]
[14.08]
[10.2]
[32.49]
[35.58]
[33.86]
[32.24]
[29.9]
[23.23]
[16.87]
[24.9]
[28.37]
[17.49]
[16.74]
[47.53]
[16.06]
[15.03]
[32.65]
[36.66]
[33.79]
[32.62]
[31.6]
[12.79]
[8.68]
[29.3]
[28.48]
[33.01]
[32.79]
[29.71]
[12.11]
[7.79]
[7.39]
[5.3]
[5.33]
[5.36]
[5.41]
[5.44]
[5.46]
[5.48]
[5.51]
[5.52]
[5.54]
[5.55]
[5.56]
[5.57]
[5.58]
[5.41]
[5.59]
[5.59]
[5.59]
[5.59]
[5.59]
[5.59]
[5.52]
[9.82]
[15.53]
[16.95]
[20.82]
[11.7]
[14.18]
[15.4]
[23.39]
[19.41]
[16.47]
[11.42]
[6.71]
[12.54]
[12.67]
[10.63]
[11.37]
[12.05]
[14.44]
[14.47]
[12.32]
[14.46]
[13.82]
[14.57]
[14.58]
[8.47]
[14.78]
[14.81]
[14.47]
[5.31]
[5.31]
[5.29]
[6.65]
[12.03]
[10.97]
[11.68]
[7.09]
[5.32]
[5.32]
[5.33]
[5.32]
[5.32]
[7.66]
[5.32]
[5.32]
[5.32]
[5.29]
[5.21]
[5.09]
[5.1]
[5.1]
[5.1]
[5.11]
[5.11]
[5.1]
[5.12]
[5.22]
[5.48]
[5.49]
[5.27]
[5.12]
[5.13]
[5.12]
[5.12]
[5.11]
[5.16]
[8.76]
[8.76]
[8.94]
[8.95]
[8.95]
[10.8]
[10.34]
[8.93]
[12.82]
[12.41]
[9.78]
[12.71]
[13.05]
[9.78]
[9.61]
[13.47]
[13.71]
[13.82]
[13.8]
[20.11]
[12.1]
[10.21]
[15.44]
[19.36]
[24.22]
[16.35]
[13.82]
[12.91]
[11.05]
[11.21]
[12.63]
[12.73]
[13.93]
[14.]
[12.75]
[12.72]
[14.06]
[13.64]
[13.18]
[14.13]
[14.47]
[12.97]
[12.08]
[13.53]
[13.92]
[14.]
[14.03]
[13.47]
[12.53]
[12.61]
[12.89]
[13.87]
[13.64]
[12.29]
[13.75]
[12.77]
[12.77]
[13.97]
[13.97]
[12.95]
[15.58]
[14.78]
[14.97]
[14.82]
[14.67]
[14.69]
[14.7]
[14.81]
[14.7]
[17.5]
[18.04]
[19.37]
[14.58]
[14.62]
[14.69]
[14.75]
[14.6]
[14.39]
[14.42]
[14.49]
[14.55]
[14.59]
[14.62]
[14.6]
[14.31]
[14.23]
[14.12]
[14.15]
[14.3]
[14.52]
[14.49]
[14.43]
[14.23]
[14.17]
[14.28]
[14.37]
[14.29]
[14.2]
[14.09]
[14.11]
[14.23]
[14.04]
[14.13]
[14.15]
[14.07]
[14.02]
[13.88]
[13.88]
[13.78]
[13.82]
[13.92]
[14.08]
[13.97]
[13.86]
[13.82]
[13.83]
[13.99]
[14.01]
[13.84]
[13.78]
[13.71]
[13.96]
[14.1]
[13.99]
[13.72]
[16.98]
[13.92]
[13.67]
[13.53]
[13.42]
[13.41]
[13.36]
[14.17]
[14.52]
[14.48]
[14.44]
[14.41]
[14.38]
[14.37]
[14.35]
[14.34]
[14.31]
[15.25]
[14.32]
[14.31]
[14.29]
[14.29]
[14.58]
[14.56]
[12.15]
[11.95]
[11.88]
[11.87]
[11.82]
[13.39]
[11.95]
[11.94]
[11.89]
[11.86]
[11.86]
[11.84]
[11.83]
[11.81]
[11.86]
[11.86]
[11.8]
[11.8]
[11.79]
[11.78]
[11.77]
[11.96]
[11.94]
[11.9]
[11.85]
[11.35]
[11.83]
[11.8]
[12.]
[12.06]
[12.03]
[9.66]
[9.6]
[9.59]
[9.63]
[9.74]
[9.73]
[9.68]
[9.68]
[9.7]
[9.68]
[9.68]
[9.67]
[9.67]
[9.73]
[9.77]
[9.75]
[9.77]
[9.77]
[9.77]
[9.74]
[9.74]
[9.73]
[9.72]
[9.75]
[9.75]
[9.79]
[9.77]
[9.77]
[9.78]
[9.77]
[9.09]
[9.09]
[8.91]
[8.69]
[8.69]
[8.66]
[8.69]
[8.7]
[8.7]
[8.66]
[8.67]
[8.77]
[8.78]
[8.78]
[8.77]
[8.78]
[8.77]
[8.74]
[8.74]
[8.77]
[8.77]
[8.77]
[8.76]
[8.77]
[8.76]
[8.77]
[8.77]
[8.76]
[8.76]
[8.77]
[8.71]
[8.26]
[8.23]
[8.06]
[8.02]
[8.01]
[8.04]
[8.06]
[8.04]
[8.05]
[8.06]
[8.05]
[8.05]
[8.07]
[8.07]
[8.06]
[8.04]
[8.08]
[8.07]
[8.07]
[8.03]
[8.1]
[8.09]
[8.1]
[8.11]
[8.1]
[8.11]
[8.12]
[8.11]
[8.11]
[8.13]
[6.13]
[6.11]
[5.91]
[5.29]
[5.35]
[5.29]
[5.31]
[5.3]
[5.3]
[5.3]
[5.31]
[5.3]
[5.27]
[5.29]
[5.29]
[5.29]
[5.3]
[5.3]
[5.34]
[5.31]
[5.31]
[5.32]
[5.32]
[5.31]
[5.33]
[5.32]
[5.32]
[5.31]
[5.33]
[5.32]
[5.34]
[5.34]
[5.89]
[5.74]
[5.51]
[5.5]
[7.49]
[7.16]
[5.55]
[5.56]
[5.48]
[5.43]
[5.41]
[5.42]
[5.48]
[5.44]
[5.44]
[5.44]
[7.99]
[5.37]
[5.4]
[5.41]
[5.38]
[5.38]
[5.39]
[5.38]
[5.38]
[5.43]
[5.4]
[5.41]
[5.42]
[5.41]
[5.41]
[5.41]
[5.41]
[5.42]
[5.44]
[5.44]
[5.45]
[5.47]
[5.47]
[5.4]
[5.42]
[5.44]
[5.46]
[5.47]
[5.46]
[5.46]
[5.47]
[5.47]
[5.42]
[5.48]
[5.49]
[5.48]
[5.46]
[5.46]
[5.5]
[5.51]
[5.48]
[5.46]
[9.04]
[9.13]
[9.13]
[9.16]
[9.17]
[9.17]
[9.19]
[9.21]
[9.24]
[9.24]
[9.22]
[9.2]
[9.27]
[9.28]
[9.28]
[9.29]
[9.32]
[9.33]
[9.33]
[9.34]
[9.36]
[9.37]
[9.38]
[9.41]
[9.41]
[9.41]
[9.41]
[9.42]
[9.83]
[9.49]
[9.52]
[12.18]
[12.29]
[12.29]
[12.33]
[12.37]
[12.42]
[12.45]
[12.39]
[15.27]
[16.55]
[14.11]
[12.06]
[12.15]
[12.22]
[12.2]
[14.89]
[12.24]
[12.29]
[12.3]
[12.82]
[12.19]
[12.16]
[12.29]
[12.32]
[12.3]
[12.41]
[12.47]
[12.46]
[12.66]
[12.65]
[14.68]
[15.59]
[15.66]
[15.62]
[15.61]
[15.62]
[15.55]
[15.55]
[15.53]
[15.48]
[15.58]
[15.63]
[15.67]
[15.73]
[15.76]
[15.69]
[15.74]
[15.74]
[15.7]
[15.75]
[15.81]
[15.74]
[15.69]
[15.67]
[15.67]
[15.69]
[15.71]
[15.78]
[15.82]
[15.85]
[15.84]
[15.82]
[15.81]
[15.68]
[15.65]
[15.45]
[15.76]
[15.72]
[15.72]
[15.72]
[15.86]
[15.62]
[15.55]
[15.84]
[15.47]
[15.85]
[15.91]
[15.89]
[15.6]
[15.96]
[15.99]
[15.84]
[15.77]
[15.99]
[15.57]
[15.56]
[15.78]
[15.69]
[15.67]
[15.63]
[15.75]
[15.5]
[15.92]
[15.96]
[15.99]
[16.2]
[15.99]
[15.99]
[15.96]
[15.93]
[15.94]
[15.96]
[15.89]
[15.75]
[15.57]
[14.85]
[16.98]
[17.18]
[17.15]
[16.64]
[16.94]
[16.89]
[16.85]
[16.85]
[16.82]
[22.09]
[48.14]
[54.09]
[52.25]
[50.82]
[26.21]
[24.32]
[46.38]
[54.6]
[55.32]
[58.59]
[42.22]
[59.61]
[52.27]
[91.07]
[134.99]
[99.13]
[93.08]
[89.49]
[90.15]
[90.7]
[92.91]
[90.54]
[92.41]
[91.17]
[89.85]
[54.37]
[55.31]
[91.98]
[89.63]
[92.51]
[92.65]
[53.92]
[58.15]
[118.86]
[121.02]
[128.01]
[129.11]
[130.04]
[130.07]
[129.96]
[130.52]
[93.73]
[94.19]
[93.43]
[94.32]
[94.03]
[49.04]
[42.92]
[63.69]
[56.03]
[54.7]
[38.34]
[11.79]
[11.72]
[12.96]
[33.11]
[57.23]
[47.44]
[52.93]
[38.46]
[13.38]
[10.84]
[32.12]
[12.86]
[13.04]
[11.96]
[9.06]
[9.09]
[9.87]
[13.99]
[13.87]
[12.77]
[11.54]
[13.62]
[10.08]
[9.89]
[11.66]
[11.41]
[10.97]
[12.27]
[12.58]
[13.52]
[14.11]
[18.19]
[19.12]
[13.6]
[13.55]
[13.48]
[13.43]
[13.64]
[13.07]
[13.76]
[13.75]
[12.85]
[13.71]
[11.22]
[9.92]
[11.7]
[12.05]
[15.5]
[15.5]
[20.41]
[11.86]
[11.21]
[12.16]
[10.03]
[8.58]
[11.93]
[24.96]
[9.81]
[9.12]
[11.89]
[11.97]
[19.72]
[18.14]
[16.04]
[11.71]
[13.74]
[39.18]
[46.43]
[42.22]
[40.7]
[29.17]
[11.6]
[7.7]
[7.77]
[5.18]
[5.21]
[5.24]
[5.27]
[5.28]
[5.29]
[5.31]
[5.33]
[5.34]
[5.35]
[5.36]
[5.37]
[5.38]
[5.39]