0.8897444446446866, 0.8989678090607494, 7.20476027180499, 202.12618882815636[9.933291]
[7.1342273]
[6.1121945]
[8.1124935]
[7.029429]
[3.6537504]
[3.0807092]
[3.16716]
[3.1258826]
[3.1285872]
[3.1148767]
[3.040558]
[3.111089]
[5.443015]
[5.956814]
[5.8949594]
[5.994265]
[6.048588]
[7.533668]
[8.832633]
[7.4128475]
[6.7969074]
[6.5412536]
[6.482703]
[6.383662]
[6.413584]
[6.4135833]
[6.392553]
[6.2648854]
[6.234127]
[6.163409]
[6.238983]
[6.3963]
[6.420167]
[6.3479853]
[6.4377103]
[6.3975964]
[6.362019]
[10.392704]
[7.325145]
[6.774433]
[7.3626866]
[7.6809974]
[7.413155]
[8.932883]
[9.115559]
[9.012112]
[9.091982]
[8.913822]
[9.4296255]
[9.735113]
[9.534715]
[9.161053]
[9.24769]
[9.074034]
[9.039063]
[9.0559435]
[9.113463]
[9.016699]
[9.01092]
[9.03805]
[9.073534]
[8.982416]
[9.085802]
[9.101388]
[9.002364]
[9.58585]
[9.8827]
[9.433177]
[9.670328]
[12.149271]
[6.997569]
[8.651991]
[9.187797]
[36.51198]
[15.27381]
[11.248782]
[11.235022]
[11.20285]
[11.217439]
[11.416365]
[11.617148]
[11.514422]
[11.644728]
[11.781077]
[11.499688]
[11.479128]
[11.718323]
[12.023213]
[11.76936]
[11.826901]
[11.57214]
[12.385485]
[12.30816]
[11.907176]
[12.141469]
[12.198647]
[11.998735]
[11.998762]
[11.32862]
[11.74485]
[12.502529]
[12.040902]
[12.319492]
[12.41277]
[11.992289]
[18.458567]
[21.272217]
[18.39676]
[28.726406]
[48.550426]
[29.833105]
[65.32572]
[72.291115]
[78.30788]
[92.423996]
[124.94034]
[97.83992]
[69.67386]
[59.566143]
[62.113625]
[59.694126]
[54.21777]
[50.375584]
[51.191174]
[48.07482]
[39.276413]
[47.042213]
[49.884197]
[47.68485]
[47.013947]
[51.034084]
[28.880102]
[24.185404]
[41.091404]
[47.353928]
[43.185474]
[47.26358]
[42.912647]
[19.159891]
[20.21306]
[43.71598]
[46.67201]
[62.744385]
[97.55009]
[135.57947]
[153.3209]
[165.874]
[200.50272]
[164.22267]
[142.88113]
[137.69356]
[126.391174]
[103.67776]
[87.79261]
[109.16337]
[113.40507]
[113.79175]
[118.09728]
[122.416145]
[100.754425]
[96.00693]
[93.05934]
[92.737495]
[90.216484]
[88.428246]
[91.77975]
[66.01434]
[63.520466]
[72.142265]
[74.68522]
[70.767334]
[70.23707]
[71.31222]
[61.182373]
[57.844425]
[53.64445]
[56.062107]
[41.369705]
[54.057217]
[54.28562]
[47.23698]
[44.376835]
[56.68438]
[50.6248]
[45.343933]
[41.963825]
[43.2903]
[37.569252]
[39.335426]
[43.762142]
[58.987167]
[68.2091]
[59.697155]
[66.539154]
[57.419613]
[51.7827]
[92.99794]
[94.36287]
[89.480354]
[82.85791]
[78.61025]
[79.34034]
[75.12885]
[81.85828]
[91.375626]
[87.75693]
[93.95315]
[99.39282]
[67.39759]
[66.18985]
[76.79182]
[57.53879]
[73.4279]
[50.98059]
[64.11219]
[33.885124]
[23.26724]
[45.98763]
[33.248997]
[32.091545]
[23.918333]
[27.83854]
[19.260008]
[14.36943]
[18.325006]
[25.414146]
[34.644295]
[35.99456]
[39.48369]
[26.092802]
[16.014864]
[40.90308]
[47.18021]
[39.16192]
[35.051025]
[20.304636]
[17.01433]
[17.763748]
[22.373096]
[29.247839]
[37.497665]
[35.41635]
[41.01622]
[17.28643]
[12.760916]
[37.796597]
[38.152107]
[37.456226]
[37.725338]
[35.841747]
[16.913317]
[13.87057]
[26.569036]
[29.397081]
[22.154224]
[29.459429]
[29.397617]
[14.767045]
[10.000438]
[22.78817]
[26.06661]
[24.83805]
[23.155401]
[21.548294]
[17.185177]
[13.023826]
[17.504814]
[20.452606]
[14.935143]
[15.298701]
[35.951984]
[18.529757]
[13.337422]
[23.206507]
[26.213257]
[24.594187]
[23.243855]
[22.163607]
[10.990201]
[7.1005063]
[18.669777]
[19.232265]
[21.419966]
[22.379179]
[20.57574]
[10.198716]
[6.054941]
[5.462934]
[4.1857495]
[3.939972]
[4.04443]
[4.3769894]
[4.220953]
[3.9715369]
[3.8563852]
[3.8110917]
[3.8555508]
[3.770087]
[3.6727874]
[3.5574367]
[3.5329478]
[3.5387254]
[3.432869]
[3.4255693]
[3.3347158]
[3.3141658]
[3.3141658]
[3.3141658]
[3.3141658]
[3.1826274]
[5.241701]
[10.427658]
[10.435627]
[12.306367]
[7.741989]
[8.431214]
[9.248557]
[13.826898]
[12.359593]
[10.483183]
[7.3816276]
[4.2023864]
[7.117389]
[7.5939755]
[6.4331684]
[6.692992]
[7.1922646]
[8.772777]
[9.048748]
[7.7131186]
[8.780716]
[16.262295]
[10.552632]
[9.4079485]
[5.758513]
[9.196899]
[9.659476]
[9.357861]
[4.0484133]
[3.1770725]
[3.1893086]
[3.9612217]
[7.1919184]
[7.3487477]
[7.417863]
[4.7439857]
[3.289966]
[3.1568856]
[3.176947]
[3.1701324]
[3.0954645]
[4.5853386]
[3.3722143]
[3.1112416]
[3.1998804]
[3.121265]
[3.1366556]
[2.9258552]
[3.4973576]
[3.637679]
[3.4404025]
[3.3908477]
[3.2146468]
[3.1790318]
[3.1924858]
[3.2540755]
[3.3537822]
[3.3979075]
[3.2459493]
[3.4153843]
[3.1803606]
[3.2126806]
[3.2326956]
[3.23077]
[3.2595818]
[5.4037447]
[5.8321986]
[10.645533]
[6.8940215]
[5.9693418]
[7.3389087]
[6.992712]
[6.1772795]
[9.30819]
[8.700741]
[6.9095783]
[8.667777]
[9.132721]
[7.11866]
[6.817106]
[9.394027]
[10.170944]
[10.016211]
[10.060957]
[15.019016]
[9.692424]
[7.3644876]
[11.176409]
[14.89621]
[18.737865]
[13.112809]
[10.49888]
[9.745671]
[8.401734]
[8.513289]
[9.486054]
[9.611224]
[10.581532]
[10.746329]
[9.856446]
[9.893893]
[10.843578]
[10.4421835]
[10.24103]
[11.268107]
[11.248855]
[10.202361]
[9.627061]
[10.6986265]
[10.824706]
[10.682231]
[10.670737]
[10.201825]
[9.638824]
[9.49313]
[9.854907]
[11.57777]
[11.714158]
[9.579312]
[10.646788]
[11.177168]
[11.038905]
[11.384385]
[11.236134]
[10.384385]
[12.152563]
[11.549734]
[11.5296545]
[11.457147]
[11.337062]
[11.223659]
[11.075962]
[11.2505455]
[11.117758]
[13.066307]
[16.2465]
[15.211129]
[11.59177]
[11.294012]
[11.6318035]
[11.957525]
[12.110504]
[11.9132595]
[11.750264]
[11.751761]
[11.784331]
[11.936132]
[11.985218]
[12.026025]
[11.881631]
[11.824311]
[11.742358]
[11.753386]
[11.799285]
[11.9120865]
[11.858051]
[11.823266]
[11.756248]
[11.665314]
[11.67048]
[11.773669]
[11.663357]
[11.521887]
[11.44969]
[11.452967]
[11.553918]
[11.444319]
[11.485541]
[11.573408]
[11.630075]
[11.5488825]
[11.360303]
[11.417623]
[11.283193]
[11.2153845]
[11.366412]
[11.465138]
[11.364349]
[11.287419]
[11.250342]
[11.244501]
[11.315266]
[11.428931]
[11.421865]
[11.520118]
[11.605582]
[11.754917]
[12.136304]
[12.658479]
[12.245777]
[31.811384]
[39.20993]
[40.502445]
[8.532224]
[10.505726]
[11.980265]
[13.153691]
[13.401622]
[13.374231]
[13.302431]
[13.232214]
[13.003869]
[12.762824]
[12.567926]
[12.39656]
[12.422969]
[12.443969]
[12.990016]
[12.347282]
[12.222131]
[12.141558]
[12.181492]
[11.625972]
[12.033104]
[10.487169]
[10.112675]
[9.824222]
[10.428352]
[10.269393]
[11.191706]
[10.191644]
[9.858253]
[9.67798]
[9.758791]
[9.705068]
[9.293219]
[9.653188]
[9.694945]
[9.817907]
[9.647292]
[9.670877]
[9.688321]
[9.681726]
[9.45492]
[9.176286]
[9.084985]
[10.692569]
[11.375948]
[10.838695]
[10.94845]
[9.946721]
[10.357591]
[10.169688]
[10.120084]
[9.452244]
[8.4004965]
[8.881192]
[8.477326]
[8.22804]
[8.321249]
[8.142148]
[8.196236]
[8.004097]
[8.086008]
[7.894173]
[7.832769]
[7.946668]
[7.6969523]
[7.8800197]
[7.7022305]
[7.7887826]
[7.7295775]
[7.758845]
[7.666084]
[7.665946]
[7.5612574]
[7.582507]
[7.4760833]
[7.4661627]
[7.474481]
[7.547701]
[7.452551]
[7.3687873]
[7.5270233]
[7.3520794]
[7.094975]
[7.0111475]
[6.933069]
[6.6705995]
[6.4854426]
[6.6403723]
[6.7676344]
[6.7278814]
[6.6600537]
[6.375459]
[6.3957047]
[6.2775617]
[7.697895]
[7.800562]
[7.5073667]
[7.230454]
[7.013108]
[6.8851256]
[6.7902102]
[6.6438794]
[6.7999806]
[6.6344995]
[6.5827737]
[6.646298]
[6.4400024]
[6.303619]
[6.6669736]
[6.96594]
[6.6634684]
[6.9880533]
[6.9014883]
[6.403925]
[6.16905]
[6.0243273]
[5.994688]
[5.856182]
[5.9392085]
[6.021607]
[5.9542303]
[5.8209414]
[5.9309983]
[5.865843]
[5.8537107]
[5.8683414]
[5.9029026]
[5.7954464]
[5.8860126]
[5.8411613]
[5.861561]
[5.7908263]
[5.7263646]
[5.926219]
[5.793859]
[5.7413654]
[5.844556]
[5.9112005]
[5.805795]
[5.893165]
[5.8154645]
[5.994125]
[6.063991]
[4.7655964]
[4.566922]
[4.414006]
[3.8713858]
[3.8861082]
[3.7596736]
[3.8652687]
[3.8150887]
[3.7464776]
[3.8753464]
[3.834344]
[3.817756]
[3.8049014]
[3.817004]
[3.8773625]
[3.8146884]
[3.7597153]
[3.9409997]
[3.8018475]
[3.778497]
[3.9321556]
[3.8908806]
[3.885146]
[3.8890512]
[3.9100115]
[3.9175]
[3.9231894]
[3.9285975]
[3.9463072]
[4.013886]
[3.9095592]
[4.0329623]
[4.3196545]
[4.3317075]
[7.8151307]
[4.7226176]
[5.8856034]
[6.1025004]
[4.4883013]
[4.263953]
[4.243513]
[4.209976]
[4.4784203]
[4.1829243]
[4.426638]
[4.160209]
[4.3872004]
[4.125856]
[6.2581625]
[4.6319027]
[4.279096]
[4.253556]
[4.2286744]
[4.2038684]
[4.179053]
[3.9298458]
[4.142092]
[3.9877279]
[6.202657]
[4.2320457]
[3.890547]
[4.0512104]
[3.843673]
[3.8455522]
[3.9897766]
[3.8032336]
[3.9402897]
[3.8930414]
[3.760845]
[3.8805645]
[3.7537308]
[3.7275467]
[3.7255003]
[3.805237]
[3.6853807]
[3.7617607]
[3.6528697]
[3.6781785]
[3.6829815]
[3.6944602]
[3.5588987]
[3.6304665]
[3.6478777]
[3.5594573]
[3.5878472]
[3.5856469]
[3.5225341]
[3.5821497]
[3.4963503]
[3.445867]
[6.608422]
[6.49583]
[6.874505]
[6.4596477]
[6.8056993]
[6.9103518]
[6.893873]
[6.900491]
[7.51901]
[7.0361023]
[7.5518537]
[7.0690713]
[7.584582]
[7.1021433]
[7.61903]
[7.7375374]
[7.185796]
[7.179948]
[7.239081]
[7.2878137]
[7.3474483]
[7.4063993]
[7.415459]
[7.8126073]
[7.5698314]
[8.130161]
[7.9415336]
[7.7156987]
[8.370437]
[8.398305]
[8.368396]
[9.89617]
[10.060295]
[10.009402]
[10.455746]
[9.974362]
[10.347782]
[10.843636]
[10.842891]
[13.485328]
[14.8680105]
[13.260198]
[10.373554]
[10.417268]
[10.418287]
[10.809396]
[13.720248]
[11.079605]
[10.648827]
[10.5852995]
[10.94799]
[10.080678]
[9.914397]
[9.988708]
[10.19056]
[10.345775]
[10.631914]
[10.595879]
[10.459681]
[10.67567]
[10.711951]
[11.962758]
[12.595949]
[12.886991]
[13.141057]
[12.767554]
[12.961386]
[12.6652355]
[12.7165575]
[13.005065]
[11.646508]
[26.853083]
[13.258289]
[16.357595]
[14.645747]
[11.756848]
[14.123959]
[14.333967]
[14.265371]
[14.109961]
[14.0330715]
[13.90737]
[13.830276]
[13.801261]
[13.717563]
[13.874996]
[14.177099]
[15.170136]
[15.189558]
[15.098728]
[15.121313]
[14.917604]
[14.17754]
[13.750281]
[13.985203]
[11.550745]
[13.000431]
[13.965816]
[15.18821]
[15.092455]
[15.613485]
[15.106976]
[14.421791]
[14.877396]
[15.297036]
[15.050904]
[15.654692]
[15.780641]
[15.657112]
[15.042604]
[15.143169]
[14.993736]
[14.786712]
[14.6545725]
[14.707701]
[14.915126]
[16.199308]
[15.760951]
[15.110028]
[14.534769]
[14.069837]
[13.882153]
[13.620594]
[14.018527]
[14.061218]
[14.86973]
[15.156972]
[14.106366]
[13.788152]
[13.652983]
[13.895624]
[13.919708]
[14.298234]
[14.975895]
[20.587568]
[23.570538]
[16.153141]
[25.935078]
[25.12287]
[19.972044]
[19.57303]
[18.052607]
[3.6312613]
[13.56628]
[15.479958]
[15.167425]
[18.314419]
[35.93332]
[40.83654]
[45.549145]
[52.118458]
[42.5908]
[37.020046]
[54.936096]
[63.66386]
[63.98856]
[63.95722]
[54.737514]
[67.16907]
[80.103134]
[94.77888]
[120.40961]
[108.01189]
[108.837654]
[100.9427]
[100.40609]
[97.64393]
[98.78555]
[95.409355]
[91.92065]
[86.72196]
[84.3526]
[64.198395]
[70.704704]
[88.47962]
[85.35649]
[84.44567]
[86.64055]
[69.57248]
[80.964966]
[110.785576]
[119.10741]
[128.27649]
[129.76263]
[126.69693]
[126.76406]
[127.77779]
[126.046036]
[100.21779]
[98.13998]
[96.98052]
[95.18024]
[93.35745]
[61.879208]
[51.254204]
[60.875637]
[55.634968]
[52.31502]
[40.331463]
[20.572994]
[17.406277]
[18.022238]
[30.352783]
[45.660206]
[40.42108]
[42.230007]
[34.087208]
[17.060186]
[13.040677]
[26.692759]
[16.392561]
[14.007373]
[13.1763115]
[11.181498]
[10.441124]
[10.499871]
[12.675835]
[12.681672]
[11.6627]
[10.6223135]
[11.524638]
[9.579073]
[9.234145]
[10.337858]
[10.30251]
[9.658047]
[10.062624]
[10.209545]
[10.46207]
[10.694812]
[12.836754]
[13.373851]
[10.208204]
[9.700564]
[10.175538]
[10.722376]
[10.749374]
[10.041049]
[10.172871]
[10.129969]
[9.5096245]
[9.867145]
[8.520216]
[7.4017262]
[8.395536]
[9.27954]
[11.6222515]
[11.83179]
[14.685235]
[10.700185]
[10.226736]
[10.921366]
[9.224106]
[7.78491]
[9.111519]
[16.246346]
[8.60208]
[6.755076]
[8.087874]
[8.108122]
[12.08357]
[11.711415]
[10.397984]
[7.8306074]
[8.419156]
[22.06938]
[27.257635]
[26.17943]
[25.243082]
[18.759914]
[9.8917055]
[7.695262]
[7.429206]
[5.548926]
[4.771701]
[4.45933]
[4.200785]
[3.6578693]
[3.576146]
[3.8190968]
[3.8971639]
[3.6692383]
[3.5225253]
[3.6135564]
[3.4118838]
[3.3704188][10.25]
[9.45]
[13.02]
[10.69]
[5.31]
[5.25]
[5.26]
[5.31]
[5.31]
[5.3]
[5.29]
[5.3]
[9.25]
[9.31]
[9.28]
[9.29]
[9.27]
[9.26]
[9.25]
[9.26]
[9.26]
[9.27]
[9.25]
[9.25]
[9.32]
[9.28]
[9.26]
[9.22]
[9.21]
[9.23]
[9.23]
[9.06]
[9.24]
[9.25]
[9.24]
[9.29]
[9.55]
[9.28]
[9.27]
[9.27]
[9.25]
[9.24]
[9.28]
[12.21]
[12.29]
[12.32]
[12.27]
[12.3]
[12.29]
[12.25]
[12.25]
[12.25]
[12.29]
[12.3]
[12.3]
[12.31]
[12.36]
[12.34]
[12.35]
[12.36]
[12.37]
[12.39]
[12.39]
[12.4]
[12.36]
[12.39]
[12.4]
[12.41]
[12.52]
[12.25]
[12.25]
[12.03]
[12.31]
[26.75]
[15.2]
[15.05]
[15.12]
[15.03]
[15.09]
[15.17]
[15.22]
[15.41]
[15.4]
[15.43]
[15.24]
[15.14]
[15.08]
[15.29]
[15.3]
[15.23]
[15.22]
[15.17]
[15.21]
[15.24]
[15.21]
[15.26]
[15.09]
[15.03]
[14.94]
[15.09]
[15.28]
[15.3]
[15.52]
[15.38]
[15.46]
[15.26]
[15.55]
[15.54]
[15.27]
[22.36]
[17.87]
[15.85]
[42.75]
[82.22]
[94.05]
[93.25]
[90.97]
[55.68]
[49.63]
[58.09]
[56.67]
[54.59]
[53.59]
[58.05]
[53.08]
[41.74]
[57.88]
[58.89]
[56.17]
[56.45]
[59.98]
[24.57]
[23.68]
[48.95]
[58.59]
[52.66]
[61.65]
[55.39]
[15.63]
[15.57]
[49.45]
[48.02]
[57.5]
[95.04]
[91.35]
[127.12]
[159.08]
[215.85]
[192.9]
[144.63]
[136.75]
[131.02]
[99.64]
[86.83]
[129.19]
[131.03]
[129.73]
[130.49]
[130.52]
[92.3]
[87.76]
[90.33]
[91.84]
[90.24]
[92.4]
[96.82]
[52.74]
[45.22]
[55.96]
[60.38]
[51.61]
[55.5]
[62.81]
[54.04]
[56.12]
[53.08]
[60.33]
[38.11]
[64.66]
[62.07]
[50.21]
[45.53]
[67.12]
[58.52]
[53.52]
[50.52]
[53.77]
[41.06]
[38.17]
[35.45]
[50.08]
[57.71]
[43.73]
[61.41]
[54.5]
[42.43]
[96.98]
[93.31]
[95.73]
[93.08]
[91.61]
[94.94]
[85.74]
[88.4]
[98.74]
[90.94]
[95.37]
[98.5]
[45.13]
[47.61]
[67.66]
[39.1]
[71.69]
[37.29]
[69.59]
[19.53]
[12.7]
[49.99]
[27.12]
[31.05]
[19.21]
[28.46]
[14.31]
[9.94]
[17.83]
[28.86]
[44.83]
[46.46]
[52.06]
[24.01]
[9.42]
[50.97]
[57.23]
[44.2]
[37.8]
[12.15]
[9.41]
[10.47]
[20.43]
[33.31]
[48.25]
[44.01]
[55.45]
[12.7]
[10.36]
[51.64]
[50.92]
[50.38]
[49.93]
[49.1]
[13.79]
[10.13]
[29.22]
[34.2]
[23.2]
[39.35]
[38.77]
[14.08]
[10.2]
[32.49]
[35.58]
[33.86]
[32.24]
[29.9]
[23.23]
[16.87]
[24.9]
[28.37]
[17.49]
[16.74]
[47.53]
[16.06]
[15.03]
[32.65]
[36.66]
[33.79]
[32.62]
[31.6]
[12.79]
[8.68]
[29.3]
[28.48]
[33.01]
[32.79]
[29.71]
[12.11]
[7.79]
[7.39]
[5.3]
[5.33]
[5.36]
[5.41]
[5.44]
[5.46]
[5.48]
[5.51]
[5.52]
[5.54]
[5.55]
[5.56]
[5.57]
[5.58]
[5.41]
[5.59]
[5.59]
[5.59]
[5.59]
[5.59]
[5.59]
[5.52]
[9.82]
[15.53]
[16.95]
[20.82]
[11.7]
[14.18]
[15.4]
[23.39]
[19.41]
[16.47]
[11.42]
[6.71]
[12.54]
[12.67]
[10.63]
[11.37]
[12.05]
[14.44]
[14.47]
[12.32]
[14.46]
[13.82]
[14.57]
[14.58]
[8.47]
[14.78]
[14.81]
[14.47]
[5.31]
[5.31]
[5.29]
[6.65]
[12.03]
[10.97]
[11.68]
[7.09]
[5.32]
[5.32]
[5.33]
[5.32]
[5.32]
[7.66]
[5.32]
[5.32]
[5.32]
[5.29]
[5.21]
[5.09]
[5.1]
[5.1]
[5.1]
[5.11]
[5.11]
[5.1]
[5.12]
[5.22]
[5.48]
[5.49]
[5.27]
[5.12]
[5.13]
[5.12]
[5.12]
[5.11]
[5.16]
[8.76]
[8.76]
[8.94]
[8.95]
[8.95]
[10.8]
[10.34]
[8.93]
[12.82]
[12.41]
[9.78]
[12.71]
[13.05]
[9.78]
[9.61]
[13.47]
[13.71]
[13.82]
[13.8]
[20.11]
[12.1]
[10.21]
[15.44]
[19.36]
[24.22]
[16.35]
[13.82]
[12.91]
[11.05]
[11.21]
[12.63]
[12.73]
[13.93]
[14.]
[12.75]
[12.72]
[14.06]
[13.64]
[13.18]
[14.13]
[14.47]
[12.97]
[12.08]
[13.53]
[13.92]
[14.]
[14.03]
[13.47]
[12.53]
[12.61]
[12.89]
[13.87]
[13.64]
[12.29]
[13.75]
[12.77]
[12.77]
[13.97]
[13.97]
[12.95]
[15.58]
[14.78]
[14.97]
[14.82]
[14.67]
[14.69]
[14.7]
[14.81]
[14.7]
[17.5]
[18.04]
[19.37]
[14.58]
[14.62]
[14.69]
[14.75]
[14.6]
[14.39]
[14.42]
[14.49]
[14.55]
[14.59]
[14.62]
[14.6]
[14.31]
[14.23]
[14.12]
[14.15]
[14.3]
[14.52]
[14.49]
[14.43]
[14.23]
[14.17]
[14.28]
[14.37]
[14.29]
[14.2]
[14.09]
[14.11]
[14.23]
[14.04]
[14.13]
[14.15]
[14.07]
[14.02]
[13.88]
[13.88]
[13.78]
[13.82]
[13.92]
[14.08]
[13.97]
[13.86]
[13.82]
[13.83]
[13.99]
[14.01]
[13.84]
[13.78]
[13.71]
[13.96]
[14.1]
[13.99]
[13.72]
[16.98]
[13.92]
[13.67]
[13.53]
[13.42]
[13.41]
[13.36]
[14.17]
[14.52]
[14.48]
[14.44]
[14.41]
[14.38]
[14.37]
[14.35]
[14.34]
[14.31]
[15.25]
[14.32]
[14.31]
[14.29]
[14.29]
[14.58]
[14.56]
[12.15]
[11.95]
[11.88]
[11.87]
[11.82]
[13.39]
[11.95]
[11.94]
[11.89]
[11.86]
[11.86]
[11.84]
[11.83]
[11.81]
[11.86]
[11.86]
[11.8]
[11.8]
[11.79]
[11.78]
[11.77]
[11.96]
[11.94]
[11.9]
[11.85]
[11.35]
[11.83]
[11.8]
[12.]
[12.06]
[12.03]
[9.66]
[9.6]
[9.59]
[9.63]
[9.74]
[9.73]
[9.68]
[9.68]
[9.7]
[9.68]
[9.68]
[9.67]
[9.67]
[9.73]
[9.77]
[9.75]
[9.77]
[9.77]
[9.77]
[9.74]
[9.74]
[9.73]
[9.72]
[9.75]
[9.75]
[9.79]
[9.77]
[9.77]
[9.78]
[9.77]
[9.09]
[9.09]
[8.91]
[8.69]
[8.69]
[8.66]
[8.69]
[8.7]
[8.7]
[8.66]
[8.67]
[8.77]
[8.78]
[8.78]
[8.77]
[8.78]
[8.77]
[8.74]
[8.74]
[8.77]
[8.77]
[8.77]
[8.76]
[8.77]
[8.76]
[8.77]
[8.77]
[8.76]
[8.76]
[8.77]
[8.71]
[8.26]
[8.23]
[8.06]
[8.02]
[8.01]
[8.04]
[8.06]
[8.04]
[8.05]
[8.06]
[8.05]
[8.05]
[8.07]
[8.07]
[8.06]
[8.04]
[8.08]
[8.07]
[8.07]
[8.03]
[8.1]
[8.09]
[8.1]
[8.11]
[8.1]
[8.11]
[8.12]
[8.11]
[8.11]
[8.13]
[6.13]
[6.11]
[5.91]
[5.29]
[5.35]
[5.29]
[5.31]
[5.3]
[5.3]
[5.3]
[5.31]
[5.3]
[5.27]
[5.29]
[5.29]
[5.29]
[5.3]
[5.3]
[5.34]
[5.31]
[5.31]
[5.32]
[5.32]
[5.31]
[5.33]
[5.32]
[5.32]
[5.31]
[5.33]
[5.32]
[5.34]
[5.34]
[5.89]
[5.74]
[5.51]
[5.5]
[7.49]
[7.16]
[5.55]
[5.56]
[5.48]
[5.43]
[5.41]
[5.42]
[5.48]
[5.44]
[5.44]
[5.44]
[7.99]
[5.37]
[5.4]
[5.41]
[5.38]
[5.38]
[5.39]
[5.38]
[5.38]
[5.43]
[5.4]
[5.41]
[5.42]
[5.41]
[5.41]
[5.41]
[5.41]
[5.42]
[5.44]
[5.44]
[5.45]
[5.47]
[5.47]
[5.4]
[5.42]
[5.44]
[5.46]
[5.47]
[5.46]
[5.46]
[5.47]
[5.47]
[5.42]
[5.48]
[5.49]
[5.48]
[5.46]
[5.46]
[5.5]
[5.51]
[5.48]
[5.46]
[9.04]
[9.13]
[9.13]
[9.16]
[9.17]
[9.17]
[9.19]
[9.21]
[9.24]
[9.24]
[9.22]
[9.2]
[9.27]
[9.28]
[9.28]
[9.29]
[9.32]
[9.33]
[9.33]
[9.34]
[9.36]
[9.37]
[9.38]
[9.41]
[9.41]
[9.41]
[9.41]
[9.42]
[9.83]
[9.49]
[9.52]
[12.18]
[12.29]
[12.29]
[12.33]
[12.37]
[12.42]
[12.45]
[12.39]
[15.27]
[16.55]
[14.11]
[12.06]
[12.15]
[12.22]
[12.2]
[14.89]
[12.24]
[12.29]
[12.3]
[12.82]
[12.19]
[12.16]
[12.29]
[12.32]
[12.3]
[12.41]
[12.47]
[12.46]
[12.66]
[12.65]
[14.68]
[15.59]
[15.66]
[15.62]
[15.61]
[15.62]
[15.55]
[15.55]
[15.53]
[15.48]
[15.58]
[15.63]
[15.67]
[15.73]
[15.76]
[15.69]
[15.74]
[15.74]
[15.7]
[15.75]
[15.81]
[15.74]
[15.69]
[15.67]
[15.67]
[15.69]
[15.71]
[15.78]
[15.82]
[15.85]
[15.84]
[15.82]
[15.81]
[15.68]
[15.65]
[15.45]
[15.76]
[15.72]
[15.72]
[15.72]
[15.86]
[15.62]
[15.55]
[15.84]
[15.47]
[15.85]
[15.91]
[15.89]
[15.6]
[15.96]
[15.99]
[15.84]
[15.77]
[15.99]
[15.57]
[15.56]
[15.78]
[15.69]
[15.67]
[15.63]
[15.75]
[15.5]
[15.92]
[15.96]
[15.99]
[16.2]
[15.99]
[15.99]
[15.96]
[15.93]
[15.94]
[15.96]
[15.89]
[15.75]
[15.57]
[14.85]
[16.98]
[17.18]
[17.15]
[16.64]
[16.94]
[16.89]
[16.85]
[16.85]
[16.82]
[22.09]
[48.14]
[54.09]
[52.25]
[50.82]
[26.21]
[24.32]
[46.38]
[54.6]
[55.32]
[58.59]
[42.22]
[59.61]
[52.27]
[91.07]
[134.99]
[99.13]
[93.08]
[89.49]
[90.15]
[90.7]
[92.91]
[90.54]
[92.41]
[91.17]
[89.85]
[54.37]
[55.31]
[91.98]
[89.63]
[92.51]
[92.65]
[53.92]
[58.15]
[118.86]
[121.02]
[128.01]
[129.11]
[130.04]
[130.07]
[129.96]
[130.52]
[93.73]
[94.19]
[93.43]
[94.32]
[94.03]
[49.04]
[42.92]
[63.69]
[56.03]
[54.7]
[38.34]
[11.79]
[11.72]
[12.96]
[33.11]
[57.23]
[47.44]
[52.93]
[38.46]
[13.38]
[10.84]
[32.12]
[12.86]
[13.04]
[11.96]
[9.06]
[9.09]
[9.87]
[13.99]
[13.87]
[12.77]
[11.54]
[13.62]
[10.08]
[9.89]
[11.66]
[11.41]
[10.97]
[12.27]
[12.58]
[13.52]
[14.11]
[18.19]
[19.12]
[13.6]
[13.55]
[13.48]
[13.43]
[13.64]
[13.07]
[13.76]
[13.75]
[12.85]
[13.71]
[11.22]
[9.92]
[11.7]
[12.05]
[15.5]
[15.5]
[20.41]
[11.86]
[11.21]
[12.16]
[10.03]
[8.58]
[11.93]
[24.96]
[9.81]
[9.12]
[11.89]
[11.97]
[19.72]
[18.14]
[16.04]
[11.71]
[13.74]
[39.18]
[46.43]
[42.22]
[40.7]
[29.17]
[11.6]
[7.7]
[7.77]
[5.18]
[5.21]
[5.24]
[5.27]
[5.28]
[5.29]
[5.31]
[5.33]
[5.34]
[5.35]
[5.36]
[5.37]
[5.38]
[5.39]