0.889245731220689, 0.9038627822901507, -11.817233769454884, 202.58280668801018[15.385535]
[12.441462]
[11.381015]
[13.516442]
[12.312395]
[8.693388]
[7.9586167]
[8.15052]
[8.037728]
[8.054446]
[8.109484]
[7.9044647]
[8.110446]
[10.49354]
[11.16929]
[10.983953]
[11.021784]
[10.515961]
[12.659755]
[14.210609]
[12.182172]
[11.80637]
[11.504301]
[11.539585]
[11.389589]
[11.427831]
[11.426004]
[11.461472]
[11.284156]
[11.323503]
[11.136351]
[11.172869]
[11.423052]
[11.417346]
[11.259505]
[11.460396]
[11.417788]
[11.06322]
[15.667307]
[12.074363]
[11.434252]
[12.1100025]
[12.459136]
[12.2341]
[13.826319]
[14.107453]
[13.933339]
[14.109719]
[13.669825]
[14.337623]
[14.600789]
[14.484538]
[13.97876]
[14.254969]
[13.993143]
[13.981337]
[13.987785]
[14.091103]
[13.954912]
[13.951726]
[13.967258]
[14.046447]
[13.856357]
[13.994261]
[13.934701]
[13.684772]
[14.38812]
[14.725554]
[14.037752]
[14.500792]
[16.985374]
[11.718242]
[13.393444]
[13.940978]
[39.79691]
[18.576204]
[15.937739]
[15.908302]
[15.844623]
[15.82204]
[16.000315]
[16.200106]
[16.0395]
[16.130693]
[16.237125]
[15.934745]
[15.916062]
[16.146708]
[16.385658]
[16.139627]
[16.199604]
[15.843182]
[16.821133]
[16.452793]
[16.167015]
[16.455133]
[16.374407]
[16.141138]
[16.02202]
[15.468756]
[15.958329]
[16.593979]
[15.969741]
[16.498528]
[16.680021]
[16.717752]
[21.473965]
[24.645027]
[22.656536]
[33.128872]
[47.614227]
[44.54823]
[70.92954]
[79.60792]
[100.61589]
[92.78982]
[122.90555]
[104.61149]
[70.12695]
[61.45271]
[64.90423]
[63.244072]
[58.820312]
[55.29724]
[56.052265]
[52.79392]
[44.78633]
[52.24022]
[54.52339]
[52.450676]
[52.192913]
[55.562916]
[35.23904]
[31.158688]
[45.883915]
[52.310524]
[48.250675]
[52.01243]
[48.031902]
[25.506876]
[24.930773]
[48.62077]
[50.388905]
[68.8984]
[103.643936]
[135.55614]
[162.68132]
[179.28406]
[209.48993]
[183.14116]
[150.50017]
[139.88918]
[129.80241]
[103.889435]
[89.31254]
[114.067566]
[120.48238]
[120.93118]
[123.334984]
[127.585335]
[105.49244]
[98.410805]
[95.47749]
[93.11141]
[90.84126]
[90.79527]
[94.88397]
[70.23466]
[65.031586]
[72.92439]
[75.04361]
[69.614105]
[69.77248]
[71.32918]
[64.24123]
[62.396015]
[58.493046]
[60.644333]
[47.287632]
[58.83861]
[59.245564]
[52.703075]
[49.891827]
[60.995514]
[55.7189]
[50.51093]
[47.322945]
[48.546234]
[43.877518]
[44.77454]
[47.342632]
[61.34589]
[68.54091]
[61.184616]
[68.03077]
[61.707207]
[55.279987]
[93.98751]
[95.54306]
[91.91616]
[88.34253]
[84.22159]
[85.28044]
[80.568756]
[86.01493]
[94.8473]
[91.47095]
[96.44913]
[100.36257]
[69.291916]
[69.06704]
[78.844315]
[59.79738]
[73.93431]
[54.747856]
[68.17708]
[40.332714]
[30.411524]
[51.480835]
[40.37257]
[39.247696]
[31.922804]
[35.466927]
[27.344778]
[22.205318]
[26.185131]
[33.0605]
[41.224094]
[42.232433]
[45.62802]
[33.478703]
[24.158792]
[46.947166]
[52.485153]
[45.19339]
[41.777054]
[28.596083]
[24.881323]
[26.02316]
[30.642544]
[37.0294]
[43.885777]
[41.918915]
[46.659664]
[25.136532]
[20.343033]
[43.73278]
[44.471153]
[43.659805]
[43.255775]
[41.95982]
[24.408884]
[21.619926]
[33.992573]
[36.710373]
[29.580238]
[36.141846]
[36.007145]
[22.1212]
[17.053791]
[29.775686]
[32.822372]
[31.373896]
[29.873724]
[28.05696]
[23.950436]
[19.811409]
[24.176153]
[27.007746]
[21.83971]
[22.281334]
[41.59252]
[26.025053]
[20.392035]
[29.795717]
[32.601585]
[30.684963]
[29.436024]
[28.146854]
[17.376053]
[13.073147]
[24.953327]
[25.339338]
[27.281816]
[27.817081]
[26.243368]
[16.070353]
[11.552539]
[10.888955]
[9.476162]
[9.222069]
[9.205682]
[9.727789]
[9.6864195]
[9.307154]
[9.193662]
[9.076119]
[9.194413]
[9.087437]
[9.013856]
[8.84696]
[8.805508]
[8.815788]
[8.707544]
[8.742112]
[8.603604]
[8.557687]
[8.557687]
[8.557687]
[8.557687]
[8.478424]
[10.885421]
[16.369658]
[16.139439]
[17.920387]
[13.2952385]
[14.182383]
[14.982441]
[19.388447]
[17.808477]
[15.989701]
[12.984207]
[9.449287]
[12.767828]
[13.232087]
[11.983847]
[12.266569]
[12.738866]
[14.333753]
[14.599072]
[13.240592]
[14.303141]
[21.454782]
[15.7581]
[14.837813]
[10.992086]
[14.722579]
[15.027151]
[14.64311]
[9.145633]
[8.128095]
[8.118509]
[9.074279]
[12.461545]
[12.734611]
[12.755471]
[9.839469]
[8.233012]
[8.073536]
[8.083175]
[8.1449995]
[7.941199]
[9.648081]
[8.323175]
[7.954385]
[8.163122]
[7.9433036]
[8.091185]
[7.4231057]
[8.466832]
[8.463625]
[8.175508]
[8.297006]
[8.014244]
[8.0052395]
[8.015153]
[8.14357]
[8.187341]
[8.257181]
[7.940927]
[8.416102]
[7.9038944]
[8.034704]
[8.03336]
[8.028718]
[8.123138]
[10.325523]
[10.895108]
[15.7629595]
[12.070922]
[10.882901]
[12.486869]
[11.964527]
[11.179115]
[14.438275]
[13.717663]
[11.836186]
[13.735478]
[14.106127]
[11.959788]
[11.610974]
[14.221211]
[15.10047]
[14.878784]
[14.905464]
[19.543888]
[14.281799]
[11.98509]
[15.964205]
[19.036226]
[22.383385]
[16.833086]
[14.808902]
[14.174007]
[12.952932]
[13.043066]
[13.826426]
[13.909065]
[14.657396]
[14.669405]
[13.94782]
[13.985487]
[14.706809]
[14.323268]
[14.313268]
[14.953824]
[14.918873]
[13.94425]
[13.43519]
[14.403411]
[14.485991]
[14.369907]
[14.361099]
[13.903475]
[13.37062]
[13.126432]
[13.866352]
[15.510639]
[14.546121]
[13.250864]
[14.901444]
[15.082501]
[13.793844]
[14.484945]
[14.551175]
[13.715917]
[15.49062]
[14.863431]
[14.882132]
[14.785301]
[14.670965]
[14.575816]
[14.431024]
[14.571558]
[14.423404]
[16.21025]
[18.848581]
[17.788034]
[14.619588]
[14.669554]
[15.10311]
[15.282327]
[15.8376255]
[15.296769]
[15.101112]
[15.018686]
[15.038549]
[15.0960245]
[14.988408]
[14.96853]
[14.728787]
[14.506145]
[14.361691]
[14.387196]
[14.376871]
[14.486808]
[14.378901]
[14.321737]
[14.221004]
[14.175585]
[14.125708]
[14.208158]
[14.106154]
[13.903717]
[13.804697]
[13.79071]
[13.8793745]
[13.754342]
[13.779902]
[13.842337]
[13.911653]
[13.875256]
[13.603093]
[13.66961]
[13.468273]
[13.316124]
[13.530734]
[13.593007]
[13.435176]
[13.336629]
[13.281021]
[13.095202]
[12.828706]
[13.212366]
[13.450776]
[13.662917]
[13.697503]
[13.524734]
[14.300383]
[14.4459305]
[13.165474]
[10.61609]
[34.278458]
[29.359121]
[16.080212]
[14.697831]
[15.102075]
[15.756447]
[16.733091]
[17.000685]
[16.929047]
[17.145187]
[17.019163]
[16.93271]
[16.485626]
[16.484798]
[16.636168]
[16.447079]
[16.793934]
[16.184563]
[16.08285]
[15.94564]
[15.943494]
[15.250741]
[15.988627]
[14.716026]
[14.548316]
[13.873077]
[14.124275]
[14.976304]
[15.673829]
[15.100723]
[14.702178]
[14.311096]
[14.268709]
[14.023515]
[13.698851]
[14.228327]
[13.925797]
[13.9077635]
[13.625458]
[13.64102]
[13.5095]
[13.462234]
[13.220789]
[13.198075]
[13.305289]
[14.367539]
[15.502441]
[16.086555]
[15.322729]
[14.428469]
[14.729014]
[14.033201]
[14.080574]
[13.694455]
[13.078569]
[13.216731]
[12.40166]
[12.3048725]
[12.493691]
[12.28913]
[12.47318]
[12.222456]
[12.434319]
[12.184779]
[12.182374]
[12.373184]
[12.027079]
[12.369262]
[12.070113]
[12.282629]
[12.165745]
[12.259886]
[12.135773]
[12.198427]
[12.059376]
[12.141665]
[12.001415]
[12.013891]
[12.022371]
[12.131714]
[12.000316]
[11.899369]
[12.121631]
[11.817166]
[11.662371]
[11.49776]
[11.479072]
[11.176816]
[10.932573]
[11.165807]
[11.277897]
[11.254052]
[11.217741]
[10.7913685]
[10.796115]
[10.364134]
[12.543002]
[12.078429]
[11.933175]
[11.702042]
[11.511474]
[11.436126]
[11.375446]
[11.173968]
[11.475705]
[11.2155]
[11.203011]
[11.370175]
[11.02319]
[10.813129]
[11.265268]
[11.576887]
[11.062237]
[11.633258]
[11.510015]
[11.0346775]
[10.764497]
[10.650033]
[10.664854]
[10.434595]
[10.5787735]
[10.685216]
[10.635101]
[10.415459]
[10.630308]
[10.506298]
[10.502718]
[10.511637]
[10.600505]
[10.387248]
[10.585174]
[10.477975]
[10.565769]
[10.446629]
[10.333263]
[10.670877]
[10.44379]
[10.348775]
[10.479266]
[10.578853]
[10.368298]
[10.495948]
[10.30596]
[10.5448675]
[10.562329]
[9.219248]
[9.05142]
[8.917938]
[8.294634]
[8.387726]
[8.153259]
[8.366191]
[8.257146]
[8.145586]
[8.362742]
[8.260682]
[8.253075]
[8.234687]
[8.239236]
[8.353638]
[8.242487]
[8.137112]
[8.466524]
[8.164707]
[8.158474]
[8.376641]
[8.274375]
[8.274146]
[8.27059]
[8.282334]
[8.28363]
[8.280748]
[8.278356]
[8.287313]
[8.403428]
[8.193585]
[8.416524]
[8.620939]
[8.668722]
[12.189766]
[9.015241]
[10.268863]
[10.301335]
[8.755063]
[8.508542]
[8.473828]
[8.4275255]
[8.714943]
[8.386021]
[8.6723585]
[8.349592]
[8.621424]
[8.301892]
[10.450952]
[8.794073]
[8.483428]
[8.45182]
[8.42097]
[8.390076]
[8.359157]
[8.074045]
[8.314427]
[7.993253]
[10.31621]
[8.22453]
[8.003908]
[8.170877]
[7.9175735]
[7.9414034]
[8.092145]
[7.857784]
[8.056229]
[7.9743853]
[7.8196845]
[7.9790463]
[7.770699]
[7.774359]
[7.7365956]
[7.8559422]
[7.6794167]
[7.8278494]
[7.632519]
[7.684869]
[7.6525216]
[7.70877]
[7.517454]
[7.612019]
[7.6452875]
[7.4937034]
[7.5514917]
[7.5640965]
[7.4375777]
[7.576796]
[7.450615]
[7.374118]
[10.50764]
[10.32637]
[10.735497]
[10.287596]
[10.64022]
[10.654018]
[10.578158]
[10.507936]
[11.12148]
[10.594339]
[11.127679]
[10.559695]
[11.023243]
[10.457697]
[10.921331]
[10.954835]
[10.390075]
[10.414245]
[10.379745]
[10.372621]
[10.377807]
[10.331863]
[10.213258]
[10.558802]
[10.242679]
[10.778958]
[10.507322]
[10.190723]
[10.956803]
[10.914799]
[10.86311]
[12.364456]
[12.417885]
[12.3424015]
[12.75614]
[12.2256565]
[12.599326]
[13.043188]
[12.990852]
[15.769258]
[16.842031]
[15.335871]
[12.262751]
[12.44036]
[12.392875]
[12.777373]
[14.853896]
[12.667184]
[12.314527]
[12.079019]
[12.124257]
[11.338752]
[11.087141]
[11.175728]
[11.831765]
[12.242871]
[12.549165]
[11.717856]
[10.783103]
[10.946768]
[10.66131]
[11.388089]
[11.447818]
[11.46852]
[11.452713]
[10.939764]
[10.875906]
[10.448531]
[10.514359]
[11.143376]
[10.524184]
[9.286865]
[21.365377]
[12.721834]
[15.331401]
[12.720486]
[15.207961]
[15.892853]
[15.847469]
[15.209933]
[14.821709]
[14.18348]
[13.919924]
[13.726519]
[13.284065]
[13.771187]
[14.863854]
[15.632801]
[15.348936]
[15.6113615]
[15.409973]
[15.289541]
[14.386392]
[13.87664]
[14.487357]
[12.513976]
[17.53378]
[15.049995]
[16.26951]
[16.31832]
[16.990677]
[17.052568]
[16.73373]
[16.889395]
[17.31967]
[16.636757]
[17.557838]
[17.963678]
[18.002613]
[17.600834]
[17.950947]
[17.83602]
[17.711544]
[17.666285]
[17.894245]
[17.736021]
[18.730797]
[18.711899]
[18.39734]
[18.486055]
[18.186268]
[18.042482]
[17.759651]
[18.276327]
[18.411304]
[18.157196]
[19.815056]
[18.884773]
[18.517712]
[18.440638]
[17.929056]
[18.864254]
[18.117844]
[18.8739]
[22.88986]
[25.800478]
[22.486574]
[28.799183]
[29.99466]
[26.816853]
[24.52409]
[23.233309]
[8.24464]
[17.729237]
[19.95707]
[19.685383]
[22.851278]
[39.383312]
[44.937256]
[50.415165]
[56.63221]
[45.233574]
[42.580257]
[59.65515]
[67.23647]
[68.84259]
[66.499466]
[56.88479]
[69.136116]
[79.64603]
[100.98346]
[124.14137]
[109.05756]
[110.63975]
[107.55021]
[103.07476]
[99.08063]
[98.073654]
[95.087166]
[92.9028]
[89.47241]
[88.47942]
[68.8301]
[71.35955]
[90.20316]
[87.7047]
[89.20661]
[91.13082]
[76.03129]
[85.46422]
[115.17239]
[119.82272]
[132.69588]
[135.30327]
[130.04436]
[128.30276]
[129.82521]
[128.34958]
[100.89572]
[98.24969]
[97.31036]
[95.574356]
[94.01501]
[64.232895]
[55.00891]
[64.558754]
[60.01625]
[56.78748]
[45.88948]
[28.105684]
[24.64476]
[25.400764]
[37.379333]
[50.745182]
[45.923004]
[47.460316]
[39.7217]
[24.421892]
[19.972641]
[33.46351]
[23.888521]
[21.125504]
[20.267216]
[18.27552]
[17.468899]
[17.561155]
[19.890047]
[19.997986]
[18.920778]
[17.769167]
[18.750841]
[16.646797]
[16.278976]
[17.499004]
[17.541399]
[16.849232]
[17.237291]
[17.435043]
[17.739506]
[17.940042]
[20.245504]
[20.750248]
[17.426819]
[16.754704]
[17.25707]
[17.948572]
[18.040947]
[17.241318]
[17.327976]
[17.270975]
[16.60172]
[16.937824]
[15.504456]
[14.20847]
[15.250531]
[16.267607]
[18.919874]
[19.188753]
[22.058313]
[18.003551]
[17.405363]
[18.307062]
[16.451492]
[14.804423]
[16.257854]
[23.720543]
[15.874338]
[13.505897]
[15.075127]
[15.090082]
[19.305367]
[18.83387]
[17.359203]
[14.66687]
[15.3241415]
[28.673634]
[33.638462]
[32.19529]
[31.079287]
[24.960863]
[16.219778]
[14.622159]
[13.813643]
[11.794228]
[10.862258]
[10.466234]
[10.17687]
[9.718422]
[9.295916]
[9.687734]
[9.762644]
[9.703341]
[9.32021]
[9.498077]
[9.345501]
[9.174242][10.25]
[9.45]
[13.02]
[10.69]
[5.31]
[5.25]
[5.26]
[5.31]
[5.31]
[5.3]
[5.29]
[5.3]
[9.25]
[9.31]
[9.28]
[9.29]
[9.27]
[9.26]
[9.25]
[9.26]
[9.26]
[9.27]
[9.25]
[9.25]
[9.32]
[9.28]
[9.26]
[9.22]
[9.21]
[9.23]
[9.23]
[9.06]
[9.24]
[9.25]
[9.24]
[9.29]
[9.55]
[9.28]
[9.27]
[9.27]
[9.25]
[9.24]
[9.28]
[12.21]
[12.29]
[12.32]
[12.27]
[12.3]
[12.29]
[12.25]
[12.25]
[12.25]
[12.29]
[12.3]
[12.3]
[12.31]
[12.36]
[12.34]
[12.35]
[12.36]
[12.37]
[12.39]
[12.39]
[12.4]
[12.36]
[12.39]
[12.4]
[12.41]
[12.52]
[12.25]
[12.25]
[12.03]
[12.31]
[26.75]
[15.2]
[15.05]
[15.12]
[15.03]
[15.09]
[15.17]
[15.22]
[15.41]
[15.4]
[15.43]
[15.24]
[15.14]
[15.08]
[15.29]
[15.3]
[15.23]
[15.22]
[15.17]
[15.21]
[15.24]
[15.21]
[15.26]
[15.09]
[15.03]
[14.94]
[15.09]
[15.28]
[15.3]
[15.52]
[15.38]
[15.46]
[15.26]
[15.55]
[15.54]
[15.27]
[22.36]
[17.87]
[15.85]
[42.75]
[82.22]
[94.05]
[93.25]
[90.97]
[55.68]
[49.63]
[58.09]
[56.67]
[54.59]
[53.59]
[58.05]
[53.08]
[41.74]
[57.88]
[58.89]
[56.17]
[56.45]
[59.98]
[24.57]
[23.68]
[48.95]
[58.59]
[52.66]
[61.65]
[55.39]
[15.63]
[15.57]
[49.45]
[48.02]
[57.5]
[95.04]
[91.35]
[127.12]
[159.08]
[215.85]
[192.9]
[144.63]
[136.75]
[131.02]
[99.64]
[86.83]
[129.19]
[131.03]
[129.73]
[130.49]
[130.52]
[92.3]
[87.76]
[90.33]
[91.84]
[90.24]
[92.4]
[96.82]
[52.74]
[45.22]
[55.96]
[60.38]
[51.61]
[55.5]
[62.81]
[54.04]
[56.12]
[53.08]
[60.33]
[38.11]
[64.66]
[62.07]
[50.21]
[45.53]
[67.12]
[58.52]
[53.52]
[50.52]
[53.77]
[41.06]
[38.17]
[35.45]
[50.08]
[57.71]
[43.73]
[61.41]
[54.5]
[42.43]
[96.98]
[93.31]
[95.73]
[93.08]
[91.61]
[94.94]
[85.74]
[88.4]
[98.74]
[90.94]
[95.37]
[98.5]
[45.13]
[47.61]
[67.66]
[39.1]
[71.69]
[37.29]
[69.59]
[19.53]
[12.7]
[49.99]
[27.12]
[31.05]
[19.21]
[28.46]
[14.31]
[9.94]
[17.83]
[28.86]
[44.83]
[46.46]
[52.06]
[24.01]
[9.42]
[50.97]
[57.23]
[44.2]
[37.8]
[12.15]
[9.41]
[10.47]
[20.43]
[33.31]
[48.25]
[44.01]
[55.45]
[12.7]
[10.36]
[51.64]
[50.92]
[50.38]
[49.93]
[49.1]
[13.79]
[10.13]
[29.22]
[34.2]
[23.2]
[39.35]
[38.77]
[14.08]
[10.2]
[32.49]
[35.58]
[33.86]
[32.24]
[29.9]
[23.23]
[16.87]
[24.9]
[28.37]
[17.49]
[16.74]
[47.53]
[16.06]
[15.03]
[32.65]
[36.66]
[33.79]
[32.62]
[31.6]
[12.79]
[8.68]
[29.3]
[28.48]
[33.01]
[32.79]
[29.71]
[12.11]
[7.79]
[7.39]
[5.3]
[5.33]
[5.36]
[5.41]
[5.44]
[5.46]
[5.48]
[5.51]
[5.52]
[5.54]
[5.55]
[5.56]
[5.57]
[5.58]
[5.41]
[5.59]
[5.59]
[5.59]
[5.59]
[5.59]
[5.59]
[5.52]
[9.82]
[15.53]
[16.95]
[20.82]
[11.7]
[14.18]
[15.4]
[23.39]
[19.41]
[16.47]
[11.42]
[6.71]
[12.54]
[12.67]
[10.63]
[11.37]
[12.05]
[14.44]
[14.47]
[12.32]
[14.46]
[13.82]
[14.57]
[14.58]
[8.47]
[14.78]
[14.81]
[14.47]
[5.31]
[5.31]
[5.29]
[6.65]
[12.03]
[10.97]
[11.68]
[7.09]
[5.32]
[5.32]
[5.33]
[5.32]
[5.32]
[7.66]
[5.32]
[5.32]
[5.32]
[5.29]
[5.21]
[5.09]
[5.1]
[5.1]
[5.1]
[5.11]
[5.11]
[5.1]
[5.12]
[5.22]
[5.48]
[5.49]
[5.27]
[5.12]
[5.13]
[5.12]
[5.12]
[5.11]
[5.16]
[8.76]
[8.76]
[8.94]
[8.95]
[8.95]
[10.8]
[10.34]
[8.93]
[12.82]
[12.41]
[9.78]
[12.71]
[13.05]
[9.78]
[9.61]
[13.47]
[13.71]
[13.82]
[13.8]
[20.11]
[12.1]
[10.21]
[15.44]
[19.36]
[24.22]
[16.35]
[13.82]
[12.91]
[11.05]
[11.21]
[12.63]
[12.73]
[13.93]
[14.]
[12.75]
[12.72]
[14.06]
[13.64]
[13.18]
[14.13]
[14.47]
[12.97]
[12.08]
[13.53]
[13.92]
[14.]
[14.03]
[13.47]
[12.53]
[12.61]
[12.89]
[13.87]
[13.64]
[12.29]
[13.75]
[12.77]
[12.77]
[13.97]
[13.97]
[12.95]
[15.58]
[14.78]
[14.97]
[14.82]
[14.67]
[14.69]
[14.7]
[14.81]
[14.7]
[17.5]
[18.04]
[19.37]
[14.58]
[14.62]
[14.69]
[14.75]
[14.6]
[14.39]
[14.42]
[14.49]
[14.55]
[14.59]
[14.62]
[14.6]
[14.31]
[14.23]
[14.12]
[14.15]
[14.3]
[14.52]
[14.49]
[14.43]
[14.23]
[14.17]
[14.28]
[14.37]
[14.29]
[14.2]
[14.09]
[14.11]
[14.23]
[14.04]
[14.13]
[14.15]
[14.07]
[14.02]
[13.88]
[13.88]
[13.78]
[13.82]
[13.92]
[14.08]
[13.97]
[13.86]
[13.82]
[13.83]
[13.99]
[14.01]
[13.84]
[13.78]
[13.71]
[13.96]
[14.1]
[13.99]
[13.72]
[16.98]
[13.92]
[13.67]
[13.53]
[13.42]
[13.41]
[13.36]
[14.17]
[14.52]
[14.48]
[14.44]
[14.41]
[14.38]
[14.37]
[14.35]
[14.34]
[14.31]
[15.25]
[14.32]
[14.31]
[14.29]
[14.29]
[14.58]
[14.56]
[12.15]
[11.95]
[11.88]
[11.87]
[11.82]
[13.39]
[11.95]
[11.94]
[11.89]
[11.86]
[11.86]
[11.84]
[11.83]
[11.81]
[11.86]
[11.86]
[11.8]
[11.8]
[11.79]
[11.78]
[11.77]
[11.96]
[11.94]
[11.9]
[11.85]
[11.35]
[11.83]
[11.8]
[12.]
[12.06]
[12.03]
[9.66]
[9.6]
[9.59]
[9.63]
[9.74]
[9.73]
[9.68]
[9.68]
[9.7]
[9.68]
[9.68]
[9.67]
[9.67]
[9.73]
[9.77]
[9.75]
[9.77]
[9.77]
[9.77]
[9.74]
[9.74]
[9.73]
[9.72]
[9.75]
[9.75]
[9.79]
[9.77]
[9.77]
[9.78]
[9.77]
[9.09]
[9.09]
[8.91]
[8.69]
[8.69]
[8.66]
[8.69]
[8.7]
[8.7]
[8.66]
[8.67]
[8.77]
[8.78]
[8.78]
[8.77]
[8.78]
[8.77]
[8.74]
[8.74]
[8.77]
[8.77]
[8.77]
[8.76]
[8.77]
[8.76]
[8.77]
[8.77]
[8.76]
[8.76]
[8.77]
[8.71]
[8.26]
[8.23]
[8.06]
[8.02]
[8.01]
[8.04]
[8.06]
[8.04]
[8.05]
[8.06]
[8.05]
[8.05]
[8.07]
[8.07]
[8.06]
[8.04]
[8.08]
[8.07]
[8.07]
[8.03]
[8.1]
[8.09]
[8.1]
[8.11]
[8.1]
[8.11]
[8.12]
[8.11]
[8.11]
[8.13]
[6.13]
[6.11]
[5.91]
[5.29]
[5.35]
[5.29]
[5.31]
[5.3]
[5.3]
[5.3]
[5.31]
[5.3]
[5.27]
[5.29]
[5.29]
[5.29]
[5.3]
[5.3]
[5.34]
[5.31]
[5.31]
[5.32]
[5.32]
[5.31]
[5.33]
[5.32]
[5.32]
[5.31]
[5.33]
[5.32]
[5.34]
[5.34]
[5.89]
[5.74]
[5.51]
[5.5]
[7.49]
[7.16]
[5.55]
[5.56]
[5.48]
[5.43]
[5.41]
[5.42]
[5.48]
[5.44]
[5.44]
[5.44]
[7.99]
[5.37]
[5.4]
[5.41]
[5.38]
[5.38]
[5.39]
[5.38]
[5.38]
[5.43]
[5.4]
[5.41]
[5.42]
[5.41]
[5.41]
[5.41]
[5.41]
[5.42]
[5.44]
[5.44]
[5.45]
[5.47]
[5.47]
[5.4]
[5.42]
[5.44]
[5.46]
[5.47]
[5.46]
[5.46]
[5.47]
[5.47]
[5.42]
[5.48]
[5.49]
[5.48]
[5.46]
[5.46]
[5.5]
[5.51]
[5.48]
[5.46]
[9.04]
[9.13]
[9.13]
[9.16]
[9.17]
[9.17]
[9.19]
[9.21]
[9.24]
[9.24]
[9.22]
[9.2]
[9.27]
[9.28]
[9.28]
[9.29]
[9.32]
[9.33]
[9.33]
[9.34]
[9.36]
[9.37]
[9.38]
[9.41]
[9.41]
[9.41]
[9.41]
[9.42]
[9.83]
[9.49]
[9.52]
[12.18]
[12.29]
[12.29]
[12.33]
[12.37]
[12.42]
[12.45]
[12.39]
[15.27]
[16.55]
[14.11]
[12.06]
[12.15]
[12.22]
[12.2]
[14.89]
[12.24]
[12.29]
[12.3]
[12.82]
[12.19]
[12.16]
[12.29]
[12.32]
[12.3]
[12.41]
[12.47]
[12.46]
[12.66]
[12.65]
[14.68]
[15.59]
[15.66]
[15.62]
[15.61]
[15.62]
[15.55]
[15.55]
[15.53]
[15.48]
[15.58]
[15.63]
[15.67]
[15.73]
[15.76]
[15.69]
[15.74]
[15.74]
[15.7]
[15.75]
[15.81]
[15.74]
[15.69]
[15.67]
[15.67]
[15.69]
[15.71]
[15.78]
[15.82]
[15.85]
[15.84]
[15.82]
[15.81]
[15.68]
[15.65]
[15.45]
[15.76]
[15.72]
[15.72]
[15.72]
[15.86]
[15.62]
[15.55]
[15.84]
[15.47]
[15.85]
[15.91]
[15.89]
[15.6]
[15.96]
[15.99]
[15.84]
[15.77]
[15.99]
[15.57]
[15.56]
[15.78]
[15.69]
[15.67]
[15.63]
[15.75]
[15.5]
[15.92]
[15.96]
[15.99]
[16.2]
[15.99]
[15.99]
[15.96]
[15.93]
[15.94]
[15.96]
[15.89]
[15.75]
[15.57]
[14.85]
[16.98]
[17.18]
[17.15]
[16.64]
[16.94]
[16.89]
[16.85]
[16.85]
[16.82]
[22.09]
[48.14]
[54.09]
[52.25]
[50.82]
[26.21]
[24.32]
[46.38]
[54.6]
[55.32]
[58.59]
[42.22]
[59.61]
[52.27]
[91.07]
[134.99]
[99.13]
[93.08]
[89.49]
[90.15]
[90.7]
[92.91]
[90.54]
[92.41]
[91.17]
[89.85]
[54.37]
[55.31]
[91.98]
[89.63]
[92.51]
[92.65]
[53.92]
[58.15]
[118.86]
[121.02]
[128.01]
[129.11]
[130.04]
[130.07]
[129.96]
[130.52]
[93.73]
[94.19]
[93.43]
[94.32]
[94.03]
[49.04]
[42.92]
[63.69]
[56.03]
[54.7]
[38.34]
[11.79]
[11.72]
[12.96]
[33.11]
[57.23]
[47.44]
[52.93]
[38.46]
[13.38]
[10.84]
[32.12]
[12.86]
[13.04]
[11.96]
[9.06]
[9.09]
[9.87]
[13.99]
[13.87]
[12.77]
[11.54]
[13.62]
[10.08]
[9.89]
[11.66]
[11.41]
[10.97]
[12.27]
[12.58]
[13.52]
[14.11]
[18.19]
[19.12]
[13.6]
[13.55]
[13.48]
[13.43]
[13.64]
[13.07]
[13.76]
[13.75]
[12.85]
[13.71]
[11.22]
[9.92]
[11.7]
[12.05]
[15.5]
[15.5]
[20.41]
[11.86]
[11.21]
[12.16]
[10.03]
[8.58]
[11.93]
[24.96]
[9.81]
[9.12]
[11.89]
[11.97]
[19.72]
[18.14]
[16.04]
[11.71]
[13.74]
[39.18]
[46.43]
[42.22]
[40.7]
[29.17]
[11.6]
[7.7]
[7.77]
[5.18]
[5.21]
[5.24]
[5.27]
[5.28]
[5.29]
[5.31]
[5.33]
[5.34]
[5.35]
[5.36]
[5.37]
[5.38]
[5.39]