0.9008996602890305, 0.902262843252778, 3.4464821967015955, 191.62841978905666[11.586979]
[9.359503]
[8.303581]
[10.014693]
[9.268707]
[6.2006865]
[5.4775624]
[5.4688473]
[5.4609823]
[5.4769588]
[5.4362082]
[5.4364266]
[5.4428377]
[7.5631027]
[8.117583]
[8.133054]
[8.266877]
[9.014796]
[10.006466]
[9.717673]
[8.879393]
[8.622608]
[8.530858]
[8.471867]
[8.426816]
[8.465885]
[8.460526]
[8.404989]
[8.332045]
[8.282439]
[8.291856]
[8.420122]
[8.378164]
[8.389173]
[8.412571]
[8.422174]
[8.384363]
[8.692871]
[11.899514]
[9.4634695]
[8.950937]
[9.204098]
[9.158582]
[8.957776]
[10.4678755]
[10.810696]
[10.818374]
[10.806412]
[10.941937]
[11.226769]
[11.211865]
[11.009685]
[10.879228]
[10.871957]
[10.795008]
[10.781918]
[10.79125]
[10.802141]
[10.754802]
[10.754255]
[10.771763]
[10.759709]
[10.752979]
[10.802403]
[10.84042]
[10.969831]
[11.225006]
[11.201832]
[11.058204]
[11.152203]
[13.417809]
[9.015155]
[10.120238]
[10.805861]
[35.679085]
[16.905075]
[12.65329]
[12.653461]
[12.615497]
[12.655148]
[12.772851]
[12.842984]
[12.868662]
[12.936739]
[12.988207]
[12.8406515]
[12.832686]
[12.902781]
[13.06642]
[12.9933405]
[13.0186205]
[12.982328]
[13.26114]
[13.19895]
[13.04215]
[13.12348]
[13.150878]
[13.008368]
[12.965379]
[12.707583]
[12.9584675]
[13.298334]
[13.159253]
[13.646743]
[13.832667]
[14.133026]
[19.040806]
[21.042866]
[17.55002]
[33.949623]
[43.384182]
[25.66238]
[61.264725]
[66.77711]
[75.33126]
[89.49242]
[130.08855]
[89.187744]
[66.24484]
[53.694294]
[58.404743]
[56.441715]
[51.803753]
[48.712215]
[50.208893]
[47.140663]
[38.946663]
[46.808815]
[49.30329]
[46.995445]
[47.788918]
[50.16903]
[29.742453]
[25.064093]
[39.624622]
[46.649418]
[43.319054]
[46.893425]
[43.249916]
[22.310802]
[20.294382]
[41.42314]
[46.648235]
[71.76148]
[95.85287]
[137.77045]
[156.81642]
[172.20941]
[197.91449]
[170.4569]
[142.25398]
[131.2154]
[119.450806]
[97.32264]
[81.61815]
[104.98049]
[111.7422]
[113.70489]
[114.413155]
[120.413315]
[99.981926]
[90.50221]
[88.07469]
[86.04918]
[84.09218]
[83.955696]
[88.566574]
[67.49991]
[59.214993]
[67.41506]
[67.691956]
[64.67347]
[63.319794]
[63.441956]
[56.850353]
[54.950558]
[51.5112]
[53.828506]
[40.795387]
[52.347366]
[53.59162]
[47.327316]
[43.95777]
[54.330326]
[50.143936]
[45.076916]
[42.047573]
[43.55389]
[39.54573]
[39.29621]
[42.05898]
[56.053276]
[62.0129]
[54.495308]
[60.495552]
[53.790028]
[53.84401]
[85.39323]
[88.06422]
[83.9552]
[80.17164]
[77.519455]
[78.56657]
[76.34913]
[79.80544]
[87.63906]
[85.45425]
[90.56035]
[92.67093]
[69.38064]
[63.421684]
[70.4974]
[50.96808]
[66.52761]
[47.910324]
[60.596634]
[34.026188]
[22.032898]
[42.804527]
[33.15731]
[31.341991]
[24.24381]
[27.424793]
[20.03926]
[14.879887]
[18.54464]
[25.215672]
[34.63521]
[36.68214]
[40.696198]
[28.595518]
[17.294538]
[39.287155]
[46.58826]
[39.75085]
[36.29069]
[21.746763]
[17.610477]
[17.217356]
[21.37707]
[28.73915]
[37.34786]
[36.32032]
[41.21739]
[19.951456]
[14.432457]
[36.488884]
[38.97182]
[38.91067]
[38.25216]
[36.848057]
[20.463333]
[15.814558]
[25.445753]
[29.591743]
[23.12247]
[29.635523]
[30.493313]
[16.90151]
[11.656883]
[23.129976]
[27.3067]
[26.056]
[24.720343]
[23.002367]
[18.930573]
[14.995774]
[18.851068]
[21.804193]
[17.22406]
[17.587597]
[35.691074]
[20.152246]
[14.647156]
[23.679989]
[27.471586]
[25.914248]
[24.730898]
[23.424973]
[13.50086]
[9.1334305]
[19.42314]
[20.631725]
[23.171684]
[23.84167]
[22.13668]
[12.633692]
[8.236975]
[7.4589357]
[6.3104687]
[5.9510055]
[6.2396965]
[6.3623753]
[6.1146708]
[5.988553]
[5.876938]
[5.934237]
[5.896]
[5.842759]
[5.730484]
[5.669343]
[5.668831]
[5.6733727]
[5.5701723]
[5.531075]
[5.4942265]
[5.4888105]
[5.4888105]
[5.4888105]
[5.4888105]
[5.3385224]
[7.1526933]
[12.083959]
[12.459975]
[14.195436]
[10.198621]
[10.401023]
[11.180318]
[15.403852]
[14.393883]
[12.591059]
[9.659404]
[6.677649]
[8.979833]
[9.714321]
[8.718058]
[8.847754]
[9.361336]
[10.77841]
[11.018343]
[9.899776]
[10.763654]
[17.605406]
[12.803011]
[11.336038]
[8.226588]
[10.87906]
[11.585835]
[11.430798]
[6.7097373]
[5.53111]
[5.5194244]
[6.1601133]
[9.142931]
[9.444048]
[9.528738]
[7.2279615]
[5.725468]
[5.4981203]
[5.5069466]
[5.4731555]
[5.4728603]
[6.743487]
[5.7776065]
[5.4909644]
[5.4989867]
[5.4789467]
[5.4345202]
[5.5488715]
[5.7522583]
[5.647366]
[5.578599]
[5.515867]
[5.4473763]
[5.444821]
[5.4556494]
[5.486375]
[5.62293]
[5.67393]
[5.6466055]
[5.540769]
[5.4451575]
[5.4794936]
[5.4767747]
[5.4733157]
[5.4738045]
[7.4294367]
[7.9156537]
[12.275271]
[9.121967]
[8.083589]
[9.15522]
[9.073407]
[8.278294]
[10.899458]
[10.613969]
[9.033843]
[10.351683]
[10.9057255]
[9.207359]
[8.768821]
[10.97853]
[11.628532]
[11.616898]
[11.548407]
[15.951731]
[11.615144]
[9.4203]
[12.302174]
[15.668677]
[19.21399]
[14.407029]
[11.974605]
[11.226991]
[10.061991]
[10.015122]
[10.832529]
[11.051194]
[11.792215]
[11.97564]
[11.270311]
[11.1811695]
[11.960788]
[11.777766]
[11.542215]
[12.234243]
[12.400286]
[11.538264]
[10.890343]
[11.785218]
[11.94912]
[11.908541]
[11.857966]
[11.530126]
[11.030914]
[10.915226]
[11.367126]
[12.710852]
[12.442246]
[11.083337]
[12.178347]
[12.356198]
[11.790997]
[12.251758]
[12.311745]
[11.625486]
[13.011838]
[12.634085]
[12.626832]
[12.599813]
[12.449412]
[12.308742]
[12.296787]
[12.461334]
[12.367273]
[13.986298]
[16.841766]
[16.12528]
[12.813087]
[12.434957]
[12.8052025]
[12.996135]
[13.421775]
[13.027684]
[12.803508]
[12.7624]
[12.750611]
[12.890789]
[12.874439]
[12.888869]
[12.729663]
[12.648239]
[12.500014]
[12.602845]
[12.664181]
[12.873709]
[12.85897]
[12.843497]
[12.718048]
[12.7692995]
[12.790849]
[12.892253]
[12.92852]
[12.819629]
[12.761478]
[12.784286]
[12.897088]
[12.842363]
[12.895198]
[12.903527]
[12.903151]
[13.075135]
[12.75873]
[12.867081]
[12.913601]
[12.499112]
[12.7060175]
[12.866416]
[12.6843405]
[12.581095]
[12.512944]
[12.563038]
[12.47903]
[12.772111]
[12.9063425]
[13.039234]
[13.152799]
[13.214642]
[13.723222]
[14.244426]
[12.807207]
[35.467983]
[20.576982]
[25.226332]
[12.904851]
[12.726281]
[12.096965]
[13.239041]
[13.713313]
[14.176771]
[13.95578]
[14.017401]
[13.99596]
[14.093538]
[13.862888]
[13.687519]
[13.764126]
[13.801642]
[14.251426]
[13.660405]
[13.530802]
[13.442982]
[13.491954]
[12.937074]
[13.28802]
[11.974049]
[11.647013]
[11.322453]
[11.407872]
[11.813628]
[12.759661]
[12.096184]
[11.74828]
[11.511364]
[11.421622]
[11.277183]
[11.127489]
[11.323786]
[11.187499]
[11.135613]
[10.992088]
[10.938149]
[10.849445]
[10.765354]
[10.667524]
[10.696899]
[10.984909]
[11.661919]
[12.378392]
[12.541044]
[12.304678]
[11.69701]
[11.5689125]
[11.281461]
[11.231671]
[11.304401]
[10.322653]
[9.882258]
[9.294626]
[9.308344]
[9.409709]
[9.381653]
[9.383299]
[9.320459]
[9.350912]
[9.284492]
[9.280312]
[9.288473]
[9.217795]
[9.284796]
[9.256246]
[9.280278]
[9.25661]
[9.258199]
[9.225719]
[9.197532]
[9.153592]
[9.145892]
[9.0981045]
[9.112323]
[9.118664]
[9.138606]
[9.09643]
[9.088406]
[9.131069]
[9.097904]
[8.765573]
[8.6519985]
[8.544856]
[8.35069]
[8.3045225]
[8.351142]
[8.374053]
[8.351008]
[8.318221]
[8.256068]
[8.345279]
[8.553389]
[9.023938]
[8.857284]
[8.748686]
[8.633791]
[8.548691]
[8.480051]
[8.427077]
[8.413366]
[8.434952]
[8.364741]
[8.354386]
[8.34071]
[8.273601]
[8.33893]
[8.497352]
[8.525728]
[8.478357]
[8.573584]
[8.45741]
[8.092633]
[7.9559054]
[7.8468843]
[7.7849183]
[7.7458954]
[7.7964206]
[7.8087015]
[7.7625628]
[7.7321916]
[7.7634206]
[7.7337837]
[7.7329493]
[7.7432327]
[7.74237]
[7.7149267]
[7.732486]
[7.7204103]
[7.7188115]
[7.6942115]
[7.6742554]
[7.7461443]
[7.6965113]
[7.696094]
[7.739334]
[7.7520056]
[7.723205]
[7.7649994]
[7.755375]
[7.8186812]
[7.8371854]
[6.699762]
[6.412604]
[6.288985]
[5.875469]
[5.8380327]
[5.7825656]
[5.8216844]
[5.803837]
[5.7846813]
[5.8235016]
[5.813443]
[5.8087735]
[5.7940173]
[5.8024282]
[5.8298864]
[5.811711]
[5.7983465]
[5.864597]
[5.830236]
[5.8250666]
[5.8686013]
[5.8570504]
[5.8607817]
[5.8601894]
[5.875043]
[5.8777103]
[5.878493]
[5.8794513]
[5.89136]
[5.9234943]
[5.890437]
[5.9437075]
[6.225863]
[6.2400403]
[9.200795]
[6.8018675]
[7.497255]
[7.73326]
[6.41353]
[6.1040945]
[6.040212]
[5.9747133]
[6.180029]
[5.9658628]
[6.139229]
[5.941438]
[6.100557]
[5.905901]
[7.734141]
[6.473355]
[6.023426]
[5.9979]
[5.97321]
[5.948507]
[5.9237375]
[5.719937]
[5.8576274]
[5.8223867]
[7.6086392]
[6.079322]
[5.648151]
[5.756195]
[5.6163454]
[5.6028404]
[5.694823]
[5.5736375]
[5.6586523]
[5.625116]
[5.5412846]
[5.599964]
[5.5174866]
[5.4842043]
[5.464542]
[5.511209]
[5.4477196]
[5.4825625]
[5.413108]
[5.4295115]
[5.4173975]
[5.400306]
[5.3193045]
[5.3783298]
[5.353766]
[5.314]
[5.3362837]
[5.290161]
[5.2744904]
[5.3002763]
[5.2215414]
[5.214272]
[7.9003854]
[8.024494]
[8.307497]
[7.9952073]
[8.235086]
[8.330104]
[8.302556]
[8.285161]
[8.828881]
[8.405127]
[8.817393]
[8.39445]
[8.805446]
[8.383489]
[8.794761]
[8.912714]
[8.409823]
[8.385003]
[8.413267]
[8.441287]
[8.479513]
[8.5046215]
[8.470633]
[8.807676]
[8.591558]
[9.065873]
[8.924826]
[8.65617]
[9.353634]
[9.459993]
[9.446607]
[10.992541]
[11.2913065]
[11.271958]
[11.756006]
[11.33237]
[11.712095]
[12.283767]
[12.347565]
[14.874157]
[16.283339]
[14.634095]
[11.851239]
[11.828997]
[11.808743]
[12.148153]
[15.030897]
[12.382914]
[11.911139]
[11.82359]
[12.149453]
[11.290337]
[11.089817]
[11.18643]
[11.594398]
[11.800978]
[12.1546955]
[11.990635]
[11.682815]
[11.88234]
[11.884379]
[13.063342]
[13.597385]
[13.656858]
[13.673967]
[13.2502]
[13.253873]
[12.923727]
[13.212109]
[13.3713045]
[13.325333]
[18.231932]
[19.965204]
[16.930836]
[16.05337]
[13.157322]
[15.390646]
[15.701175]
[15.588939]
[15.376579]
[15.303513]
[15.161914]
[15.086571]
[15.045309]
[14.934004]
[14.977269]
[15.525369]
[16.408138]
[16.366964]
[16.420319]
[16.26387]
[16.25956]
[16.544405]
[17.307217]
[17.279053]
[17.779718]
[15.558244]
[14.144757]
[15.17001]
[15.854069]
[16.183558]
[16.64366]
[15.967852]
[15.600424]
[16.302418]
[15.501042]
[15.701728]
[16.100574]
[15.790603]
[15.380323]
[15.38505]
[15.3712]
[15.190722]
[15.099137]
[15.348005]
[15.408191]
[16.636412]
[16.137897]
[15.137019]
[15.419354]
[15.254123]
[15.173591]
[14.779257]
[15.1096525]
[15.2554245]
[15.175198]
[16.076294]
[15.722809]
[15.413297]
[15.305567]
[15.072132]
[15.504466]
[15.20922]
[15.660889]
[22.272268]
[23.089243]
[18.39338]
[26.669765]
[26.101929]
[19.107641]
[17.594522]
[18.675598]
[4.7570133]
[13.157184]
[16.06178]
[15.827058]
[18.918144]
[34.897823]
[41.088394]
[46.477688]
[50.13639]
[45.95593]
[36.163574]
[53.92158]
[63.132442]
[60.807137]
[59.470795]
[50.3336]
[69.60059]
[87.2678]
[86.852554]
[116.207375]
[108.316986]
[117.30191]
[99.599625]
[95.310234]
[92.297035]
[93.119446]
[88.56894]
[85.60591]
[82.29895]
[81.834564]
[67.15709]
[65.61475]
[81.83514]
[80.35949]
[82.28369]
[85.10504]
[80.783844]
[82.880936]
[101.54668]
[116.83429]
[128.4998]
[126.312386]
[121.44479]
[122.35088]
[121.88445]
[118.98348]
[95.46915]
[92.989845]
[89.676155]
[89.00191]
[87.2426]
[58.37673]
[48.073208]
[57.878838]
[54.0647]
[50.36337]
[39.82245]
[21.581997]
[17.548601]
[17.734432]
[29.213627]
[44.562706]
[40.664745]
[42.359474]
[34.704308]
[18.871916]
[14.318773]
[26.375847]
[17.840048]
[14.819843]
[14.281262]
[12.214479]
[11.454706]
[11.549106]
[13.656913]
[13.861624]
[12.9576025]
[12.041291]
[12.7377]
[11.203793]
[10.708727]
[11.704173]
[11.621045]
[10.969161]
[11.445921]
[11.622275]
[11.830241]
[12.211912]
[14.131105]
[14.897974]
[12.008229]
[11.424559]
[12.057725]
[12.339092]
[12.108194]
[11.547889]
[11.683155]
[11.711691]
[11.104215]
[11.494099]
[10.192368]
[9.097456]
[10.101876]
[11.093425]
[12.978115]
[13.307872]
[16.10162]
[12.722904]
[11.982239]
[12.048663]
[10.589756]
[9.22542]
[10.386259]
[17.231054]
[10.74374]
[8.53114]
[9.560406]
[9.790366]
[13.446554]
[13.556898]
[12.232107]
[9.81617]
[10.116941]
[22.809908]
[29.0882]
[28.153193]
[26.679913]
[20.952137]
[13.634428]
[9.748546]
[8.927642]
[7.1464057]
[6.4197884]
[6.1952887]
[5.9781723]
[5.4537473]
[5.6557827]
[5.747481]
[5.843443]
[5.4767904]
[5.5427804]
[5.5472875]
[5.328629]
[5.397188][10.25]
[9.45]
[13.02]
[10.69]
[5.31]
[5.25]
[5.26]
[5.31]
[5.31]
[5.3]
[5.29]
[5.3]
[9.25]
[9.31]
[9.28]
[9.29]
[9.27]
[9.26]
[9.25]
[9.26]
[9.26]
[9.27]
[9.25]
[9.25]
[9.32]
[9.28]
[9.26]
[9.22]
[9.21]
[9.23]
[9.23]
[9.06]
[9.24]
[9.25]
[9.24]
[9.29]
[9.55]
[9.28]
[9.27]
[9.27]
[9.25]
[9.24]
[9.28]
[12.21]
[12.29]
[12.32]
[12.27]
[12.3]
[12.29]
[12.25]
[12.25]
[12.25]
[12.29]
[12.3]
[12.3]
[12.31]
[12.36]
[12.34]
[12.35]
[12.36]
[12.37]
[12.39]
[12.39]
[12.4]
[12.36]
[12.39]
[12.4]
[12.41]
[12.52]
[12.25]
[12.25]
[12.03]
[12.31]
[26.75]
[15.2]
[15.05]
[15.12]
[15.03]
[15.09]
[15.17]
[15.22]
[15.41]
[15.4]
[15.43]
[15.24]
[15.14]
[15.08]
[15.29]
[15.3]
[15.23]
[15.22]
[15.17]
[15.21]
[15.24]
[15.21]
[15.26]
[15.09]
[15.03]
[14.94]
[15.09]
[15.28]
[15.3]
[15.52]
[15.38]
[15.46]
[15.26]
[15.55]
[15.54]
[15.27]
[22.36]
[17.87]
[15.85]
[42.75]
[82.22]
[94.05]
[93.25]
[90.97]
[55.68]
[49.63]
[58.09]
[56.67]
[54.59]
[53.59]
[58.05]
[53.08]
[41.74]
[57.88]
[58.89]
[56.17]
[56.45]
[59.98]
[24.57]
[23.68]
[48.95]
[58.59]
[52.66]
[61.65]
[55.39]
[15.63]
[15.57]
[49.45]
[48.02]
[57.5]
[95.04]
[91.35]
[127.12]
[159.08]
[215.85]
[192.9]
[144.63]
[136.75]
[131.02]
[99.64]
[86.83]
[129.19]
[131.03]
[129.73]
[130.49]
[130.52]
[92.3]
[87.76]
[90.33]
[91.84]
[90.24]
[92.4]
[96.82]
[52.74]
[45.22]
[55.96]
[60.38]
[51.61]
[55.5]
[62.81]
[54.04]
[56.12]
[53.08]
[60.33]
[38.11]
[64.66]
[62.07]
[50.21]
[45.53]
[67.12]
[58.52]
[53.52]
[50.52]
[53.77]
[41.06]
[38.17]
[35.45]
[50.08]
[57.71]
[43.73]
[61.41]
[54.5]
[42.43]
[96.98]
[93.31]
[95.73]
[93.08]
[91.61]
[94.94]
[85.74]
[88.4]
[98.74]
[90.94]
[95.37]
[98.5]
[45.13]
[47.61]
[67.66]
[39.1]
[71.69]
[37.29]
[69.59]
[19.53]
[12.7]
[49.99]
[27.12]
[31.05]
[19.21]
[28.46]
[14.31]
[9.94]
[17.83]
[28.86]
[44.83]
[46.46]
[52.06]
[24.01]
[9.42]
[50.97]
[57.23]
[44.2]
[37.8]
[12.15]
[9.41]
[10.47]
[20.43]
[33.31]
[48.25]
[44.01]
[55.45]
[12.7]
[10.36]
[51.64]
[50.92]
[50.38]
[49.93]
[49.1]
[13.79]
[10.13]
[29.22]
[34.2]
[23.2]
[39.35]
[38.77]
[14.08]
[10.2]
[32.49]
[35.58]
[33.86]
[32.24]
[29.9]
[23.23]
[16.87]
[24.9]
[28.37]
[17.49]
[16.74]
[47.53]
[16.06]
[15.03]
[32.65]
[36.66]
[33.79]
[32.62]
[31.6]
[12.79]
[8.68]
[29.3]
[28.48]
[33.01]
[32.79]
[29.71]
[12.11]
[7.79]
[7.39]
[5.3]
[5.33]
[5.36]
[5.41]
[5.44]
[5.46]
[5.48]
[5.51]
[5.52]
[5.54]
[5.55]
[5.56]
[5.57]
[5.58]
[5.41]
[5.59]
[5.59]
[5.59]
[5.59]
[5.59]
[5.59]
[5.52]
[9.82]
[15.53]
[16.95]
[20.82]
[11.7]
[14.18]
[15.4]
[23.39]
[19.41]
[16.47]
[11.42]
[6.71]
[12.54]
[12.67]
[10.63]
[11.37]
[12.05]
[14.44]
[14.47]
[12.32]
[14.46]
[13.82]
[14.57]
[14.58]
[8.47]
[14.78]
[14.81]
[14.47]
[5.31]
[5.31]
[5.29]
[6.65]
[12.03]
[10.97]
[11.68]
[7.09]
[5.32]
[5.32]
[5.33]
[5.32]
[5.32]
[7.66]
[5.32]
[5.32]
[5.32]
[5.29]
[5.21]
[5.09]
[5.1]
[5.1]
[5.1]
[5.11]
[5.11]
[5.1]
[5.12]
[5.22]
[5.48]
[5.49]
[5.27]
[5.12]
[5.13]
[5.12]
[5.12]
[5.11]
[5.16]
[8.76]
[8.76]
[8.94]
[8.95]
[8.95]
[10.8]
[10.34]
[8.93]
[12.82]
[12.41]
[9.78]
[12.71]
[13.05]
[9.78]
[9.61]
[13.47]
[13.71]
[13.82]
[13.8]
[20.11]
[12.1]
[10.21]
[15.44]
[19.36]
[24.22]
[16.35]
[13.82]
[12.91]
[11.05]
[11.21]
[12.63]
[12.73]
[13.93]
[14.]
[12.75]
[12.72]
[14.06]
[13.64]
[13.18]
[14.13]
[14.47]
[12.97]
[12.08]
[13.53]
[13.92]
[14.]
[14.03]
[13.47]
[12.53]
[12.61]
[12.89]
[13.87]
[13.64]
[12.29]
[13.75]
[12.77]
[12.77]
[13.97]
[13.97]
[12.95]
[15.58]
[14.78]
[14.97]
[14.82]
[14.67]
[14.69]
[14.7]
[14.81]
[14.7]
[17.5]
[18.04]
[19.37]
[14.58]
[14.62]
[14.69]
[14.75]
[14.6]
[14.39]
[14.42]
[14.49]
[14.55]
[14.59]
[14.62]
[14.6]
[14.31]
[14.23]
[14.12]
[14.15]
[14.3]
[14.52]
[14.49]
[14.43]
[14.23]
[14.17]
[14.28]
[14.37]
[14.29]
[14.2]
[14.09]
[14.11]
[14.23]
[14.04]
[14.13]
[14.15]
[14.07]
[14.02]
[13.88]
[13.88]
[13.78]
[13.82]
[13.92]
[14.08]
[13.97]
[13.86]
[13.82]
[13.83]
[13.99]
[14.01]
[13.84]
[13.78]
[13.71]
[13.96]
[14.1]
[13.99]
[13.72]
[16.98]
[13.92]
[13.67]
[13.53]
[13.42]
[13.41]
[13.36]
[14.17]
[14.52]
[14.48]
[14.44]
[14.41]
[14.38]
[14.37]
[14.35]
[14.34]
[14.31]
[15.25]
[14.32]
[14.31]
[14.29]
[14.29]
[14.58]
[14.56]
[12.15]
[11.95]
[11.88]
[11.87]
[11.82]
[13.39]
[11.95]
[11.94]
[11.89]
[11.86]
[11.86]
[11.84]
[11.83]
[11.81]
[11.86]
[11.86]
[11.8]
[11.8]
[11.79]
[11.78]
[11.77]
[11.96]
[11.94]
[11.9]
[11.85]
[11.35]
[11.83]
[11.8]
[12.]
[12.06]
[12.03]
[9.66]
[9.6]
[9.59]
[9.63]
[9.74]
[9.73]
[9.68]
[9.68]
[9.7]
[9.68]
[9.68]
[9.67]
[9.67]
[9.73]
[9.77]
[9.75]
[9.77]
[9.77]
[9.77]
[9.74]
[9.74]
[9.73]
[9.72]
[9.75]
[9.75]
[9.79]
[9.77]
[9.77]
[9.78]
[9.77]
[9.09]
[9.09]
[8.91]
[8.69]
[8.69]
[8.66]
[8.69]
[8.7]
[8.7]
[8.66]
[8.67]
[8.77]
[8.78]
[8.78]
[8.77]
[8.78]
[8.77]
[8.74]
[8.74]
[8.77]
[8.77]
[8.77]
[8.76]
[8.77]
[8.76]
[8.77]
[8.77]
[8.76]
[8.76]
[8.77]
[8.71]
[8.26]
[8.23]
[8.06]
[8.02]
[8.01]
[8.04]
[8.06]
[8.04]
[8.05]
[8.06]
[8.05]
[8.05]
[8.07]
[8.07]
[8.06]
[8.04]
[8.08]
[8.07]
[8.07]
[8.03]
[8.1]
[8.09]
[8.1]
[8.11]
[8.1]
[8.11]
[8.12]
[8.11]
[8.11]
[8.13]
[6.13]
[6.11]
[5.91]
[5.29]
[5.35]
[5.29]
[5.31]
[5.3]
[5.3]
[5.3]
[5.31]
[5.3]
[5.27]
[5.29]
[5.29]
[5.29]
[5.3]
[5.3]
[5.34]
[5.31]
[5.31]
[5.32]
[5.32]
[5.31]
[5.33]
[5.32]
[5.32]
[5.31]
[5.33]
[5.32]
[5.34]
[5.34]
[5.89]
[5.74]
[5.51]
[5.5]
[7.49]
[7.16]
[5.55]
[5.56]
[5.48]
[5.43]
[5.41]
[5.42]
[5.48]
[5.44]
[5.44]
[5.44]
[7.99]
[5.37]
[5.4]
[5.41]
[5.38]
[5.38]
[5.39]
[5.38]
[5.38]
[5.43]
[5.4]
[5.41]
[5.42]
[5.41]
[5.41]
[5.41]
[5.41]
[5.42]
[5.44]
[5.44]
[5.45]
[5.47]
[5.47]
[5.4]
[5.42]
[5.44]
[5.46]
[5.47]
[5.46]
[5.46]
[5.47]
[5.47]
[5.42]
[5.48]
[5.49]
[5.48]
[5.46]
[5.46]
[5.5]
[5.51]
[5.48]
[5.46]
[9.04]
[9.13]
[9.13]
[9.16]
[9.17]
[9.17]
[9.19]
[9.21]
[9.24]
[9.24]
[9.22]
[9.2]
[9.27]
[9.28]
[9.28]
[9.29]
[9.32]
[9.33]
[9.33]
[9.34]
[9.36]
[9.37]
[9.38]
[9.41]
[9.41]
[9.41]
[9.41]
[9.42]
[9.83]
[9.49]
[9.52]
[12.18]
[12.29]
[12.29]
[12.33]
[12.37]
[12.42]
[12.45]
[12.39]
[15.27]
[16.55]
[14.11]
[12.06]
[12.15]
[12.22]
[12.2]
[14.89]
[12.24]
[12.29]
[12.3]
[12.82]
[12.19]
[12.16]
[12.29]
[12.32]
[12.3]
[12.41]
[12.47]
[12.46]
[12.66]
[12.65]
[14.68]
[15.59]
[15.66]
[15.62]
[15.61]
[15.62]
[15.55]
[15.55]
[15.53]
[15.48]
[15.58]
[15.63]
[15.67]
[15.73]
[15.76]
[15.69]
[15.74]
[15.74]
[15.7]
[15.75]
[15.81]
[15.74]
[15.69]
[15.67]
[15.67]
[15.69]
[15.71]
[15.78]
[15.82]
[15.85]
[15.84]
[15.82]
[15.81]
[15.68]
[15.65]
[15.45]
[15.76]
[15.72]
[15.72]
[15.72]
[15.86]
[15.62]
[15.55]
[15.84]
[15.47]
[15.85]
[15.91]
[15.89]
[15.6]
[15.96]
[15.99]
[15.84]
[15.77]
[15.99]
[15.57]
[15.56]
[15.78]
[15.69]
[15.67]
[15.63]
[15.75]
[15.5]
[15.92]
[15.96]
[15.99]
[16.2]
[15.99]
[15.99]
[15.96]
[15.93]
[15.94]
[15.96]
[15.89]
[15.75]
[15.57]
[14.85]
[16.98]
[17.18]
[17.15]
[16.64]
[16.94]
[16.89]
[16.85]
[16.85]
[16.82]
[22.09]
[48.14]
[54.09]
[52.25]
[50.82]
[26.21]
[24.32]
[46.38]
[54.6]
[55.32]
[58.59]
[42.22]
[59.61]
[52.27]
[91.07]
[134.99]
[99.13]
[93.08]
[89.49]
[90.15]
[90.7]
[92.91]
[90.54]
[92.41]
[91.17]
[89.85]
[54.37]
[55.31]
[91.98]
[89.63]
[92.51]
[92.65]
[53.92]
[58.15]
[118.86]
[121.02]
[128.01]
[129.11]
[130.04]
[130.07]
[129.96]
[130.52]
[93.73]
[94.19]
[93.43]
[94.32]
[94.03]
[49.04]
[42.92]
[63.69]
[56.03]
[54.7]
[38.34]
[11.79]
[11.72]
[12.96]
[33.11]
[57.23]
[47.44]
[52.93]
[38.46]
[13.38]
[10.84]
[32.12]
[12.86]
[13.04]
[11.96]
[9.06]
[9.09]
[9.87]
[13.99]
[13.87]
[12.77]
[11.54]
[13.62]
[10.08]
[9.89]
[11.66]
[11.41]
[10.97]
[12.27]
[12.58]
[13.52]
[14.11]
[18.19]
[19.12]
[13.6]
[13.55]
[13.48]
[13.43]
[13.64]
[13.07]
[13.76]
[13.75]
[12.85]
[13.71]
[11.22]
[9.92]
[11.7]
[12.05]
[15.5]
[15.5]
[20.41]
[11.86]
[11.21]
[12.16]
[10.03]
[8.58]
[11.93]
[24.96]
[9.81]
[9.12]
[11.89]
[11.97]
[19.72]
[18.14]
[16.04]
[11.71]
[13.74]
[39.18]
[46.43]
[42.22]
[40.7]
[29.17]
[11.6]
[7.7]
[7.77]
[5.18]
[5.21]
[5.24]
[5.27]
[5.28]
[5.29]
[5.31]
[5.33]
[5.34]
[5.35]
[5.36]
[5.37]
[5.38]
[5.39]