0.8993116410326714, 0.9028234968489095, 5.944645053616996, 193.1576789262472[11.195273]
[8.413147]
[7.3494587]
[9.461929]
[8.364924]
[4.811126]
[4.2505264]
[4.286934]
[4.296363]
[4.289119]
[4.275443]
[4.242318]
[4.2622156]
[6.711703]
[7.1852326]
[7.1673546]
[7.2338943]
[7.625667]
[8.5346985]
[8.930048]
[8.332302]
[7.776619]
[7.605938]
[7.5315027]
[7.4827337]
[7.504731]
[7.497869]
[7.474072]
[7.393686]
[7.3544335]
[7.3306885]
[7.3876367]
[7.401561]
[7.4932647]
[7.4532585]
[7.4835615]
[7.4939003]
[7.611084]
[11.344468]
[8.337936]
[7.792677]
[8.1156025]
[8.2768]
[8.164427]
[9.836376]
[10.068928]
[10.0148]
[10.020027]
[10.011388]
[10.262759]
[10.413045]
[10.320385]
[10.1050415]
[10.113264]
[10.047543]
[9.998692]
[10.01009]
[10.05767]
[10.005415]
[9.990135]
[10.009189]
[10.0318365]
[9.989929]
[10.026703]
[10.049719]
[10.014452]
[10.312389]
[10.512238]
[10.282708]
[10.386798]
[12.998778]
[7.7773223]
[9.474605]
[10.057018]
[36.216732]
[16.414667]
[12.116055]
[12.147248]
[12.08829]
[12.093956]
[12.212848]
[12.33959]
[12.367506]
[12.408487]
[12.511705]
[12.2717285]
[12.17019]
[12.258025]
[12.528069]
[12.3685465]
[12.330885]
[12.1268015]
[12.575339]
[12.636151]
[12.349493]
[12.446644]
[12.530956]
[12.363602]
[12.344763]
[11.847005]
[12.034004]
[12.523825]
[12.369381]
[12.812276]
[13.003905]
[13.419565]
[17.628931]
[17.697844]
[16.97398]
[27.328484]
[35.50283]
[16.818428]
[59.915794]
[55.953724]
[76.90923]
[91.859474]
[124.87364]
[84.25639]
[66.21132]
[55.533264]
[59.00706]
[56.61537]
[52.163013]
[48.89852]
[50.44761]
[47.26897]
[38.995358]
[47.277985]
[49.743946]
[47.77611]
[48.035355]
[50.71009]
[28.88175]
[24.997423]
[40.17813]
[47.86661]
[44.360886]
[48.403095]
[44.70286]
[20.800894]
[20.864859]
[41.883595]
[47.122356]
[62.6816]
[91.823875]
[135.09201]
[155.9871]
[164.26584]
[199.19693]
[167.31216]
[142.9904]
[136.01878]
[121.68559]
[99.923355]
[84.34834]
[108.61826]
[111.52871]
[112.93975]
[116.489746]
[123.205734]
[99.419525]
[90.65528]
[88.85909]
[88.704956]
[86.19488]
[86.58199]
[90.290474]
[66.33094]
[58.009758]
[66.82481]
[68.15687]
[65.834946]
[63.493366]
[65.27088]
[58.058266]
[55.17342]
[51.467052]
[53.890392]
[40.27206]
[52.80937]
[53.705467]
[46.83314]
[43.42862]
[55.052444]
[50.740612]
[45.632698]
[42.624657]
[44.141262]
[38.80611]
[38.79655]
[42.077595]
[56.8376]
[61.84003]
[55.88003]
[61.173344]
[55.141785]
[53.829556]
[89.48255]
[89.576225]
[87.77822]
[82.33217]
[78.32605]
[78.964516]
[76.76635]
[81.00975]
[89.655334]
[86.63604]
[92.85037]
[95.28899]
[65.19306]
[59.838875]
[70.90189]
[52.18979]
[68.63906]
[47.99477]
[61.663467]
[32.9422]
[22.982311]
[43.674286]
[32.73373]
[31.80148]
[24.667522]
[28.344578]
[20.696783]
[16.37582]
[20.272299]
[26.466398]
[35.54704]
[37.324657]
[41.12172]
[27.915125]
[18.074951]
[40.29797]
[47.101963]
[39.775833]
[35.908188]
[21.711441]
[19.193527]
[19.246214]
[23.44978]
[30.022629]
[38.18402]
[36.74164]
[42.061344]
[19.583542]
[15.833324]
[37.568127]
[40.07145]
[39.53637]
[38.95753]
[37.85575]
[19.813665]
[16.718946]
[26.83305]
[30.384989]
[23.55941]
[30.728159]
[31.278593]
[16.942019]
[12.636554]
[24.546406]
[28.166416]
[26.877207]
[25.529345]
[23.739658]
[19.477177]
[15.4226675]
[19.699343]
[22.536919]
[17.331978]
[17.892199]
[36.442646]
[19.720877]
[15.286111]
[24.80393]
[28.4198]
[26.69769]
[25.511526]
[24.071598]
[13.107373]
[9.16147]
[20.554188]
[21.278622]
[23.846184]
[24.644732]
[22.830744]
[11.885453]
[7.7380857]
[7.11565]
[5.8555355]
[5.597699]
[5.9162073]
[6.1007714]
[5.8646183]
[5.7301073]
[5.6227593]
[5.6885133]
[5.6690454]
[5.6188745]
[5.5074053]
[5.4406624]
[5.443095]
[5.4537034]
[5.343564]
[5.3196173]
[5.2653084]
[5.2574296]
[5.2574296]
[5.2574296]
[5.2574296]
[5.0937023]
[7.1838646]
[12.589382]
[12.562179]
[14.515574]
[9.5993185]
[10.232921]
[11.046259]
[15.814146]
[14.318201]
[12.214474]
[8.838903]
[5.541338]
[8.521231]
[9.091806]
[7.8422904]
[8.099047]
[8.643889]
[10.261777]
[10.536938]
[9.184508]
[10.291611]
[17.903822]
[12.103254]
[10.838888]
[7.068602]
[10.49607]
[11.178335]
[10.850282]
[5.207442]
[4.309173]
[4.3233504]
[5.1207333]
[8.541356]
[8.684545]
[8.780477]
[5.9775414]
[4.4508243]
[4.307745]
[4.3293114]
[4.322124]
[4.287902]
[5.7635164]
[4.550827]
[4.2906437]
[4.3344593]
[4.301398]
[4.267412]
[4.2117763]
[4.489527]
[4.59159]
[4.4773846]
[4.417466]
[4.3284783]
[4.2784834]
[4.2915177]
[4.353993]
[4.494596]
[4.519812]
[4.4090347]
[4.4098973]
[4.327023]
[4.2987585]
[4.3201904]
[4.317132]
[4.347252]
[6.5770073]
[6.9741826]
[11.985301]
[7.995402]
[7.129758]
[8.454033]
[8.210091]
[7.285768]
[10.470939]
[9.917421]
[8.044757]
[9.753537]
[10.2811]
[8.193974]
[7.8116493]
[10.363967]
[11.030746]
[11.063058]
[10.963812]
[15.946779]
[10.752531]
[8.378679]
[11.805357]
[15.657979]
[19.127594]
[13.926029]
[11.394296]
[10.582774]
[9.205615]
[9.249032]
[10.216756]
[10.366047]
[11.204527]
[11.409884]
[10.5140505]
[10.443946]
[11.37235]
[11.068797]
[10.716654]
[11.554535]
[11.895594]
[10.725196]
[9.981321]
[11.08587]
[11.50962]
[11.546958]
[11.552337]
[11.149127]
[10.431012]
[9.83018]
[10.379798]
[11.673859]
[11.546755]
[10.098763]
[11.258264]
[11.234787]
[10.827855]
[11.4721365]
[11.54143]
[10.707324]
[12.529152]
[12.2747135]
[12.233462]
[12.176439]
[12.105931]
[12.117899]
[12.0567465]
[12.064902]
[11.957382]
[13.444975]
[15.883976]
[14.980626]
[11.975566]
[11.639644]
[11.763192]
[11.974967]
[11.941578]
[11.669711]
[11.511934]
[11.420029]
[11.452936]
[11.398433]
[11.39491]
[11.331919]
[11.089522]
[10.913487]
[10.970876]
[10.949664]
[11.168584]
[11.336197]
[11.436959]
[11.486738]
[11.518237]
[11.455656]
[11.64958]
[11.823771]
[11.802042]
[11.839465]
[11.852942]
[11.965709]
[12.175452]
[12.147917]
[12.223264]
[12.174374]
[12.065292]
[11.856243]
[11.594609]
[11.537952]
[11.3068]
[11.178805]
[11.20585]
[11.1899605]
[10.997107]
[10.897685]
[10.975891]
[11.071676]
[11.277971]
[11.4988785]
[11.573829]
[11.675931]
[11.741609]
[11.959192]
[12.215329]
[12.240796]
[13.449931]
[17.050165]
[29.2011]
[41.735332]
[10.144403]
[8.266632]
[10.49332]
[12.131887]
[13.195361]
[13.202441]
[12.98692]
[13.017424]
[13.009902]
[13.062095]
[12.870227]
[12.702635]
[12.754588]
[12.778197]
[13.295147]
[12.639101]
[12.520405]
[12.447753]
[12.473928]
[11.919231]
[12.357422]
[10.892725]
[10.634973]
[10.437705]
[10.567686]
[10.919706]
[12.012697]
[11.167431]
[10.8751745]
[10.631804]
[10.495663]
[10.353534]
[10.243823]
[10.365756]
[10.275062]
[10.189683]
[10.060099]
[9.967797]
[9.881738]
[9.785289]
[9.702441]
[9.752607]
[10.1816025]
[10.956878]
[11.724088]
[11.797471]
[11.688254]
[10.998248]
[10.735445]
[10.546903]
[10.415377]
[10.62294]
[9.481068]
[9.0711155]
[8.5922575]
[8.460947]
[8.56914]
[8.4960165]
[8.518547]
[8.435826]
[8.48663]
[8.3988905]
[8.356523]
[8.425148]
[8.305005]
[8.405701]
[8.347468]
[8.371778]
[8.3605]
[8.372965]
[8.331974]
[8.314109]
[8.262432]
[8.266158]
[8.209047]
[8.206621]
[8.211685]
[8.265179]
[8.212794]
[8.156072]
[8.238694]
[8.152134]
[7.7900105]
[7.730162]
[7.633636]
[7.4245124]
[7.30057]
[7.3611555]
[7.4551263]
[7.4512434]
[7.4205575]
[7.237182]
[7.217405]
[7.178278]
[8.016673]
[8.151989]
[7.962709]
[7.810522]
[7.6717]
[7.5807004]
[7.528477]
[7.4559765]
[7.526009]
[7.4579225]
[7.4077435]
[7.4550323]
[7.3393617]
[7.254867]
[7.4385257]
[7.6162643]
[7.4814687]
[7.623627]
[7.606482]
[7.1938934]
[7.015334]
[6.8702435]
[6.8396444]
[6.7587824]
[6.800139]
[6.862051]
[6.8356576]
[6.7471933]
[6.798434]
[6.778722]
[6.759074]
[6.7701907]
[6.7992377]
[6.732821]
[6.770052]
[6.769752]
[6.7781067]
[6.7454486]
[6.6744313]
[6.8218026]
[6.768688]
[6.7035823]
[6.7566624]
[6.8179946]
[6.7492747]
[6.78362]
[6.729799]
[6.8137836]
[6.868872]
[5.575328]
[5.383523]
[5.2682185]
[4.7664704]
[4.7626395]
[4.669701]
[4.7338448]
[4.720493]
[4.653874]
[4.7342024]
[4.730655]
[4.7056]
[4.6899943]
[4.6994977]
[4.7546425]
[4.7229953]
[4.6627145]
[4.7991986]
[4.729979]
[4.6703005]
[4.7753425]
[4.768378]
[4.753211]
[4.7518883]
[4.7677083]
[4.768837]
[4.7696023]
[4.769694]
[4.7819777]
[4.8417444]
[4.7666817]
[4.8438644]
[5.1575894]
[5.1364403]
[8.571124]
[5.5011606]
[6.6112046]
[6.858809]
[5.2531657]
[5.0198956]
[4.993213]
[4.9556365]
[5.2903953]
[4.9882913]
[5.277463]
[5.004408]
[5.278422]
[5.010666]
[7.1709013]
[5.64265]
[5.299901]
[5.2967124]
[5.2939467]
[5.29118]
[5.288266]
[4.996768]
[5.258603]
[4.8784165]
[7.152285]
[5.393302]
[5.014289]
[5.268034]
[5.044023]
[5.022753]
[5.2624273]
[5.055842]
[5.246426]
[5.261466]
[5.062281]
[5.2430205]
[5.091984]
[5.0461555]
[5.0652003]
[5.2433968]
[5.091977]
[5.229828]
[5.0944963]
[5.089251]
[5.11258]
[5.23521]
[5.072447]
[5.1039495]
[5.236587]
[5.111759]
[5.108226]
[5.2261405]
[5.120499]
[5.240795]
[5.224385]
[5.092148]
[8.088336]
[8.096855]
[8.408502]
[8.015942]
[8.215412]
[8.208193]
[8.0712185]
[7.9646072]
[8.3744]
[7.837958]
[8.23411]
[7.721535]
[8.114344]
[7.6058645]
[7.9968505]
[8.013948]
[7.507446]
[7.4160967]
[7.405152]
[7.3857927]
[7.376287]
[7.3085217]
[7.2918773]
[7.5360627]
[7.295041]
[7.691618]
[7.524781]
[7.4017553]
[8.013231]
[8.156824]
[8.180321]
[9.74077]
[10.017882]
[10.061224]
[10.618708]
[10.228643]
[10.710871]
[11.361623]
[11.490464]
[14.330717]
[15.499271]
[13.710472]
[10.870863]
[10.8112545]
[10.684007]
[10.966843]
[13.5891485]
[10.819072]
[10.36363]
[10.189672]
[10.623382]
[9.964451]
[9.910048]
[10.130641]
[10.384953]
[10.565898]
[10.795485]
[10.823181]
[10.775572]
[10.990938]
[11.006058]
[11.787889]
[12.044346]
[12.173686]
[12.310211]
[11.991203]
[12.0917225]
[11.837543]
[11.776912]
[12.003992]
[13.79032]
[19.51558]
[16.851032]
[12.4732065]
[13.348993]
[10.80396]
[13.380252]
[13.900464]
[13.964106]
[13.938343]
[13.955787]
[13.98186]
[13.933592]
[13.841972]
[13.638126]
[13.645475]
[13.990083]
[12.400175]
[12.402204]
[13.03092]
[13.049195]
[12.664945]
[12.030186]
[11.5416]
[11.535331]
[11.920318]
[10.964038]
[13.222404]
[14.171522]
[14.225742]
[14.658996]
[14.51763]
[12.65653]
[13.698259]
[13.862147]
[13.571756]
[14.936708]
[15.331827]
[15.067836]
[14.697981]
[14.6730385]
[14.599871]
[14.435779]
[14.34838]
[14.342972]
[14.557716]
[14.548823]
[14.271702]
[14.482881]
[14.463456]
[14.249288]
[14.176456]
[13.815002]
[14.145113]
[14.290636]
[14.132195]
[15.046085]
[14.815888]
[14.511535]
[14.391332]
[14.250322]
[14.561525]
[14.477519]
[14.840764]
[19.565659]
[17.701052]
[13.182042]
[22.209549]
[19.983181]
[16.855686]
[18.598455]
[18.262535]
[3.506109]
[13.399051]
[15.326515]
[15.128832]
[18.48301]
[36.33962]
[42.856735]
[48.63946]
[51.702213]
[40.888954]
[32.611134]
[51.491028]
[60.19975]
[59.574696]
[60.245876]
[50.82509]
[63.95419]
[70.930954]
[85.412415]
[120.434204]
[105.02399]
[104.443954]
[93.94446]
[96.28519]
[94.03115]
[94.83219]
[90.259735]
[87.73261]
[85.35823]
[83.357346]
[65.861435]
[65.03464]
[83.40396]
[83.95733]
[84.0203]
[85.74931]
[70.04151]
[70.822464]
[103.80067]
[117.247406]
[129.95517]
[126.94332]
[123.24269]
[123.978874]
[125.36923]
[122.09229]
[96.42474]
[95.08324]
[92.11128]
[90.922104]
[89.34754]
[59.18479]
[48.144535]
[58.632843]
[54.28348]
[50.770905]
[39.312595]
[20.953451]
[18.456377]
[18.823835]
[30.239847]
[45.438614]
[41.164646]
[43.052715]
[34.84681]
[18.402294]
[14.942723]
[27.332647]
[17.766941]
[15.690162]
[15.161875]
[13.172038]
[12.625442]
[12.771138]
[14.940887]
[14.968859]
[14.07121]
[13.191256]
[14.011226]
[12.319648]
[12.013178]
[13.096353]
[12.966864]
[12.352472]
[12.8702135]
[12.996291]
[13.224339]
[13.554271]
[15.514976]
[16.122156]
[13.035938]
[12.657365]
[13.255625]
[13.571421]
[13.417192]
[12.834339]
[12.986492]
[12.973051]
[12.343001]
[12.775518]
[11.378597]
[10.361119]
[11.454791]
[12.367655]
[14.342791]
[14.54695]
[17.358784]
[13.608172]
[13.261316]
[13.492543]
[11.997241]
[10.687544]
[12.001571]
[18.866297]
[11.517281]
[9.906726]
[11.062161]
[11.160894]
[14.961409]
[14.689594]
[13.313959]
[10.829677]
[11.354471]
[23.968252]
[29.01424]
[28.11378]
[26.626724]
[21.038986]
[13.320158]
[10.145405]
[9.613492]
[7.7138715]
[7.1103067]
[6.884517]
[6.672406]
[6.127559]
[6.326423]
[6.4445767]
[6.5760927]
[6.2107277]
[6.27677]
[6.2907214]
[6.077482]
[6.1447163][10.25]
[9.45]
[13.02]
[10.69]
[5.31]
[5.25]
[5.26]
[5.31]
[5.31]
[5.3]
[5.29]
[5.3]
[9.25]
[9.31]
[9.28]
[9.29]
[9.27]
[9.26]
[9.25]
[9.26]
[9.26]
[9.27]
[9.25]
[9.25]
[9.32]
[9.28]
[9.26]
[9.22]
[9.21]
[9.23]
[9.23]
[9.06]
[9.24]
[9.25]
[9.24]
[9.29]
[9.55]
[9.28]
[9.27]
[9.27]
[9.25]
[9.24]
[9.28]
[12.21]
[12.29]
[12.32]
[12.27]
[12.3]
[12.29]
[12.25]
[12.25]
[12.25]
[12.29]
[12.3]
[12.3]
[12.31]
[12.36]
[12.34]
[12.35]
[12.36]
[12.37]
[12.39]
[12.39]
[12.4]
[12.36]
[12.39]
[12.4]
[12.41]
[12.52]
[12.25]
[12.25]
[12.03]
[12.31]
[26.75]
[15.2]
[15.05]
[15.12]
[15.03]
[15.09]
[15.17]
[15.22]
[15.41]
[15.4]
[15.43]
[15.24]
[15.14]
[15.08]
[15.29]
[15.3]
[15.23]
[15.22]
[15.17]
[15.21]
[15.24]
[15.21]
[15.26]
[15.09]
[15.03]
[14.94]
[15.09]
[15.28]
[15.3]
[15.52]
[15.38]
[15.46]
[15.26]
[15.55]
[15.54]
[15.27]
[22.36]
[17.87]
[15.85]
[42.75]
[82.22]
[94.05]
[93.25]
[90.97]
[55.68]
[49.63]
[58.09]
[56.67]
[54.59]
[53.59]
[58.05]
[53.08]
[41.74]
[57.88]
[58.89]
[56.17]
[56.45]
[59.98]
[24.57]
[23.68]
[48.95]
[58.59]
[52.66]
[61.65]
[55.39]
[15.63]
[15.57]
[49.45]
[48.02]
[57.5]
[95.04]
[91.35]
[127.12]
[159.08]
[215.85]
[192.9]
[144.63]
[136.75]
[131.02]
[99.64]
[86.83]
[129.19]
[131.03]
[129.73]
[130.49]
[130.52]
[92.3]
[87.76]
[90.33]
[91.84]
[90.24]
[92.4]
[96.82]
[52.74]
[45.22]
[55.96]
[60.38]
[51.61]
[55.5]
[62.81]
[54.04]
[56.12]
[53.08]
[60.33]
[38.11]
[64.66]
[62.07]
[50.21]
[45.53]
[67.12]
[58.52]
[53.52]
[50.52]
[53.77]
[41.06]
[38.17]
[35.45]
[50.08]
[57.71]
[43.73]
[61.41]
[54.5]
[42.43]
[96.98]
[93.31]
[95.73]
[93.08]
[91.61]
[94.94]
[85.74]
[88.4]
[98.74]
[90.94]
[95.37]
[98.5]
[45.13]
[47.61]
[67.66]
[39.1]
[71.69]
[37.29]
[69.59]
[19.53]
[12.7]
[49.99]
[27.12]
[31.05]
[19.21]
[28.46]
[14.31]
[9.94]
[17.83]
[28.86]
[44.83]
[46.46]
[52.06]
[24.01]
[9.42]
[50.97]
[57.23]
[44.2]
[37.8]
[12.15]
[9.41]
[10.47]
[20.43]
[33.31]
[48.25]
[44.01]
[55.45]
[12.7]
[10.36]
[51.64]
[50.92]
[50.38]
[49.93]
[49.1]
[13.79]
[10.13]
[29.22]
[34.2]
[23.2]
[39.35]
[38.77]
[14.08]
[10.2]
[32.49]
[35.58]
[33.86]
[32.24]
[29.9]
[23.23]
[16.87]
[24.9]
[28.37]
[17.49]
[16.74]
[47.53]
[16.06]
[15.03]
[32.65]
[36.66]
[33.79]
[32.62]
[31.6]
[12.79]
[8.68]
[29.3]
[28.48]
[33.01]
[32.79]
[29.71]
[12.11]
[7.79]
[7.39]
[5.3]
[5.33]
[5.36]
[5.41]
[5.44]
[5.46]
[5.48]
[5.51]
[5.52]
[5.54]
[5.55]
[5.56]
[5.57]
[5.58]
[5.41]
[5.59]
[5.59]
[5.59]
[5.59]
[5.59]
[5.59]
[5.52]
[9.82]
[15.53]
[16.95]
[20.82]
[11.7]
[14.18]
[15.4]
[23.39]
[19.41]
[16.47]
[11.42]
[6.71]
[12.54]
[12.67]
[10.63]
[11.37]
[12.05]
[14.44]
[14.47]
[12.32]
[14.46]
[13.82]
[14.57]
[14.58]
[8.47]
[14.78]
[14.81]
[14.47]
[5.31]
[5.31]
[5.29]
[6.65]
[12.03]
[10.97]
[11.68]
[7.09]
[5.32]
[5.32]
[5.33]
[5.32]
[5.32]
[7.66]
[5.32]
[5.32]
[5.32]
[5.29]
[5.21]
[5.09]
[5.1]
[5.1]
[5.1]
[5.11]
[5.11]
[5.1]
[5.12]
[5.22]
[5.48]
[5.49]
[5.27]
[5.12]
[5.13]
[5.12]
[5.12]
[5.11]
[5.16]
[8.76]
[8.76]
[8.94]
[8.95]
[8.95]
[10.8]
[10.34]
[8.93]
[12.82]
[12.41]
[9.78]
[12.71]
[13.05]
[9.78]
[9.61]
[13.47]
[13.71]
[13.82]
[13.8]
[20.11]
[12.1]
[10.21]
[15.44]
[19.36]
[24.22]
[16.35]
[13.82]
[12.91]
[11.05]
[11.21]
[12.63]
[12.73]
[13.93]
[14.]
[12.75]
[12.72]
[14.06]
[13.64]
[13.18]
[14.13]
[14.47]
[12.97]
[12.08]
[13.53]
[13.92]
[14.]
[14.03]
[13.47]
[12.53]
[12.61]
[12.89]
[13.87]
[13.64]
[12.29]
[13.75]
[12.77]
[12.77]
[13.97]
[13.97]
[12.95]
[15.58]
[14.78]
[14.97]
[14.82]
[14.67]
[14.69]
[14.7]
[14.81]
[14.7]
[17.5]
[18.04]
[19.37]
[14.58]
[14.62]
[14.69]
[14.75]
[14.6]
[14.39]
[14.42]
[14.49]
[14.55]
[14.59]
[14.62]
[14.6]
[14.31]
[14.23]
[14.12]
[14.15]
[14.3]
[14.52]
[14.49]
[14.43]
[14.23]
[14.17]
[14.28]
[14.37]
[14.29]
[14.2]
[14.09]
[14.11]
[14.23]
[14.04]
[14.13]
[14.15]
[14.07]
[14.02]
[13.88]
[13.88]
[13.78]
[13.82]
[13.92]
[14.08]
[13.97]
[13.86]
[13.82]
[13.83]
[13.99]
[14.01]
[13.84]
[13.78]
[13.71]
[13.96]
[14.1]
[13.99]
[13.72]
[16.98]
[13.92]
[13.67]
[13.53]
[13.42]
[13.41]
[13.36]
[14.17]
[14.52]
[14.48]
[14.44]
[14.41]
[14.38]
[14.37]
[14.35]
[14.34]
[14.31]
[15.25]
[14.32]
[14.31]
[14.29]
[14.29]
[14.58]
[14.56]
[12.15]
[11.95]
[11.88]
[11.87]
[11.82]
[13.39]
[11.95]
[11.94]
[11.89]
[11.86]
[11.86]
[11.84]
[11.83]
[11.81]
[11.86]
[11.86]
[11.8]
[11.8]
[11.79]
[11.78]
[11.77]
[11.96]
[11.94]
[11.9]
[11.85]
[11.35]
[11.83]
[11.8]
[12.]
[12.06]
[12.03]
[9.66]
[9.6]
[9.59]
[9.63]
[9.74]
[9.73]
[9.68]
[9.68]
[9.7]
[9.68]
[9.68]
[9.67]
[9.67]
[9.73]
[9.77]
[9.75]
[9.77]
[9.77]
[9.77]
[9.74]
[9.74]
[9.73]
[9.72]
[9.75]
[9.75]
[9.79]
[9.77]
[9.77]
[9.78]
[9.77]
[9.09]
[9.09]
[8.91]
[8.69]
[8.69]
[8.66]
[8.69]
[8.7]
[8.7]
[8.66]
[8.67]
[8.77]
[8.78]
[8.78]
[8.77]
[8.78]
[8.77]
[8.74]
[8.74]
[8.77]
[8.77]
[8.77]
[8.76]
[8.77]
[8.76]
[8.77]
[8.77]
[8.76]
[8.76]
[8.77]
[8.71]
[8.26]
[8.23]
[8.06]
[8.02]
[8.01]
[8.04]
[8.06]
[8.04]
[8.05]
[8.06]
[8.05]
[8.05]
[8.07]
[8.07]
[8.06]
[8.04]
[8.08]
[8.07]
[8.07]
[8.03]
[8.1]
[8.09]
[8.1]
[8.11]
[8.1]
[8.11]
[8.12]
[8.11]
[8.11]
[8.13]
[6.13]
[6.11]
[5.91]
[5.29]
[5.35]
[5.29]
[5.31]
[5.3]
[5.3]
[5.3]
[5.31]
[5.3]
[5.27]
[5.29]
[5.29]
[5.29]
[5.3]
[5.3]
[5.34]
[5.31]
[5.31]
[5.32]
[5.32]
[5.31]
[5.33]
[5.32]
[5.32]
[5.31]
[5.33]
[5.32]
[5.34]
[5.34]
[5.89]
[5.74]
[5.51]
[5.5]
[7.49]
[7.16]
[5.55]
[5.56]
[5.48]
[5.43]
[5.41]
[5.42]
[5.48]
[5.44]
[5.44]
[5.44]
[7.99]
[5.37]
[5.4]
[5.41]
[5.38]
[5.38]
[5.39]
[5.38]
[5.38]
[5.43]
[5.4]
[5.41]
[5.42]
[5.41]
[5.41]
[5.41]
[5.41]
[5.42]
[5.44]
[5.44]
[5.45]
[5.47]
[5.47]
[5.4]
[5.42]
[5.44]
[5.46]
[5.47]
[5.46]
[5.46]
[5.47]
[5.47]
[5.42]
[5.48]
[5.49]
[5.48]
[5.46]
[5.46]
[5.5]
[5.51]
[5.48]
[5.46]
[9.04]
[9.13]
[9.13]
[9.16]
[9.17]
[9.17]
[9.19]
[9.21]
[9.24]
[9.24]
[9.22]
[9.2]
[9.27]
[9.28]
[9.28]
[9.29]
[9.32]
[9.33]
[9.33]
[9.34]
[9.36]
[9.37]
[9.38]
[9.41]
[9.41]
[9.41]
[9.41]
[9.42]
[9.83]
[9.49]
[9.52]
[12.18]
[12.29]
[12.29]
[12.33]
[12.37]
[12.42]
[12.45]
[12.39]
[15.27]
[16.55]
[14.11]
[12.06]
[12.15]
[12.22]
[12.2]
[14.89]
[12.24]
[12.29]
[12.3]
[12.82]
[12.19]
[12.16]
[12.29]
[12.32]
[12.3]
[12.41]
[12.47]
[12.46]
[12.66]
[12.65]
[14.68]
[15.59]
[15.66]
[15.62]
[15.61]
[15.62]
[15.55]
[15.55]
[15.53]
[15.48]
[15.58]
[15.63]
[15.67]
[15.73]
[15.76]
[15.69]
[15.74]
[15.74]
[15.7]
[15.75]
[15.81]
[15.74]
[15.69]
[15.67]
[15.67]
[15.69]
[15.71]
[15.78]
[15.82]
[15.85]
[15.84]
[15.82]
[15.81]
[15.68]
[15.65]
[15.45]
[15.76]
[15.72]
[15.72]
[15.72]
[15.86]
[15.62]
[15.55]
[15.84]
[15.47]
[15.85]
[15.91]
[15.89]
[15.6]
[15.96]
[15.99]
[15.84]
[15.77]
[15.99]
[15.57]
[15.56]
[15.78]
[15.69]
[15.67]
[15.63]
[15.75]
[15.5]
[15.92]
[15.96]
[15.99]
[16.2]
[15.99]
[15.99]
[15.96]
[15.93]
[15.94]
[15.96]
[15.89]
[15.75]
[15.57]
[14.85]
[16.98]
[17.18]
[17.15]
[16.64]
[16.94]
[16.89]
[16.85]
[16.85]
[16.82]
[22.09]
[48.14]
[54.09]
[52.25]
[50.82]
[26.21]
[24.32]
[46.38]
[54.6]
[55.32]
[58.59]
[42.22]
[59.61]
[52.27]
[91.07]
[134.99]
[99.13]
[93.08]
[89.49]
[90.15]
[90.7]
[92.91]
[90.54]
[92.41]
[91.17]
[89.85]
[54.37]
[55.31]
[91.98]
[89.63]
[92.51]
[92.65]
[53.92]
[58.15]
[118.86]
[121.02]
[128.01]
[129.11]
[130.04]
[130.07]
[129.96]
[130.52]
[93.73]
[94.19]
[93.43]
[94.32]
[94.03]
[49.04]
[42.92]
[63.69]
[56.03]
[54.7]
[38.34]
[11.79]
[11.72]
[12.96]
[33.11]
[57.23]
[47.44]
[52.93]
[38.46]
[13.38]
[10.84]
[32.12]
[12.86]
[13.04]
[11.96]
[9.06]
[9.09]
[9.87]
[13.99]
[13.87]
[12.77]
[11.54]
[13.62]
[10.08]
[9.89]
[11.66]
[11.41]
[10.97]
[12.27]
[12.58]
[13.52]
[14.11]
[18.19]
[19.12]
[13.6]
[13.55]
[13.48]
[13.43]
[13.64]
[13.07]
[13.76]
[13.75]
[12.85]
[13.71]
[11.22]
[9.92]
[11.7]
[12.05]
[15.5]
[15.5]
[20.41]
[11.86]
[11.21]
[12.16]
[10.03]
[8.58]
[11.93]
[24.96]
[9.81]
[9.12]
[11.89]
[11.97]
[19.72]
[18.14]
[16.04]
[11.71]
[13.74]
[39.18]
[46.43]
[42.22]
[40.7]
[29.17]
[11.6]
[7.7]
[7.77]
[5.18]
[5.21]
[5.24]
[5.27]
[5.28]
[5.29]
[5.31]
[5.33]
[5.34]
[5.35]
[5.36]
[5.37]
[5.38]
[5.39]