0.9039558142881624, 0.904000237746024, 0.7810790355805475, 188.65046765230548[12.472703]
[10.054588]
[9.155704]
[10.95717]
[10.005083]
[6.899601]
[6.21569]
[6.3121004]
[6.184103]
[6.239317]
[6.2310286]
[6.1122375]
[6.272899]
[8.341111]
[8.959323]
[8.823818]
[8.996998]
[9.149832]
[10.846258]
[11.348148]
[9.333133]
[9.41875]
[9.262555]
[9.323653]
[9.188077]
[9.26371]
[9.262057]
[9.243979]
[9.083492]
[9.108771]
[8.990824]
[9.159942]
[9.297398]
[9.172409]
[9.12236]
[9.288415]
[9.16437]
[9.176667]
[13.09973]
[9.914179]
[9.632575]
[10.1468315]
[10.163991]
[9.808614]
[11.260205]
[11.590899]
[11.517512]
[11.677981]
[11.438571]
[12.135971]
[12.131844]
[11.865801]
[11.498485]
[11.785623]
[11.496617]
[11.556631]
[11.562795]
[11.6176815]
[11.485555]
[11.516557]
[11.532298]
[11.563515]
[11.423142]
[11.593141]
[11.545423]
[11.526686]
[12.157785]
[12.154245]
[11.571172]
[12.070047]
[14.13281]
[9.640777]
[10.986272]
[11.494187]
[37.437294]
[17.78393]
[13.488661]
[13.308327]
[13.3143]
[13.292392]
[13.490894]
[13.609076]
[13.418328]
[13.645989]
[13.689283]
[13.3760605]
[13.455484]
[13.606919]
[13.773458]
[13.4670105]
[13.665547]
[13.403473]
[14.224743]
[13.745799]
[13.48719]
[13.834114]
[13.747667]
[13.567476]
[13.584019]
[13.000567]
[13.633298]
[14.018487]
[13.483839]
[14.118329]
[14.255677]
[14.668778]
[20.170307]
[24.08616]
[19.601383]
[29.678375]
[50.227283]
[21.625107]
[63.76161]
[67.769196]
[73.12233]
[82.27389]
[115.89681]
[88.37824]
[61.358364]
[56.778282]
[59.297443]
[57.764774]
[52.35971]
[49.463722]
[50.187145]
[47.959747]
[40.17014]
[46.715103]
[49.96024]
[47.949272]
[46.8562]
[51.383167]
[30.80424]
[25.957197]
[41.407845]
[47.248978]
[43.946087]
[47.907864]
[44.132805]
[22.230198]
[21.970028]
[43.60773]
[46.057617]
[65.20916]
[98.30543]
[123.65871]
[141.73648]
[160.8065]
[184.20111]
[160.05145]
[130.6168]
[129.8716]
[120.52946]
[97.20075]
[83.71179]
[106.257805]
[113.27724]
[114.82318]
[116.07915]
[118.61084]
[100.97442]
[94.19239]
[88.74094]
[85.752045]
[84.6011]
[84.232376]
[88.57048]
[67.55251]
[64.48021]
[71.65932]
[72.75126]
[67.76561]
[67.74095]
[66.23044]
[58.68801]
[55.648968]
[51.90038]
[54.477047]
[41.862686]
[52.853703]
[53.641914]
[47.34415]
[44.63211]
[55.584976]
[50.46906]
[46.040234]
[42.978783]
[44.106144]
[38.843426]
[39.919758]
[43.743134]
[58.624035]
[65.415955]
[57.036076]
[63.399277]
[54.881706]
[52.027935]
[88.77542]
[89.69706]
[84.68437]
[81.3596]
[77.53289]
[78.71809]
[76.005196]
[81.50798]
[87.80257]
[85.64024]
[90.850044]
[93.974075]
[69.47903]
[68.621056]
[73.90421]
[54.53256]
[68.75523]
[50.009167]
[61.167065]
[34.64666]
[24.481712]
[44.824]
[34.45873]
[33.436737]
[26.386583]
[29.818506]
[22.41682]
[17.796017]
[21.373402]
[28.089893]
[36.565098]
[38.23348]
[41.41126]
[29.411394]
[19.831696]
[41.26335]
[47.77826]
[40.60887]
[36.853966]
[23.746286]
[19.858376]
[20.81591]
[24.963911]
[31.441]
[39.29809]
[37.694416]
[43.084835]
[21.511307]
[16.686361]
[39.689816]
[40.13023]
[39.809628]
[40.35909]
[38.317593]
[20.966337]
[17.715677]
[28.784489]
[31.37523]
[25.357283]
[31.899107]
[32.130993]
[18.837965]
[13.8481245]
[25.713667]
[29.024666]
[28.233]
[26.409101]
[25.045134]
[20.776085]
[16.733446]
[20.85064]
[23.672201]
[18.57823]
[18.786655]
[37.76526]
[22.112074]
[16.572622]
[25.972729]
[28.950329]
[27.758358]
[26.29158]
[25.388336]
[14.620343]
[10.674207]
[21.483776]
[22.35224]
[24.378786]
[25.590212]
[23.616505]
[13.681702]
[9.335171]
[8.602626]
[7.325267]
[7.041491]
[7.166575]
[7.5613275]
[7.32822]
[7.072501]
[7.0118737]
[6.972843]
[7.0538096]
[6.933752]
[6.86441]
[6.73558]
[6.742519]
[6.7510304]
[6.646427]
[6.6370335]
[6.538677]
[6.536249]
[6.536249]
[6.536249]
[6.536249]
[6.4128757]
[8.461799]
[13.5371065]
[13.766637]
[15.509939]
[11.219157]
[11.726245]
[12.4147]
[16.767061]
[15.546046]
[13.726054]
[10.712097]
[7.530721]
[10.28879]
[10.685688]
[9.711064]
[9.91822]
[10.349855]
[11.875988]
[12.145634]
[10.840906]
[11.846618]
[18.834864]
[13.724907]
[12.412283]
[8.911816]
[12.126351]
[12.474398]
[12.285292]
[7.393229]
[6.345536]
[6.2945714]
[7.036376]
[9.991397]
[10.315939]
[10.345954]
[7.898264]
[6.4713306]
[6.274327]
[6.2665443]
[6.2665386]
[6.148065]
[7.6258583]
[6.451572]
[6.198575]
[6.3256464]
[6.152262]
[6.2577977]
[6.0180564]
[6.8104076]
[6.4993453]
[6.2977204]
[6.3779864]
[6.14081]
[6.210321]
[6.2202516]
[6.2848387]
[6.3409076]
[6.439522]
[6.3044677]
[6.540202]
[6.049446]
[6.2788863]
[6.2394376]
[6.2356324]
[6.2679386]
[8.206147]
[8.72437]
[13.045301]
[9.858529]
[8.755417]
[10.094061]
[9.661695]
[9.058647]
[11.784488]
[11.276958]
[9.671595]
[11.242875]
[11.571956]
[9.811702]
[9.530918]
[11.754837]
[12.510726]
[12.222187]
[12.386763]
[16.792768]
[12.158879]
[9.96466]
[13.385967]
[16.46781]
[20.278343]
[15.198623]
[12.463775]
[11.682585]
[10.508232]
[10.470406]
[11.189309]
[11.422347]
[12.238145]
[12.321866]
[11.685296]
[11.71544]
[12.368517]
[12.088397]
[12.138644]
[12.862207]
[12.758201]
[11.902632]
[11.423163]
[12.290703]
[12.349557]
[12.245203]
[12.256486]
[11.82791]
[11.367149]
[11.142884]
[11.906417]
[13.083616]
[12.708581]
[11.182427]
[12.782317]
[12.686517]
[11.955108]
[12.602241]
[12.734512]
[11.972753]
[13.624807]
[13.086422]
[13.101832]
[13.040946]
[12.897314]
[12.744318]
[12.621163]
[12.804547]
[12.641969]
[14.354338]
[17.314304]
[16.722311]
[13.110833]
[12.736773]
[13.14434]
[13.524096]
[13.909223]
[13.324953]
[13.085807]
[13.046265]
[13.085867]
[13.238453]
[13.210854]
[13.252731]
[13.083735]
[12.967689]
[12.846085]
[12.958299]
[13.02195]
[13.219771]
[13.150126]
[13.120498]
[12.996143]
[12.99414]
[12.950923]
[13.070618]
[13.040991]
[12.868129]
[12.802711]
[12.804284]
[12.913411]
[12.831427]
[12.861966]
[12.914535]
[12.956448]
[13.015193]
[12.726606]
[12.816678]
[12.804486]
[12.645395]
[12.84839]
[13.026803]
[12.916088]
[12.808977]
[12.73479]
[12.717012]
[12.773181]
[12.81622]
[12.657381]
[12.539845]
[12.534394]
[12.759729]
[13.022678]
[13.21125]
[14.035377]
[21.844883]
[18.697468]
[17.436092]
[9.838431]
[9.025755]
[10.308215]
[12.975526]
[14.2656355]
[14.431046]
[14.350353]
[14.503647]
[14.39387]
[14.407407]
[14.062409]
[14.015176]
[14.134707]
[14.043109]
[14.423414]
[13.8919]
[13.777404]
[13.65851]
[13.70174]
[13.08353]
[13.611421]
[12.425425]
[12.039796]
[11.709642]
[12.087384]
[12.424242]
[13.13618]
[12.520804]
[12.044271]
[11.784305]
[11.73112]
[11.545426]
[11.490611]
[11.781886]
[11.469069]
[11.424435]
[11.256634]
[11.254972]
[11.202249]
[11.212539]
[11.0481205]
[11.095113]
[11.603221]
[12.823544]
[13.455301]
[13.069496]
[12.494309]
[12.0724325]
[12.062054]
[11.568497]
[11.764811]
[11.815477]
[11.103584]
[10.622901]
[9.964524]
[10.080791]
[10.25595]
[10.1045475]
[10.262059]
[10.03585]
[10.223247]
[9.996742]
[10.058481]
[10.156651]
[9.87988]
[10.181073]
[9.914434]
[10.133004]
[9.990558]
[10.070715]
[9.9558935]
[10.005155]
[9.876541]
[9.9450245]
[9.815043]
[9.861034]
[9.86983]
[9.926643]
[9.80427]
[9.788422]
[9.951901]
[9.7245455]
[9.608754]
[9.387515]
[9.346066]
[9.065232]
[8.971392]
[9.187271]
[9.178602]
[9.114513]
[9.069632]
[8.85146]
[9.054664]
[8.944067]
[10.329283]
[9.624446]
[9.602492]
[9.426332]
[9.320296]
[9.27995]
[9.217559]
[9.116003]
[9.337348]
[9.064895]
[9.123563]
[9.18616]
[8.91564]
[8.9766]
[9.38357]
[9.442778]
[9.071503]
[9.567166]
[9.267464]
[8.852064]
[8.678064]
[8.620686]
[8.587054]
[8.432125]
[8.598416]
[8.6146555]
[8.52147]
[8.40573]
[8.588601]
[8.441352]
[8.473353]
[8.482304]
[8.515462]
[8.370092]
[8.5366745]
[8.404776]
[8.471729]
[8.361607]
[8.342725]
[8.554784]
[8.310822]
[8.341422]
[8.462804]
[8.4703455]
[8.326477]
[8.479227]
[8.370865]
[8.589594]
[8.5394945]
[7.375437]
[7.161932]
[6.9855967]
[6.494323]
[6.564029]
[6.393522]
[6.563015]
[6.435831]
[6.4211736]
[6.5621777]
[6.4402328]
[6.4356933]
[6.406826]
[6.406445]
[6.317864]
[6.1916265]
[6.2828417]
[6.21939]
[6.0878086]
[6.2873564]
[6.3009534]
[6.177201]
[6.1764493]
[6.1631517]
[6.1688643]
[6.1608768]
[6.148723]
[6.1373677]
[6.139543]
[6.0553913]
[6.023156]
[6.0609508]
[6.303501]
[6.341214]
[9.362016]
[6.845628]
[7.5990553]
[7.737844]
[6.3496733]
[6.0795364]
[6.0217223]
[5.958434]
[6.186618]
[5.936644]
[6.1589947]
[5.925859]
[6.134453]
[5.903598]
[7.8569255]
[6.4938765]
[6.0611157]
[6.042324]
[6.02448]
[6.006649]
[5.988744]
[5.776437]
[5.9633617]
[5.870177]
[7.894678]
[6.14738]
[5.7682734]
[5.8968897]
[5.7188745]
[5.742688]
[5.85433]
[5.6946588]
[5.8314524]
[5.771294]
[5.6817307]
[5.7937016]
[5.6705503]
[5.67889]
[5.6627674]
[5.7283278]
[5.6242733]
[5.714011]
[5.6018734]
[5.6615453]
[5.6550083]
[5.656061]
[5.5312047]
[5.6329236]
[5.6282578]
[5.5438557]
[5.6113324]
[5.5821815]
[5.5215993]
[5.6058216]
[5.4942036]
[5.4813204]
[8.273469]
[8.320549]
[8.642065]
[8.304933]
[8.587768]
[8.635844]
[8.577694]
[8.523526]
[9.019959]
[8.561522]
[8.93213]
[8.475707]
[8.844322]
[8.411727]
[8.833575]
[8.959011]
[8.465995]
[8.453292]
[8.479672]
[8.513166]
[8.5576105]
[8.574096]
[8.533765]
[8.8869705]
[8.670899]
[9.167657]
[9.02336]
[8.753719]
[9.477481]
[9.567496]
[9.532455]
[11.052967]
[11.327899]
[11.272606]
[11.7375145]
[11.271063]
[11.626402]
[12.200199]
[12.248003]
[15.275151]
[17.339544]
[15.528108]
[11.99154]
[11.802186]
[11.858844]
[12.317732]
[15.907348]
[13.047685]
[12.248988]
[12.198799]
[12.57069]
[11.603495]
[11.306999]
[11.314291]
[11.335011]
[11.233548]
[11.433614]
[11.547059]
[11.591185]
[11.858487]
[11.983218]
[13.56855]
[14.696801]
[14.927572]
[14.607989]
[14.028816]
[13.645107]
[13.178031]
[13.546342]
[13.705232]
[15.398305]
[21.209463]
[20.289217]
[16.078638]
[14.579161]
[12.075357]
[14.35042]
[14.9297695]
[14.966142]
[14.93246]
[15.02238]
[15.077163]
[15.057649]
[15.089127]
[15.070454]
[14.580605]
[15.068459]
[14.884661]
[14.839088]
[15.112763]
[14.470784]
[14.855092]
[14.644968]
[14.734515]
[14.76282]
[14.993185]
[14.9626875]
[13.553764]
[13.858185]
[13.888033]
[14.539879]
[15.172307]
[13.673331]
[13.540442]
[14.985636]
[14.21857]
[14.998719]
[15.741019]
[15.785673]
[15.447388]
[15.801974]
[15.730704]
[15.5990925]
[15.528104]
[15.745743]
[15.273301]
[17.435623]
[16.125757]
[15.779758]
[15.724594]
[15.5435295]
[15.46621]
[15.152467]
[15.617702]
[15.715517]
[15.7781925]
[16.875034]
[15.920725]
[15.726581]
[15.678396]
[15.54989]
[16.114128]
[15.683984]
[16.555996]
[21.372753]
[26.73544]
[17.360937]
[27.617798]
[27.95775]
[19.844767]
[20.515724]
[19.198414]
[5.2348886]
[14.209768]
[16.631468]
[16.495428]
[19.354706]
[35.981125]
[41.61208]
[48.69891]
[56.2246]
[45.149395]
[41.017338]
[58.388535]
[67.07059]
[64.60106]
[61.235798]
[53.478638]
[67.54968]
[81.52141]
[92.98054]
[110.31949]
[102.563126]
[106.18542]
[101.043655]
[94.731705]
[92.687]
[93.330124]
[90.587105]
[85.99553]
[82.8147]
[82.384094]
[66.01778]
[69.96365]
[82.545265]
[80.35659]
[82.78091]
[85.22485]
[72.16091]
[83.927536]
[104.09217]
[110.262505]
[124.38273]
[125.081924]
[119.1858]
[118.917564]
[120.07132]
[119.08458]
[95.266464]
[92.85665]
[91.952866]
[89.07487]
[87.49171]
[60.42791]
[49.729824]
[58.39433]
[54.29246]
[50.82998]
[40.32374]
[23.030565]
[19.698503]
[20.392527]
[31.409866]
[45.699467]
[41.631763]
[43.145847]
[36.005608]
[20.363693]
[16.220734]
[28.563705]
[19.63455]
[17.16483]
[16.39169]
[14.631597]
[13.835708]
[13.998434]
[16.124992]
[16.291351]
[15.35697]
[14.380377]
[15.2515545]
[13.428651]
[13.125056]
[14.150681]
[14.173219]
[13.510851]
[13.915221]
[14.141448]
[14.379812]
[14.611177]
[16.747438]
[17.265217]
[14.288955]
[13.69181]
[14.223443]
[14.779022]
[14.665866]
[13.947382]
[14.099444]
[14.073759]
[13.488076]
[13.800562]
[12.545196]
[11.358907]
[12.3591175]
[13.325791]
[15.5658655]
[15.697579]
[18.462555]
[14.841435]
[14.274508]
[14.855207]
[13.085662]
[11.736979]
[13.010753]
[19.931643]
[12.861621]
[10.821367]
[12.088881]
[12.106356]
[16.03595]
[15.73]
[14.507956]
[11.898026]
[12.423502]
[25.457754]
[30.800934]
[30.133415]
[29.02627]
[22.506666]
[14.130962]
[11.646285]
[10.698156]
[9.076148]
[8.19619]
[7.9566293]
[7.7205806]
[7.238371]
[7.1201615]
[7.484581]
[7.4828496]
[7.3110228]
[7.087694]
[7.2874227]
[7.0326242]
[6.99855][10.25]
[9.45]
[13.02]
[10.69]
[5.31]
[5.25]
[5.26]
[5.31]
[5.31]
[5.3]
[5.29]
[5.3]
[9.25]
[9.31]
[9.28]
[9.29]
[9.27]
[9.26]
[9.25]
[9.26]
[9.26]
[9.27]
[9.25]
[9.25]
[9.32]
[9.28]
[9.26]
[9.22]
[9.21]
[9.23]
[9.23]
[9.06]
[9.24]
[9.25]
[9.24]
[9.29]
[9.55]
[9.28]
[9.27]
[9.27]
[9.25]
[9.24]
[9.28]
[12.21]
[12.29]
[12.32]
[12.27]
[12.3]
[12.29]
[12.25]
[12.25]
[12.25]
[12.29]
[12.3]
[12.3]
[12.31]
[12.36]
[12.34]
[12.35]
[12.36]
[12.37]
[12.39]
[12.39]
[12.4]
[12.36]
[12.39]
[12.4]
[12.41]
[12.52]
[12.25]
[12.25]
[12.03]
[12.31]
[26.75]
[15.2]
[15.05]
[15.12]
[15.03]
[15.09]
[15.17]
[15.22]
[15.41]
[15.4]
[15.43]
[15.24]
[15.14]
[15.08]
[15.29]
[15.3]
[15.23]
[15.22]
[15.17]
[15.21]
[15.24]
[15.21]
[15.26]
[15.09]
[15.03]
[14.94]
[15.09]
[15.28]
[15.3]
[15.52]
[15.38]
[15.46]
[15.26]
[15.55]
[15.54]
[15.27]
[22.36]
[17.87]
[15.85]
[42.75]
[82.22]
[94.05]
[93.25]
[90.97]
[55.68]
[49.63]
[58.09]
[56.67]
[54.59]
[53.59]
[58.05]
[53.08]
[41.74]
[57.88]
[58.89]
[56.17]
[56.45]
[59.98]
[24.57]
[23.68]
[48.95]
[58.59]
[52.66]
[61.65]
[55.39]
[15.63]
[15.57]
[49.45]
[48.02]
[57.5]
[95.04]
[91.35]
[127.12]
[159.08]
[215.85]
[192.9]
[144.63]
[136.75]
[131.02]
[99.64]
[86.83]
[129.19]
[131.03]
[129.73]
[130.49]
[130.52]
[92.3]
[87.76]
[90.33]
[91.84]
[90.24]
[92.4]
[96.82]
[52.74]
[45.22]
[55.96]
[60.38]
[51.61]
[55.5]
[62.81]
[54.04]
[56.12]
[53.08]
[60.33]
[38.11]
[64.66]
[62.07]
[50.21]
[45.53]
[67.12]
[58.52]
[53.52]
[50.52]
[53.77]
[41.06]
[38.17]
[35.45]
[50.08]
[57.71]
[43.73]
[61.41]
[54.5]
[42.43]
[96.98]
[93.31]
[95.73]
[93.08]
[91.61]
[94.94]
[85.74]
[88.4]
[98.74]
[90.94]
[95.37]
[98.5]
[45.13]
[47.61]
[67.66]
[39.1]
[71.69]
[37.29]
[69.59]
[19.53]
[12.7]
[49.99]
[27.12]
[31.05]
[19.21]
[28.46]
[14.31]
[9.94]
[17.83]
[28.86]
[44.83]
[46.46]
[52.06]
[24.01]
[9.42]
[50.97]
[57.23]
[44.2]
[37.8]
[12.15]
[9.41]
[10.47]
[20.43]
[33.31]
[48.25]
[44.01]
[55.45]
[12.7]
[10.36]
[51.64]
[50.92]
[50.38]
[49.93]
[49.1]
[13.79]
[10.13]
[29.22]
[34.2]
[23.2]
[39.35]
[38.77]
[14.08]
[10.2]
[32.49]
[35.58]
[33.86]
[32.24]
[29.9]
[23.23]
[16.87]
[24.9]
[28.37]
[17.49]
[16.74]
[47.53]
[16.06]
[15.03]
[32.65]
[36.66]
[33.79]
[32.62]
[31.6]
[12.79]
[8.68]
[29.3]
[28.48]
[33.01]
[32.79]
[29.71]
[12.11]
[7.79]
[7.39]
[5.3]
[5.33]
[5.36]
[5.41]
[5.44]
[5.46]
[5.48]
[5.51]
[5.52]
[5.54]
[5.55]
[5.56]
[5.57]
[5.58]
[5.41]
[5.59]
[5.59]
[5.59]
[5.59]
[5.59]
[5.59]
[5.52]
[9.82]
[15.53]
[16.95]
[20.82]
[11.7]
[14.18]
[15.4]
[23.39]
[19.41]
[16.47]
[11.42]
[6.71]
[12.54]
[12.67]
[10.63]
[11.37]
[12.05]
[14.44]
[14.47]
[12.32]
[14.46]
[13.82]
[14.57]
[14.58]
[8.47]
[14.78]
[14.81]
[14.47]
[5.31]
[5.31]
[5.29]
[6.65]
[12.03]
[10.97]
[11.68]
[7.09]
[5.32]
[5.32]
[5.33]
[5.32]
[5.32]
[7.66]
[5.32]
[5.32]
[5.32]
[5.29]
[5.21]
[5.09]
[5.1]
[5.1]
[5.1]
[5.11]
[5.11]
[5.1]
[5.12]
[5.22]
[5.48]
[5.49]
[5.27]
[5.12]
[5.13]
[5.12]
[5.12]
[5.11]
[5.16]
[8.76]
[8.76]
[8.94]
[8.95]
[8.95]
[10.8]
[10.34]
[8.93]
[12.82]
[12.41]
[9.78]
[12.71]
[13.05]
[9.78]
[9.61]
[13.47]
[13.71]
[13.82]
[13.8]
[20.11]
[12.1]
[10.21]
[15.44]
[19.36]
[24.22]
[16.35]
[13.82]
[12.91]
[11.05]
[11.21]
[12.63]
[12.73]
[13.93]
[14.]
[12.75]
[12.72]
[14.06]
[13.64]
[13.18]
[14.13]
[14.47]
[12.97]
[12.08]
[13.53]
[13.92]
[14.]
[14.03]
[13.47]
[12.53]
[12.61]
[12.89]
[13.87]
[13.64]
[12.29]
[13.75]
[12.77]
[12.77]
[13.97]
[13.97]
[12.95]
[15.58]
[14.78]
[14.97]
[14.82]
[14.67]
[14.69]
[14.7]
[14.81]
[14.7]
[17.5]
[18.04]
[19.37]
[14.58]
[14.62]
[14.69]
[14.75]
[14.6]
[14.39]
[14.42]
[14.49]
[14.55]
[14.59]
[14.62]
[14.6]
[14.31]
[14.23]
[14.12]
[14.15]
[14.3]
[14.52]
[14.49]
[14.43]
[14.23]
[14.17]
[14.28]
[14.37]
[14.29]
[14.2]
[14.09]
[14.11]
[14.23]
[14.04]
[14.13]
[14.15]
[14.07]
[14.02]
[13.88]
[13.88]
[13.78]
[13.82]
[13.92]
[14.08]
[13.97]
[13.86]
[13.82]
[13.83]
[13.99]
[14.01]
[13.84]
[13.78]
[13.71]
[13.96]
[14.1]
[13.99]
[13.72]
[16.98]
[13.92]
[13.67]
[13.53]
[13.42]
[13.41]
[13.36]
[14.17]
[14.52]
[14.48]
[14.44]
[14.41]
[14.38]
[14.37]
[14.35]
[14.34]
[14.31]
[15.25]
[14.32]
[14.31]
[14.29]
[14.29]
[14.58]
[14.56]
[12.15]
[11.95]
[11.88]
[11.87]
[11.82]
[13.39]
[11.95]
[11.94]
[11.89]
[11.86]
[11.86]
[11.84]
[11.83]
[11.81]
[11.86]
[11.86]
[11.8]
[11.8]
[11.79]
[11.78]
[11.77]
[11.96]
[11.94]
[11.9]
[11.85]
[11.35]
[11.83]
[11.8]
[12.]
[12.06]
[12.03]
[9.66]
[9.6]
[9.59]
[9.63]
[9.74]
[9.73]
[9.68]
[9.68]
[9.7]
[9.68]
[9.68]
[9.67]
[9.67]
[9.73]
[9.77]
[9.75]
[9.77]
[9.77]
[9.77]
[9.74]
[9.74]
[9.73]
[9.72]
[9.75]
[9.75]
[9.79]
[9.77]
[9.77]
[9.78]
[9.77]
[9.09]
[9.09]
[8.91]
[8.69]
[8.69]
[8.66]
[8.69]
[8.7]
[8.7]
[8.66]
[8.67]
[8.77]
[8.78]
[8.78]
[8.77]
[8.78]
[8.77]
[8.74]
[8.74]
[8.77]
[8.77]
[8.77]
[8.76]
[8.77]
[8.76]
[8.77]
[8.77]
[8.76]
[8.76]
[8.77]
[8.71]
[8.26]
[8.23]
[8.06]
[8.02]
[8.01]
[8.04]
[8.06]
[8.04]
[8.05]
[8.06]
[8.05]
[8.05]
[8.07]
[8.07]
[8.06]
[8.04]
[8.08]
[8.07]
[8.07]
[8.03]
[8.1]
[8.09]
[8.1]
[8.11]
[8.1]
[8.11]
[8.12]
[8.11]
[8.11]
[8.13]
[6.13]
[6.11]
[5.91]
[5.29]
[5.35]
[5.29]
[5.31]
[5.3]
[5.3]
[5.3]
[5.31]
[5.3]
[5.27]
[5.29]
[5.29]
[5.29]
[5.3]
[5.3]
[5.34]
[5.31]
[5.31]
[5.32]
[5.32]
[5.31]
[5.33]
[5.32]
[5.32]
[5.31]
[5.33]
[5.32]
[5.34]
[5.34]
[5.89]
[5.74]
[5.51]
[5.5]
[7.49]
[7.16]
[5.55]
[5.56]
[5.48]
[5.43]
[5.41]
[5.42]
[5.48]
[5.44]
[5.44]
[5.44]
[7.99]
[5.37]
[5.4]
[5.41]
[5.38]
[5.38]
[5.39]
[5.38]
[5.38]
[5.43]
[5.4]
[5.41]
[5.42]
[5.41]
[5.41]
[5.41]
[5.41]
[5.42]
[5.44]
[5.44]
[5.45]
[5.47]
[5.47]
[5.4]
[5.42]
[5.44]
[5.46]
[5.47]
[5.46]
[5.46]
[5.47]
[5.47]
[5.42]
[5.48]
[5.49]
[5.48]
[5.46]
[5.46]
[5.5]
[5.51]
[5.48]
[5.46]
[9.04]
[9.13]
[9.13]
[9.16]
[9.17]
[9.17]
[9.19]
[9.21]
[9.24]
[9.24]
[9.22]
[9.2]
[9.27]
[9.28]
[9.28]
[9.29]
[9.32]
[9.33]
[9.33]
[9.34]
[9.36]
[9.37]
[9.38]
[9.41]
[9.41]
[9.41]
[9.41]
[9.42]
[9.83]
[9.49]
[9.52]
[12.18]
[12.29]
[12.29]
[12.33]
[12.37]
[12.42]
[12.45]
[12.39]
[15.27]
[16.55]
[14.11]
[12.06]
[12.15]
[12.22]
[12.2]
[14.89]
[12.24]
[12.29]
[12.3]
[12.82]
[12.19]
[12.16]
[12.29]
[12.32]
[12.3]
[12.41]
[12.47]
[12.46]
[12.66]
[12.65]
[14.68]
[15.59]
[15.66]
[15.62]
[15.61]
[15.62]
[15.55]
[15.55]
[15.53]
[15.48]
[15.58]
[15.63]
[15.67]
[15.73]
[15.76]
[15.69]
[15.74]
[15.74]
[15.7]
[15.75]
[15.81]
[15.74]
[15.69]
[15.67]
[15.67]
[15.69]
[15.71]
[15.78]
[15.82]
[15.85]
[15.84]
[15.82]
[15.81]
[15.68]
[15.65]
[15.45]
[15.76]
[15.72]
[15.72]
[15.72]
[15.86]
[15.62]
[15.55]
[15.84]
[15.47]
[15.85]
[15.91]
[15.89]
[15.6]
[15.96]
[15.99]
[15.84]
[15.77]
[15.99]
[15.57]
[15.56]
[15.78]
[15.69]
[15.67]
[15.63]
[15.75]
[15.5]
[15.92]
[15.96]
[15.99]
[16.2]
[15.99]
[15.99]
[15.96]
[15.93]
[15.94]
[15.96]
[15.89]
[15.75]
[15.57]
[14.85]
[16.98]
[17.18]
[17.15]
[16.64]
[16.94]
[16.89]
[16.85]
[16.85]
[16.82]
[22.09]
[48.14]
[54.09]
[52.25]
[50.82]
[26.21]
[24.32]
[46.38]
[54.6]
[55.32]
[58.59]
[42.22]
[59.61]
[52.27]
[91.07]
[134.99]
[99.13]
[93.08]
[89.49]
[90.15]
[90.7]
[92.91]
[90.54]
[92.41]
[91.17]
[89.85]
[54.37]
[55.31]
[91.98]
[89.63]
[92.51]
[92.65]
[53.92]
[58.15]
[118.86]
[121.02]
[128.01]
[129.11]
[130.04]
[130.07]
[129.96]
[130.52]
[93.73]
[94.19]
[93.43]
[94.32]
[94.03]
[49.04]
[42.92]
[63.69]
[56.03]
[54.7]
[38.34]
[11.79]
[11.72]
[12.96]
[33.11]
[57.23]
[47.44]
[52.93]
[38.46]
[13.38]
[10.84]
[32.12]
[12.86]
[13.04]
[11.96]
[9.06]
[9.09]
[9.87]
[13.99]
[13.87]
[12.77]
[11.54]
[13.62]
[10.08]
[9.89]
[11.66]
[11.41]
[10.97]
[12.27]
[12.58]
[13.52]
[14.11]
[18.19]
[19.12]
[13.6]
[13.55]
[13.48]
[13.43]
[13.64]
[13.07]
[13.76]
[13.75]
[12.85]
[13.71]
[11.22]
[9.92]
[11.7]
[12.05]
[15.5]
[15.5]
[20.41]
[11.86]
[11.21]
[12.16]
[10.03]
[8.58]
[11.93]
[24.96]
[9.81]
[9.12]
[11.89]
[11.97]
[19.72]
[18.14]
[16.04]
[11.71]
[13.74]
[39.18]
[46.43]
[42.22]
[40.7]
[29.17]
[11.6]
[7.7]
[7.77]
[5.18]
[5.21]
[5.24]
[5.27]
[5.28]
[5.29]
[5.31]
[5.33]
[5.34]
[5.35]
[5.36]
[5.37]
[5.38]
[5.39]