0.892010207433519, 0.9027625311435966, -2.2531525530944574, 200.03855107266912[11.936661]
[9.113057]
[7.945216]
[9.975072]
[8.977283]
[5.5446496]
[4.8792205]
[4.9154673]
[4.8988814]
[4.907546]
[4.8861866]
[4.8517747]
[4.8898907]
[7.18951]
[7.7690516]
[7.7420454]
[7.8414445]
[8.077443]
[9.274387]
[10.442326]
[9.271186]
[8.497494]
[8.268813]
[8.196767]
[8.12676]
[8.150482]
[8.148968]
[8.126063]
[8.027606]
[7.9896173]
[7.951793]
[8.03929]
[8.090138]
[8.149196]
[8.104394]
[8.156163]
[8.145726]
[8.265779]
[12.042625]
[9.183282]
[8.550055]
[8.952865]
[9.166115]
[9.004186]
[10.602203]
[10.864699]
[10.773489]
[10.806759]
[10.751115]
[11.106372]
[11.34401]
[11.236057]
[10.910418]
[10.934409]
[10.83123]
[10.77182]
[10.785658]
[10.840854]
[10.772328]
[10.754371]
[10.777533]
[10.808324]
[10.747344]
[10.805816]
[10.835128]
[10.812053]
[11.209306]
[11.477122]
[11.139113]
[11.272707]
[13.845474]
[8.79588]
[10.205475]
[10.877962]
[33.597427]
[17.240292]
[12.934177]
[12.927276]
[12.855242]
[12.926254]
[13.07543]
[13.105718]
[13.106915]
[13.172556]
[13.216265]
[13.062668]
[13.143588]
[13.282319]
[13.422824]
[13.344593]
[13.392]
[13.2234535]
[13.769908]
[13.736658]
[13.4630575]
[13.581497]
[13.573067]
[13.363514]
[13.261942]
[12.999233]
[13.256323]
[13.813958]
[13.587703]
[14.057392]
[14.262459]
[14.549552]
[19.715399]
[21.497326]
[20.87423]
[34.04389]
[53.73216]
[42.291035]
[77.297066]
[76.91559]
[74.79963]
[91.671646]
[132.58833]
[97.53309]
[75.135315]
[60.062916]
[62.425144]
[60.251133]
[55.73551]
[51.886276]
[52.98016]
[49.81529]
[42.063156]
[48.994297]
[51.721806]
[49.679146]
[50.056732]
[52.64848]
[33.626534]
[29.198277]
[42.368084]
[49.271534]
[45.760418]
[49.06474]
[44.942818]
[24.172567]
[25.481009]
[45.245895]
[50.96032]
[76.31804]
[105.19595]
[143.67497]
[164.3811]
[175.11995]
[212.24359]
[174.68687]
[152.9638]
[145.05179]
[130.38408]
[105.50626]
[88.99109]
[112.93149]
[119.183914]
[122.34518]
[125.176605]
[132.86316]
[110.06679]
[99.31257]
[95.07317]
[93.993256]
[90.743126]
[90.60532]
[95.05692]
[73.70535]
[64.55363]
[74.02351]
[73.43309]
[71.467476]
[68.447876]
[69.558014]
[62.06159]
[59.07163]
[55.459274]
[57.274345]
[44.434498]
[55.1575]
[56.47926]
[50.04672]
[47.014355]
[57.38742]
[53.156097]
[47.724205]
[44.554413]
[45.715843]
[41.749363]
[42.851772]
[47.862057]
[61.512684]
[66.52259]
[60.74982]
[64.923225]
[59.05238]
[59.960484]
[93.2557]
[94.99383]
[90.893486]
[85.89917]
[82.3]
[83.587395]
[82.12372]
[85.37962]
[93.807816]
[91.75745]
[98.6473]
[100.76493]
[74.39139]
[68.792305]
[76.75286]
[58.952682]
[71.54315]
[53.071236]
[64.480064]
[40.01066]
[30.84306]
[47.17711]
[38.115993]
[36.60453]
[30.51967]
[33.156033]
[26.456]
[21.567274]
[25.393955]
[30.948042]
[38.086197]
[39.41353]
[42.723564]
[31.79047]
[22.88148]
[42.873177]
[49.297253]
[42.50101]
[39.03081]
[27.253536]
[24.999033]
[25.563612]
[29.890488]
[34.45835]
[40.57406]
[39.19312]
[43.571]
[24.425783]
[19.226505]
[39.962055]
[40.97314]
[40.97774]
[40.616985]
[39.003227]
[23.357073]
[19.572578]
[31.587833]
[34.21948]
[27.99163]
[33.46551]
[33.647644]
[20.61465]
[15.163776]
[27.408611]
[30.62286]
[29.368746]
[27.92776]
[26.14566]
[22.098888]
[17.613045]
[21.926159]
[24.957703]
[19.962278]
[20.208342]
[38.266136]
[24.721699]
[18.664133]
[27.413631]
[30.380371]
[28.703234]
[27.447977]
[26.173277]
[15.138224]
[9.901153]
[22.34656]
[23.134289]
[25.19441]
[25.778248]
[24.286493]
[13.3797455]
[8.366856]
[7.686687]
[6.3679447]
[6.003299]
[6.344555]
[6.4733624]
[6.431163]
[6.218849]
[5.9754043]
[6.0410485]
[5.9581075]
[5.967647]
[5.7883854]
[5.717948]
[5.659339]
[5.669715]
[5.553791]
[5.524109]
[5.4653854]
[5.407613]
[5.407613]
[5.407613]
[5.407613]
[5.2400513]
[7.4397435]
[13.253548]
[13.2782545]
[15.175657]
[10.230418]
[10.658818]
[11.690943]
[16.57919]
[15.141101]
[12.904085]
[9.470308]
[6.0917816]
[8.9475355]
[9.662234]
[8.415257]
[8.625505]
[9.167531]
[10.794508]
[11.148717]
[9.780842]
[10.8108835]
[18.460133]
[12.975113]
[11.453202]
[7.7420254]
[11.039202]
[11.781742]
[11.420293]
[6.019247]
[4.9319806]
[4.9351196]
[5.676212]
[8.987212]
[9.26605]
[9.332206]
[6.662788]
[5.124409]
[4.939795]
[4.9567976]
[4.9418616]
[4.9078646]
[6.3154187]
[5.215221]
[4.9335284]
[4.9808774]
[4.936806]
[4.9212203]
[4.9312334]
[5.2796893]
[5.26565]
[5.130164]
[5.077527]
[4.9617705]
[4.940652]
[4.954194]
[5.004832]
[5.1300454]
[5.1785192]
[5.1084995]
[5.10942]
[4.9580765]
[4.9889426]
[4.996613]
[4.9952154]
[5.013588]
[7.115134]
[7.606769]
[12.452434]
[8.837677]
[7.7742662]
[9.07626]
[8.86072]
[7.9951973]
[11.009139]
[10.542903]
[8.798331]
[10.366774]
[10.906386]
[9.004674]
[8.584508]
[11.0543]
[11.853655]
[11.743263]
[11.579533]
[16.117237]
[11.47678]
[9.288716]
[12.506025]
[15.770566]
[19.29703]
[14.313152]
[11.822368]
[10.946394]
[9.636183]
[9.576673]
[10.498148]
[10.737288]
[11.600019]
[11.80425]
[10.99657]
[10.929999]
[11.84622]
[11.594923]
[11.442377]
[12.193663]
[12.29193]
[11.305734]
[10.664008]
[11.635764]
[11.917759]
[11.909463]
[11.935716]
[11.550514]
[10.869006]
[10.883997]
[11.782351]
[12.822978]
[12.559164]
[11.416611]
[12.554388]
[12.502924]
[11.857142]
[12.315376]
[12.3177805]
[11.480782]
[13.340961]
[12.84733]
[12.923719]
[12.879001]
[12.80723]
[12.609773]
[12.580317]
[12.776166]
[12.589425]
[14.258554]
[17.031927]
[16.396069]
[12.866005]
[12.647814]
[12.962009]
[13.087829]
[13.382168]
[13.088022]
[12.891743]
[12.895348]
[12.988168]
[13.17429]
[13.098283]
[13.184106]
[12.999241]
[12.8253975]
[12.754535]
[12.867366]
[12.9147415]
[13.142653]
[13.122844]
[13.1551695]
[13.110685]
[13.0014515]
[12.893416]
[12.975009]
[12.77672]
[12.529444]
[12.417067]
[12.365553]
[12.426831]
[12.263467]
[12.246815]
[12.341662]
[12.422708]
[12.212984]
[11.926499]
[12.01949]
[11.61969]
[11.578326]
[11.774977]
[11.697732]
[11.522598]
[11.40328]
[11.438358]
[11.381765]
[11.667508]
[12.042384]
[12.16661]
[12.334781]
[12.244704]
[12.629641]
[13.246689]
[13.096862]
[12.095134]
[25.899775]
[31.428738]
[12.120856]
[6.4779453]
[12.174351]
[12.440036]
[13.2513]
[14.132553]
[14.399651]
[14.183766]
[14.243657]
[14.234904]
[14.351014]
[14.144459]
[13.972012]
[14.040202]
[14.081735]
[14.588994]
[13.962039]
[13.824024]
[13.74401]
[13.771002]
[13.220586]
[13.632332]
[12.224074]
[11.857807]
[11.562115]
[11.640459]
[11.993394]
[13.032964]
[12.297891]
[11.993801]
[11.760608]
[11.669063]
[11.532321]
[11.395883]
[11.573677]
[11.456686]
[11.402221]
[11.266396]
[11.202203]
[11.11498]
[11.018067]
[10.942973]
[10.989007]
[11.314392]
[12.164038]
[12.655162]
[12.991322]
[12.898644]
[12.109114]
[12.017682]
[11.774011]
[11.674365]
[11.707801]
[10.624587]
[10.3749485]
[9.787338]
[9.517423]
[9.6250515]
[9.501204]
[9.562916]
[9.437755]
[9.49042]
[9.365327]
[9.318466]
[9.38884]
[9.229866]
[9.348022]
[9.255019]
[9.298293]
[9.266842]
[9.280098]
[9.222047]
[9.205152]
[9.135857]
[9.140439]
[9.068997]
[9.068772]
[9.0763855]
[9.12812]
[9.064589]
[9.015446]
[9.1096]
[9.014433]
[8.694139]
[8.5978775]
[8.503105]
[8.27752]
[8.165153]
[8.2499075]
[8.324553]
[8.304641]
[8.262153]
[8.094924]
[8.139637]
[8.335219]
[9.121051]
[9.180021]
[8.917733]
[8.705241]
[8.529221]
[8.423136]
[8.353866]
[8.270929]
[8.355991]
[8.253934]
[8.213286]
[8.253713]
[8.11653]
[8.083479]
[8.310729]
[8.478447]
[8.309912]
[8.501361]
[8.444035]
[8.001508]
[7.799672]
[7.666482]
[7.6253133]
[7.539681]
[7.601612]
[7.651513]
[7.608213]
[7.524539]
[7.590164]
[7.553718]
[7.545322]
[7.559436]
[7.583517]
[7.5192623]
[7.5706873]
[7.553543]
[7.567182]
[7.5292425]
[7.4872284]
[7.506092]
[7.363037]
[7.4715457]
[7.5444274]
[7.429037]
[7.4626203]
[7.5390105]
[7.6081834]
[7.7093105]
[7.7459126]
[6.5272865]
[6.2754517]
[5.987688]
[5.5683293]
[5.434032]
[5.4618487]
[5.404526]
[5.3284297]
[5.4560437]
[5.3845587]
[5.3188553]
[5.3143735]
[5.287058]
[5.2906632]
[5.1741548]
[5.1050544]
[5.232399]
[5.0586514]
[5.062949]
[5.2449756]
[5.168879]
[5.100266]
[5.1032257]
[5.09125]
[5.1001887]
[5.0920167]
[5.082111]
[5.072578]
[5.077508]
[4.9704585]
[5.0185843]
[4.9802084]
[5.302581]
[5.3001623]
[8.584007]
[5.815822]
[6.610354]
[6.8432207]
[5.344682]
[5.0723906]
[5.011893]
[4.9531975]
[5.1945252]
[4.961333]
[5.1706467]
[4.957804]
[5.150069]
[4.9419127]
[7.032387]
[5.5296082]
[5.115541]
[5.1002555]
[5.0856586]
[5.0710325]
[5.0563927]
[4.8406057]
[5.009358]
[4.993582]
[7.0128703]
[5.2180996]
[4.820741]
[4.9557858]
[4.8091035]
[4.802596]
[4.9207835]
[4.795376]
[4.899516]
[4.88061]
[4.793559]
[4.8678665]
[4.7920756]
[4.7571063]
[4.750621]
[4.816933]
[4.7582912]
[4.802733]
[4.7429547]
[4.762853]
[4.762487]
[4.76138]
[4.685258]
[4.753133]
[4.7445083]
[4.7149796]
[4.738268]
[4.710432]
[4.706959]
[4.7401485]
[4.680022]
[4.67329]
[7.8451905]
[7.956308]
[8.345789]
[7.9616156]
[8.3137455]
[8.420856]
[8.362317]
[8.329353]
[8.887735]
[8.386292]
[8.817161]
[8.316219]
[8.746708]
[8.246448]
[8.678249]
[8.74526]
[8.189096]
[8.095763]
[8.139401]
[8.186204]
[8.244836]
[8.227482]
[8.167718]
[8.545752]
[8.335785]
[8.899144]
[8.666625]
[8.444473]
[9.202234]
[9.252212]
[9.277164]
[10.996374]
[11.1765995]
[11.057838]
[11.4395485]
[10.893704]
[11.199582]
[11.620499]
[11.552475]
[13.93969]
[15.387785]
[13.787887]
[10.8069]
[10.635171]
[10.582122]
[10.877062]
[13.702101]
[11.177156]
[10.503521]
[10.373956]
[10.753626]
[10.018874]
[9.877173]
[10.32992]
[10.741386]
[11.078128]
[11.081928]
[10.645148]
[10.553166]
[10.75209]
[10.80131]
[12.02809]
[12.829661]
[13.253581]
[13.610118]
[13.240976]
[12.691468]
[11.919254]
[11.464174]
[11.435533]
[12.091014]
[18.016617]
[22.932798]
[17.580713]
[14.846577]
[11.881722]
[14.882611]
[15.124043]
[15.073238]
[14.875817]
[14.702061]
[14.556429]
[14.502757]
[14.398733]
[14.329816]
[14.523689]
[13.705632]
[14.334551]
[14.750847]
[14.921925]
[14.723266]
[15.172932]
[15.464182]
[15.003177]
[14.242213]
[15.553279]
[13.84765]
[11.790716]
[15.723569]
[15.692005]
[15.405284]
[15.350459]
[14.870196]
[14.82319]
[14.957133]
[15.196918]
[15.343115]
[15.37041]
[15.694015]
[15.361615]
[15.675903]
[15.688082]
[15.511943]
[15.418435]
[15.673489]
[15.6399765]
[15.753602]
[15.965522]
[15.9755535]
[15.758785]
[15.576642]
[15.51212]
[15.102255]
[15.436876]
[15.591689]
[15.863569]
[16.502073]
[16.157082]
[15.805209]
[15.688152]
[15.417618]
[15.85852]
[15.76039]
[15.936125]
[20.353703]
[22.207785]
[19.4124]
[28.253262]
[27.310608]
[25.904861]
[24.867828]
[21.364199]
[5.188496]
[15.061986]
[17.12501]
[16.774078]
[20.04491]
[36.587704]
[42.816063]
[51.083755]
[54.4063]
[48.014904]
[41.702747]
[58.58516]
[66.712105]
[66.16946]
[64.75626]
[55.794815]
[71.61446]
[86.357765]
[97.998856]
[117.06819]
[113.49825]
[115.29872]
[107.64371]
[104.03414]
[100.39764]
[100.81316]
[95.79036]
[92.794525]
[89.61251]
[87.83707]
[73.49449]
[70.44095]
[88.17471]
[86.96859]
[88.5239]
[90.7214]
[83.88657]
[88.269424]
[112.67301]
[119.9539]
[138.75009]
[138.05078]
[132.10904]
[131.98145]
[134.179]
[130.14882]
[103.32381]
[101.77624]
[97.07239]
[96.23624]
[94.195496]
[63.171684]
[52.437984]
[61.460453]
[57.5758]
[53.888187]
[43.41172]
[27.267279]
[24.037806]
[24.55438]
[34.63716]
[47.164864]
[43.309376]
[44.579124]
[37.455456]
[22.808243]
[18.321825]
[30.885052]
[22.473331]
[19.53462]
[18.928703]
[16.526026]
[15.985447]
[15.903623]
[18.302973]
[18.282818]
[17.15602]
[15.983037]
[16.809282]
[14.916839]
[14.296596]
[15.757704]
[15.670513]
[14.993639]
[15.427947]
[15.454447]
[15.719232]
[16.006413]
[18.070633]
[18.805477]
[15.16891]
[14.531991]
[15.2135]
[15.7367115]
[15.92996]
[15.234757]
[15.160387]
[15.103902]
[14.315237]
[14.775705]
[13.102946]
[11.90079]
[13.0468025]
[14.179959]
[16.66584]
[17.229322]
[20.097937]
[16.125053]
[15.602639]
[16.264471]
[14.853525]
[12.805711]
[14.261277]
[21.702568]
[13.788]
[11.143751]
[12.606702]
[12.849795]
[16.95156]
[16.779844]
[14.955151]
[12.123853]
[12.539463]
[25.856262]
[29.858423]
[29.454597]
[27.95598]
[22.837584]
[14.2118225]
[10.707893]
[11.839492]
[8.833329]
[8.174925]
[7.6153936]
[7.285185]
[6.584289]
[6.7175155]
[6.579373]
[7.0006084]
[6.502149]
[6.67333]
[6.4160376]
[6.3599215]
[6.3465366][10.25]
[9.45]
[13.02]
[10.69]
[5.31]
[5.25]
[5.26]
[5.31]
[5.31]
[5.3]
[5.29]
[5.3]
[9.25]
[9.31]
[9.28]
[9.29]
[9.27]
[9.26]
[9.25]
[9.26]
[9.26]
[9.27]
[9.25]
[9.25]
[9.32]
[9.28]
[9.26]
[9.22]
[9.21]
[9.23]
[9.23]
[9.06]
[9.24]
[9.25]
[9.24]
[9.29]
[9.55]
[9.28]
[9.27]
[9.27]
[9.25]
[9.24]
[9.28]
[12.21]
[12.29]
[12.32]
[12.27]
[12.3]
[12.29]
[12.25]
[12.25]
[12.25]
[12.29]
[12.3]
[12.3]
[12.31]
[12.36]
[12.34]
[12.35]
[12.36]
[12.37]
[12.39]
[12.39]
[12.4]
[12.36]
[12.39]
[12.4]
[12.41]
[12.52]
[12.25]
[12.25]
[12.03]
[12.31]
[26.75]
[15.2]
[15.05]
[15.12]
[15.03]
[15.09]
[15.17]
[15.22]
[15.41]
[15.4]
[15.43]
[15.24]
[15.14]
[15.08]
[15.29]
[15.3]
[15.23]
[15.22]
[15.17]
[15.21]
[15.24]
[15.21]
[15.26]
[15.09]
[15.03]
[14.94]
[15.09]
[15.28]
[15.3]
[15.52]
[15.38]
[15.46]
[15.26]
[15.55]
[15.54]
[15.27]
[22.36]
[17.87]
[15.85]
[42.75]
[82.22]
[94.05]
[93.25]
[90.97]
[55.68]
[49.63]
[58.09]
[56.67]
[54.59]
[53.59]
[58.05]
[53.08]
[41.74]
[57.88]
[58.89]
[56.17]
[56.45]
[59.98]
[24.57]
[23.68]
[48.95]
[58.59]
[52.66]
[61.65]
[55.39]
[15.63]
[15.57]
[49.45]
[48.02]
[57.5]
[95.04]
[91.35]
[127.12]
[159.08]
[215.85]
[192.9]
[144.63]
[136.75]
[131.02]
[99.64]
[86.83]
[129.19]
[131.03]
[129.73]
[130.49]
[130.52]
[92.3]
[87.76]
[90.33]
[91.84]
[90.24]
[92.4]
[96.82]
[52.74]
[45.22]
[55.96]
[60.38]
[51.61]
[55.5]
[62.81]
[54.04]
[56.12]
[53.08]
[60.33]
[38.11]
[64.66]
[62.07]
[50.21]
[45.53]
[67.12]
[58.52]
[53.52]
[50.52]
[53.77]
[41.06]
[38.17]
[35.45]
[50.08]
[57.71]
[43.73]
[61.41]
[54.5]
[42.43]
[96.98]
[93.31]
[95.73]
[93.08]
[91.61]
[94.94]
[85.74]
[88.4]
[98.74]
[90.94]
[95.37]
[98.5]
[45.13]
[47.61]
[67.66]
[39.1]
[71.69]
[37.29]
[69.59]
[19.53]
[12.7]
[49.99]
[27.12]
[31.05]
[19.21]
[28.46]
[14.31]
[9.94]
[17.83]
[28.86]
[44.83]
[46.46]
[52.06]
[24.01]
[9.42]
[50.97]
[57.23]
[44.2]
[37.8]
[12.15]
[9.41]
[10.47]
[20.43]
[33.31]
[48.25]
[44.01]
[55.45]
[12.7]
[10.36]
[51.64]
[50.92]
[50.38]
[49.93]
[49.1]
[13.79]
[10.13]
[29.22]
[34.2]
[23.2]
[39.35]
[38.77]
[14.08]
[10.2]
[32.49]
[35.58]
[33.86]
[32.24]
[29.9]
[23.23]
[16.87]
[24.9]
[28.37]
[17.49]
[16.74]
[47.53]
[16.06]
[15.03]
[32.65]
[36.66]
[33.79]
[32.62]
[31.6]
[12.79]
[8.68]
[29.3]
[28.48]
[33.01]
[32.79]
[29.71]
[12.11]
[7.79]
[7.39]
[5.3]
[5.33]
[5.36]
[5.41]
[5.44]
[5.46]
[5.48]
[5.51]
[5.52]
[5.54]
[5.55]
[5.56]
[5.57]
[5.58]
[5.41]
[5.59]
[5.59]
[5.59]
[5.59]
[5.59]
[5.59]
[5.52]
[9.82]
[15.53]
[16.95]
[20.82]
[11.7]
[14.18]
[15.4]
[23.39]
[19.41]
[16.47]
[11.42]
[6.71]
[12.54]
[12.67]
[10.63]
[11.37]
[12.05]
[14.44]
[14.47]
[12.32]
[14.46]
[13.82]
[14.57]
[14.58]
[8.47]
[14.78]
[14.81]
[14.47]
[5.31]
[5.31]
[5.29]
[6.65]
[12.03]
[10.97]
[11.68]
[7.09]
[5.32]
[5.32]
[5.33]
[5.32]
[5.32]
[7.66]
[5.32]
[5.32]
[5.32]
[5.29]
[5.21]
[5.09]
[5.1]
[5.1]
[5.1]
[5.11]
[5.11]
[5.1]
[5.12]
[5.22]
[5.48]
[5.49]
[5.27]
[5.12]
[5.13]
[5.12]
[5.12]
[5.11]
[5.16]
[8.76]
[8.76]
[8.94]
[8.95]
[8.95]
[10.8]
[10.34]
[8.93]
[12.82]
[12.41]
[9.78]
[12.71]
[13.05]
[9.78]
[9.61]
[13.47]
[13.71]
[13.82]
[13.8]
[20.11]
[12.1]
[10.21]
[15.44]
[19.36]
[24.22]
[16.35]
[13.82]
[12.91]
[11.05]
[11.21]
[12.63]
[12.73]
[13.93]
[14.]
[12.75]
[12.72]
[14.06]
[13.64]
[13.18]
[14.13]
[14.47]
[12.97]
[12.08]
[13.53]
[13.92]
[14.]
[14.03]
[13.47]
[12.53]
[12.61]
[12.89]
[13.87]
[13.64]
[12.29]
[13.75]
[12.77]
[12.77]
[13.97]
[13.97]
[12.95]
[15.58]
[14.78]
[14.97]
[14.82]
[14.67]
[14.69]
[14.7]
[14.81]
[14.7]
[17.5]
[18.04]
[19.37]
[14.58]
[14.62]
[14.69]
[14.75]
[14.6]
[14.39]
[14.42]
[14.49]
[14.55]
[14.59]
[14.62]
[14.6]
[14.31]
[14.23]
[14.12]
[14.15]
[14.3]
[14.52]
[14.49]
[14.43]
[14.23]
[14.17]
[14.28]
[14.37]
[14.29]
[14.2]
[14.09]
[14.11]
[14.23]
[14.04]
[14.13]
[14.15]
[14.07]
[14.02]
[13.88]
[13.88]
[13.78]
[13.82]
[13.92]
[14.08]
[13.97]
[13.86]
[13.82]
[13.83]
[13.99]
[14.01]
[13.84]
[13.78]
[13.71]
[13.96]
[14.1]
[13.99]
[13.72]
[16.98]
[13.92]
[13.67]
[13.53]
[13.42]
[13.41]
[13.36]
[14.17]
[14.52]
[14.48]
[14.44]
[14.41]
[14.38]
[14.37]
[14.35]
[14.34]
[14.31]
[15.25]
[14.32]
[14.31]
[14.29]
[14.29]
[14.58]
[14.56]
[12.15]
[11.95]
[11.88]
[11.87]
[11.82]
[13.39]
[11.95]
[11.94]
[11.89]
[11.86]
[11.86]
[11.84]
[11.83]
[11.81]
[11.86]
[11.86]
[11.8]
[11.8]
[11.79]
[11.78]
[11.77]
[11.96]
[11.94]
[11.9]
[11.85]
[11.35]
[11.83]
[11.8]
[12.]
[12.06]
[12.03]
[9.66]
[9.6]
[9.59]
[9.63]
[9.74]
[9.73]
[9.68]
[9.68]
[9.7]
[9.68]
[9.68]
[9.67]
[9.67]
[9.73]
[9.77]
[9.75]
[9.77]
[9.77]
[9.77]
[9.74]
[9.74]
[9.73]
[9.72]
[9.75]
[9.75]
[9.79]
[9.77]
[9.77]
[9.78]
[9.77]
[9.09]
[9.09]
[8.91]
[8.69]
[8.69]
[8.66]
[8.69]
[8.7]
[8.7]
[8.66]
[8.67]
[8.77]
[8.78]
[8.78]
[8.77]
[8.78]
[8.77]
[8.74]
[8.74]
[8.77]
[8.77]
[8.77]
[8.76]
[8.77]
[8.76]
[8.77]
[8.77]
[8.76]
[8.76]
[8.77]
[8.71]
[8.26]
[8.23]
[8.06]
[8.02]
[8.01]
[8.04]
[8.06]
[8.04]
[8.05]
[8.06]
[8.05]
[8.05]
[8.07]
[8.07]
[8.06]
[8.04]
[8.08]
[8.07]
[8.07]
[8.03]
[8.1]
[8.09]
[8.1]
[8.11]
[8.1]
[8.11]
[8.12]
[8.11]
[8.11]
[8.13]
[6.13]
[6.11]
[5.91]
[5.29]
[5.35]
[5.29]
[5.31]
[5.3]
[5.3]
[5.3]
[5.31]
[5.3]
[5.27]
[5.29]
[5.29]
[5.29]
[5.3]
[5.3]
[5.34]
[5.31]
[5.31]
[5.32]
[5.32]
[5.31]
[5.33]
[5.32]
[5.32]
[5.31]
[5.33]
[5.32]
[5.34]
[5.34]
[5.89]
[5.74]
[5.51]
[5.5]
[7.49]
[7.16]
[5.55]
[5.56]
[5.48]
[5.43]
[5.41]
[5.42]
[5.48]
[5.44]
[5.44]
[5.44]
[7.99]
[5.37]
[5.4]
[5.41]
[5.38]
[5.38]
[5.39]
[5.38]
[5.38]
[5.43]
[5.4]
[5.41]
[5.42]
[5.41]
[5.41]
[5.41]
[5.41]
[5.42]
[5.44]
[5.44]
[5.45]
[5.47]
[5.47]
[5.4]
[5.42]
[5.44]
[5.46]
[5.47]
[5.46]
[5.46]
[5.47]
[5.47]
[5.42]
[5.48]
[5.49]
[5.48]
[5.46]
[5.46]
[5.5]
[5.51]
[5.48]
[5.46]
[9.04]
[9.13]
[9.13]
[9.16]
[9.17]
[9.17]
[9.19]
[9.21]
[9.24]
[9.24]
[9.22]
[9.2]
[9.27]
[9.28]
[9.28]
[9.29]
[9.32]
[9.33]
[9.33]
[9.34]
[9.36]
[9.37]
[9.38]
[9.41]
[9.41]
[9.41]
[9.41]
[9.42]
[9.83]
[9.49]
[9.52]
[12.18]
[12.29]
[12.29]
[12.33]
[12.37]
[12.42]
[12.45]
[12.39]
[15.27]
[16.55]
[14.11]
[12.06]
[12.15]
[12.22]
[12.2]
[14.89]
[12.24]
[12.29]
[12.3]
[12.82]
[12.19]
[12.16]
[12.29]
[12.32]
[12.3]
[12.41]
[12.47]
[12.46]
[12.66]
[12.65]
[14.68]
[15.59]
[15.66]
[15.62]
[15.61]
[15.62]
[15.55]
[15.55]
[15.53]
[15.48]
[15.58]
[15.63]
[15.67]
[15.73]
[15.76]
[15.69]
[15.74]
[15.74]
[15.7]
[15.75]
[15.81]
[15.74]
[15.69]
[15.67]
[15.67]
[15.69]
[15.71]
[15.78]
[15.82]
[15.85]
[15.84]
[15.82]
[15.81]
[15.68]
[15.65]
[15.45]
[15.76]
[15.72]
[15.72]
[15.72]
[15.86]
[15.62]
[15.55]
[15.84]
[15.47]
[15.85]
[15.91]
[15.89]
[15.6]
[15.96]
[15.99]
[15.84]
[15.77]
[15.99]
[15.57]
[15.56]
[15.78]
[15.69]
[15.67]
[15.63]
[15.75]
[15.5]
[15.92]
[15.96]
[15.99]
[16.2]
[15.99]
[15.99]
[15.96]
[15.93]
[15.94]
[15.96]
[15.89]
[15.75]
[15.57]
[14.85]
[16.98]
[17.18]
[17.15]
[16.64]
[16.94]
[16.89]
[16.85]
[16.85]
[16.82]
[22.09]
[48.14]
[54.09]
[52.25]
[50.82]
[26.21]
[24.32]
[46.38]
[54.6]
[55.32]
[58.59]
[42.22]
[59.61]
[52.27]
[91.07]
[134.99]
[99.13]
[93.08]
[89.49]
[90.15]
[90.7]
[92.91]
[90.54]
[92.41]
[91.17]
[89.85]
[54.37]
[55.31]
[91.98]
[89.63]
[92.51]
[92.65]
[53.92]
[58.15]
[118.86]
[121.02]
[128.01]
[129.11]
[130.04]
[130.07]
[129.96]
[130.52]
[93.73]
[94.19]
[93.43]
[94.32]
[94.03]
[49.04]
[42.92]
[63.69]
[56.03]
[54.7]
[38.34]
[11.79]
[11.72]
[12.96]
[33.11]
[57.23]
[47.44]
[52.93]
[38.46]
[13.38]
[10.84]
[32.12]
[12.86]
[13.04]
[11.96]
[9.06]
[9.09]
[9.87]
[13.99]
[13.87]
[12.77]
[11.54]
[13.62]
[10.08]
[9.89]
[11.66]
[11.41]
[10.97]
[12.27]
[12.58]
[13.52]
[14.11]
[18.19]
[19.12]
[13.6]
[13.55]
[13.48]
[13.43]
[13.64]
[13.07]
[13.76]
[13.75]
[12.85]
[13.71]
[11.22]
[9.92]
[11.7]
[12.05]
[15.5]
[15.5]
[20.41]
[11.86]
[11.21]
[12.16]
[10.03]
[8.58]
[11.93]
[24.96]
[9.81]
[9.12]
[11.89]
[11.97]
[19.72]
[18.14]
[16.04]
[11.71]
[13.74]
[39.18]
[46.43]
[42.22]
[40.7]
[29.17]
[11.6]
[7.7]
[7.77]
[5.18]
[5.21]
[5.24]
[5.27]
[5.28]
[5.29]
[5.31]
[5.33]
[5.34]
[5.35]
[5.36]
[5.37]
[5.38]
[5.39]