0.9001008929410927, 0.9015004994474506, 3.8272789708695187, 192.39915037220555[12.686795]
[10.158564]
[8.948155]
[10.91185]
[10.003553]
[6.5616684]
[5.8698735]
[5.8279886]
[5.9038506]
[5.8805265]
[5.848411]
[5.886809]
[5.814985]
[8.133814]
[8.647039]
[8.676978]
[8.688175]
[9.111404]
[9.217732]
[9.080975]
[9.565025]
[9.062389]
[8.979066]
[8.867195]
[8.868444]
[8.86959]
[8.853383]
[8.812196]
[8.778564]
[8.708868]
[8.7357855]
[8.739278]
[8.638172]
[8.787169]
[8.787614]
[8.735089]
[8.788693]
[8.996543]
[12.223321]
[9.763051]
[8.929626]
[8.977722]
[9.062789]
[9.130204]
[10.894113]
[11.23754]
[11.214366]
[11.1431]
[11.2403]
[11.240276]
[11.357719]
[11.352867]
[11.27632]
[11.173527]
[11.205407]
[11.124389]
[11.125905]
[11.151708]
[11.132871]
[11.095373]
[11.1023245]
[11.102846]
[11.101404]
[11.073007]
[11.108197]
[11.082648]
[11.142596]
[11.338195]
[11.334111]
[11.268784]
[13.877354]
[9.024756]
[10.306758]
[11.052252]
[34.422516]
[17.647388]
[12.953668]
[13.023134]
[12.938701]
[12.9426775]
[13.020395]
[13.157716]
[13.194851]
[13.176019]
[13.271419]
[13.076516]
[12.9353485]
[12.983447]
[13.241939]
[13.155779]
[13.048562]
[12.900245]
[13.116443]
[13.359579]
[13.113304]
[13.107042]
[13.231838]
[13.0842085]
[13.041389]
[12.653698]
[12.644882]
[13.076491]
[12.964569]
[12.945217]
[13.063378]
[13.494235]
[21.066324]
[20.97714]
[16.860325]
[35.16909]
[49.53997]
[16.250063]
[69.02759]
[69.938416]
[74.37052]
[87.340324]
[132.3848]
[89.65475]
[67.25424]
[56.166588]
[58.620678]
[56.510586]
[52.47605]
[49.008274]
[50.040726]
[46.96728]
[39.46998]
[46.44512]
[48.717827]
[46.4574]
[47.30161]
[49.72611]
[31.130198]
[26.974277]
[40.28553]
[46.118587]
[42.829205]
[46.10974]
[42.62358]
[23.33048]
[21.369009]
[42.777073]
[46.861835]
[69.201385]
[97.88582]
[136.74142]
[149.08505]
[163.34918]
[192.7725]
[154.04431]
[137.25366]
[135.24634]
[118.031525]
[97.671974]
[81.93633]
[103.94786]
[109.943054]
[111.68227]
[115.18193]
[124.68913]
[103.955025]
[92.884705]
[86.09373]
[86.72304]
[83.82328]
[83.40121]
[87.871826]
[68.12478]
[62.758553]
[69.8669]
[68.75398]
[67.15039]
[65.11873]
[65.22508]
[58.140533]
[55.63541]
[52.29466]
[54.010227]
[41.941895]
[52.20705]
[53.02999]
[47.285313]
[44.574158]
[53.950966]
[49.498047]
[44.619045]
[41.77258]
[43.00564]
[39.53936]
[40.38576]
[43.642746]
[58.62517]
[62.812057]
[56.474052]
[61.004272]
[55.427986]
[54.747055]
[89.73135]
[87.948235]
[84.00818]
[79.431]
[76.161736]
[77.36079]
[75.462036]
[79.70691]
[86.69922]
[84.66194]
[93.525894]
[95.56645]
[67.878235]
[65.00523]
[70.47044]
[55.4842]
[67.046036]
[49.51219]
[60.682552]
[36.895035]
[25.749746]
[45.151775]
[35.668385]
[33.999832]
[26.875729]
[30.198242]
[22.64442]
[16.989]
[21.673573]
[28.236767]
[35.42894]
[35.96889]
[38.781555]
[29.38446]
[19.037104]
[40.738304]
[46.151936]
[39.679222]
[37.052788]
[23.780523]
[19.928596]
[19.118898]
[24.848635]
[31.7385]
[37.683285]
[35.624096]
[39.7353]
[21.17572]
[16.759727]
[37.723366]
[37.742493]
[36.67776]
[37.034668]
[35.45499]
[20.318077]
[17.147963]
[28.25535]
[31.78516]
[25.630384]
[31.177088]
[30.5721]
[18.48351]
[13.5438385]
[25.28319]
[27.635414]
[26.569138]
[24.907118]
[23.533594]
[19.782614]
[15.787119]
[20.087137]
[22.828693]
[18.11136]
[19.065374]
[36.41613]
[22.322659]
[17.004759]
[25.788456]
[27.76597]
[26.272934]
[25.008116]
[24.058994]
[14.033027]
[10.306822]
[21.271679]
[21.440315]
[22.676914]
[23.7423]
[22.471188]
[13.477085]
[9.30325]
[8.4673195]
[7.1808233]
[6.7769456]
[7.169776]
[7.0261264]
[6.975311]
[7.0067277]
[6.84606]
[6.9834304]
[6.854171]
[6.9249363]
[6.790502]
[6.5523915]
[6.4475975]
[6.448069]
[6.34567]
[6.355622]
[6.131978]
[6.0401716]
[6.0401716]
[6.0401716]
[6.0401716]
[5.9773474]
[8.009193]
[12.727601]
[12.62622]
[14.289063]
[10.152733]
[11.0325]
[11.944902]
[15.947181]
[14.674918]
[13.041271]
[10.334375]
[7.2762833]
[10.20914]
[10.586243]
[9.387703]
[9.708248]
[10.173509]
[11.724502]
[12.139021]
[10.8521805]
[11.797349]
[18.178741]
[13.665039]
[12.441021]
[8.990252]
[11.940931]
[12.731381]
[12.381544]
[7.0972342]
[5.906464]
[5.927744]
[6.630705]
[9.979882]
[10.234703]
[10.298746]
[7.6828938]
[6.08261]
[5.873861]
[5.8942723]
[5.867576]
[5.9048424]
[7.159815]
[6.1888795]
[5.8786664]
[5.8399577]
[5.88859]
[5.7699227]
[5.8953276]
[5.700664]
[5.8886337]
[5.905221]
[5.796868]
[5.838647]
[5.7695913]
[5.7789907]
[5.8168535]
[5.998311]
[6.0018744]
[5.9472427]
[5.7225723]
[5.8754387]
[5.7547436]
[5.7824907]
[5.77745]
[5.7862124]
[7.8579865]
[8.302399]
[12.98898]
[9.452029]
[8.461632]
[9.610557]
[9.5352745]
[8.559426]
[11.504239]
[11.121704]
[9.322156]
[10.746586]
[11.366266]
[9.430549]
[8.899774]
[11.265155]
[12.005923]
[12.070299]
[12.00131]
[16.645874]
[11.904838]
[9.469172]
[12.547114]
[16.393742]
[19.880762]
[14.847167]
[12.165753]
[11.310716]
[10.021173]
[9.929166]
[10.835634]
[11.021521]
[11.790799]
[11.9823885]
[11.150927]
[11.009864]
[11.937416]
[11.678539]
[11.325572]
[12.074895]
[12.383751]
[11.265282]
[10.503772]
[11.465619]
[11.934207]
[11.896639]
[11.9095335]
[11.449308]
[10.705103]
[10.445737]
[11.173384]
[11.663351]
[11.998665]
[10.645837]
[11.728626]
[11.281904]
[11.344174]
[11.869227]
[11.908905]
[11.098747]
[12.855242]
[12.60872]
[12.505788]
[12.432711]
[12.37497]
[12.387795]
[12.252812]
[12.380708]
[12.331181]
[14.302926]
[17.522018]
[16.768496]
[12.843222]
[12.432556]
[12.582291]
[12.742452]
[12.788802]
[12.250722]
[12.283962]
[12.462368]
[12.60866]
[12.580541]
[12.505907]
[12.505258]
[12.238749]
[12.026638]
[11.978824]
[11.944425]
[12.000321]
[12.133009]
[12.088182]
[12.054999]
[11.965955]
[11.856017]
[11.868512]
[11.979366]
[11.864348]
[11.732953]
[11.6684265]
[11.666126]
[11.76157]
[11.636917]
[11.671339]
[11.745407]
[11.765645]
[11.6597805]
[11.474673]
[11.543939]
[11.395422]
[11.349511]
[11.513455]
[11.592695]
[11.491962]
[11.417869]
[11.370634]
[11.260881]
[11.295386]
[11.54783]
[11.459169]
[11.450863]
[11.474091]
[11.617475]
[11.903109]
[12.140019]
[14.120575]
[21.386002]
[13.65412]
[21.587322]
[8.398346]
[6.7208505]
[10.622889]
[11.833495]
[12.80884]
[13.361608]
[13.515907]
[13.479615]
[13.336812]
[13.115585]
[12.981643]
[13.03762]
[12.990798]
[12.754097]
[13.2935705]
[12.791122]
[12.606849]
[12.549424]
[12.458652]
[11.999916]
[12.742217]
[11.37999]
[10.763348]
[10.828977]
[11.103112]
[10.791592]
[11.808157]
[10.887116]
[10.547322]
[10.469047]
[10.414798]
[10.409992]
[10.22764]
[10.2204075]
[10.393961]
[10.402414]
[10.35046]
[10.263323]
[10.2837715]
[10.287727]
[10.21469]
[10.015377]
[10.582255]
[11.541612]
[11.624455]
[10.97112]
[11.708391]
[10.912714]
[10.743779]
[10.96741]
[10.776351]
[10.669098]
[9.27849]
[9.13984]
[9.332133]
[9.002038]
[8.984548]
[9.036465]
[8.999506]
[9.053454]
[9.04665]
[9.091317]
[9.038336]
[9.068407]
[9.0967655]
[9.082236]
[9.172693]
[9.104014]
[9.163771]
[9.151311]
[9.171217]
[9.12986]
[9.137984]
[9.116302]
[9.115833]
[9.102901]
[9.105779]
[9.1413]
[9.141903]
[9.091049]
[9.10089]
[9.109034]
[8.651486]
[8.627663]
[8.514783]
[8.37685]
[8.286135]
[8.232498]
[8.323066]
[8.357857]
[8.357582]
[8.276603]
[8.164539]
[8.216959]
[8.078142]
[8.63854]
[8.565134]
[8.562364]
[8.516938]
[8.459048]
[8.445481]
[8.441474]
[8.4085045]
[8.468147]
[8.399825]
[8.4136715]
[8.42414]
[8.331444]
[8.310502]
[8.421594]
[8.476944]
[8.380184]
[8.481901]
[8.1792555]
[8.057026]
[7.907063]
[7.865078]
[7.857704]
[7.829879]
[7.8799586]
[7.893374]
[7.8664246]
[7.8329296]
[7.87517]
[7.8432646]
[7.8503685]
[7.859388]
[7.8598194]
[7.814869]
[7.8726535]
[7.850562]
[7.8651757]
[7.7978745]
[7.8533087]
[7.904644]
[7.830735]
[7.8283954]
[7.8775425]
[7.869954]
[7.8398795]
[7.8281]
[7.8084135]
[7.8780274]
[6.7633204]
[6.5153785]
[6.4471717]
[6.080798]
[6.0076103]
[5.999972]
[5.9775352]
[6.023067]
[5.97644]
[5.977968]
[6.0322385]
[5.999722]
[5.9874964]
[5.9959893]
[5.9456196]
[5.9016953]
[5.9373994]
[5.817625]
[5.8624296]
[5.886409]
[5.859149]
[5.8460712]
[5.8077035]
[5.788777]
[5.7874913]
[5.7710905]
[5.754544]
[5.7372293]
[5.7323885]
[5.660864]
[5.6859293]
[5.6195326]
[5.9417915]
[5.8922453]
[9.004305]
[6.3761015]
[7.060436]
[7.3741345]
[5.8983994]
[5.5994983]
[5.5535502]
[5.4937253]
[5.7220073]
[5.494934]
[5.6618557]
[5.4678435]
[5.61925]
[5.430779]
[7.358522]
[5.9912496]
[5.5564585]
[5.5300665]
[5.504191]
[5.4784074]
[5.4525456]
[5.217948]
[5.3625355]
[5.2730975]
[7.138496]
[5.608258]
[5.1158657]
[5.2702785]
[5.1244645]
[5.064695]
[5.2053227]
[5.078331]
[5.1448956]
[5.1616216]
[5.020747]
[5.0795507]
[5.0168543]
[4.927915]
[4.9343834]
[5.0082397]
[4.9422565]
[4.9515333]
[4.9068]
[4.8617845]
[4.873219]
[4.887624]
[4.8097534]
[4.8057227]
[4.834535]
[4.799601]
[4.7552767]
[4.7694283]
[4.7561665]
[4.746677]
[4.7353354]
[4.6650357]
[7.647051]
[7.798203]
[8.129127]
[7.746561]
[8.055402]
[8.145156]
[8.066905]
[8.013497]
[8.591071]
[8.053258]
[8.494882]
[8.006532]
[8.528093]
[8.049365]
[8.575367]
[8.723923]
[8.163256]
[8.0986]
[8.102523]
[8.155065]
[8.1704645]
[8.084725]
[8.068377]
[8.4065275]
[8.146838]
[8.605461]
[8.321735]
[8.063317]
[8.709783]
[8.74044]
[8.701634]
[10.259987]
[10.416575]
[10.325819]
[10.752008]
[10.228357]
[10.60884]
[11.127737]
[11.123058]
[13.577026]
[14.675356]
[13.225203]
[10.607333]
[10.631207]
[10.628317]
[10.966225]
[13.274811]
[10.985852]
[10.63509]
[10.52764]
[10.791278]
[9.974481]
[9.802815]
[9.986297]
[10.252927]
[10.291445]
[10.488803]
[10.154025]
[9.903548]
[10.122374]
[10.063312]
[11.089827]
[11.523084]
[11.715308]
[11.864025]
[11.481524]
[11.564545]
[11.250629]
[11.358324]
[11.750842]
[12.118534]
[18.330893]
[15.504923]
[11.630807]
[13.761516]
[9.935722]
[12.877075]
[13.47389]
[13.489108]
[13.397173]
[13.4128475]
[13.176869]
[13.090067]
[13.001105]
[12.834145]
[13.338504]
[13.544846]
[13.337785]
[12.737655]
[12.76404]
[13.760085]
[13.7962675]
[13.961841]
[12.962749]
[12.343489]
[10.864496]
[9.421729]
[12.21874]
[13.870057]
[14.455551]
[14.942212]
[14.8580475]
[12.519473]
[14.0315275]
[14.641593]
[14.162601]
[14.816679]
[15.215178]
[15.16364]
[14.8625555]
[15.187325]
[15.200703]
[15.089577]
[14.994685]
[15.095164]
[15.549623]
[15.888703]
[14.675375]
[14.332259]
[14.421894]
[14.352481]
[14.345055]
[14.2502575]
[14.616414]
[14.650116]
[15.394913]
[15.258365]
[14.454408]
[14.403836]
[14.320216]
[14.640785]
[14.539685]
[14.906469]
[15.322814]
[23.635714]
[25.919302]
[12.892003]
[26.988789]
[25.385117]
[18.810984]
[20.95752]
[19.104717]
[4.989612]
[13.963679]
[16.497808]
[16.009336]
[19.386105]
[35.10665]
[41.092037]
[48.193485]
[51.939827]
[43.884872]
[39.43371]
[54.72493]
[62.964825]
[59.098602]
[60.123978]
[50.921608]
[66.12206]
[81.13668]
[86.95115]
[113.13285]
[107.78802]
[112.074265]
[96.637924]
[95.691765]
[91.0652]
[93.8741]
[89.07043]
[85.847595]
[82.03098]
[81.04266]
[67.32068]
[68.93145]
[81.399574]
[80.58343]
[81.42335]
[83.97255]
[76.641266]
[81.88523]
[99.80993]
[114.23104]
[130.48398]
[128.00613]
[120.23064]
[121.35452]
[126.00116]
[119.85239]
[95.21963]
[96.06023]
[91.0104]
[89.297195]
[87.00738]
[58.496437]
[49.13405]
[57.77446]
[53.90386]
[50.700424]
[40.99621]
[23.784178]
[19.491926]
[19.668377]
[31.956758]
[44.436325]
[40.52364]
[41.973923]
[35.149143]
[20.702991]
[15.713189]
[28.63996]
[19.829002]
[16.643082]
[16.232672]
[13.687415]
[13.195797]
[13.457422]
[16.141943]
[16.401625]
[15.476694]
[14.209189]
[15.045686]
[12.83052]
[12.494288]
[13.661687]
[13.690629]
[12.861704]
[12.935996]
[13.009366]
[13.189427]
[13.146143]
[15.363314]
[15.733057]
[12.387567]
[11.702041]
[12.268597]
[13.361281]
[13.644394]
[12.647635]
[12.555455]
[12.418534]
[11.771144]
[12.001866]
[10.704479]
[9.398816]
[10.306552]
[11.411367]
[14.297771]
[14.5076275]
[17.179865]
[13.396975]
[13.158153]
[14.50025]
[12.425094]
[10.500089]
[11.68962]
[18.599781]
[10.775571]
[8.413201]
[10.048409]
[9.869466]
[13.961376]
[13.392642]
[12.028477]
[9.302979]
[10.032918]
[22.66976]
[26.46379]
[25.682455]
[25.144825]
[19.849352]
[11.433775]
[9.984501]
[10.629557]
[8.228088]
[7.8119254]
[7.408286]
[6.922069]
[6.31432]
[5.4792957]
[5.9568806]
[6.063842]
[6.053973]
[5.392564]
[5.5705466]
[5.4377065]
[5.0818267][10.25]
[9.45]
[13.02]
[10.69]
[5.31]
[5.25]
[5.26]
[5.31]
[5.31]
[5.3]
[5.29]
[5.3]
[9.25]
[9.31]
[9.28]
[9.29]
[9.27]
[9.26]
[9.25]
[9.26]
[9.26]
[9.27]
[9.25]
[9.25]
[9.32]
[9.28]
[9.26]
[9.22]
[9.21]
[9.23]
[9.23]
[9.06]
[9.24]
[9.25]
[9.24]
[9.29]
[9.55]
[9.28]
[9.27]
[9.27]
[9.25]
[9.24]
[9.28]
[12.21]
[12.29]
[12.32]
[12.27]
[12.3]
[12.29]
[12.25]
[12.25]
[12.25]
[12.29]
[12.3]
[12.3]
[12.31]
[12.36]
[12.34]
[12.35]
[12.36]
[12.37]
[12.39]
[12.39]
[12.4]
[12.36]
[12.39]
[12.4]
[12.41]
[12.52]
[12.25]
[12.25]
[12.03]
[12.31]
[26.75]
[15.2]
[15.05]
[15.12]
[15.03]
[15.09]
[15.17]
[15.22]
[15.41]
[15.4]
[15.43]
[15.24]
[15.14]
[15.08]
[15.29]
[15.3]
[15.23]
[15.22]
[15.17]
[15.21]
[15.24]
[15.21]
[15.26]
[15.09]
[15.03]
[14.94]
[15.09]
[15.28]
[15.3]
[15.52]
[15.38]
[15.46]
[15.26]
[15.55]
[15.54]
[15.27]
[22.36]
[17.87]
[15.85]
[42.75]
[82.22]
[94.05]
[93.25]
[90.97]
[55.68]
[49.63]
[58.09]
[56.67]
[54.59]
[53.59]
[58.05]
[53.08]
[41.74]
[57.88]
[58.89]
[56.17]
[56.45]
[59.98]
[24.57]
[23.68]
[48.95]
[58.59]
[52.66]
[61.65]
[55.39]
[15.63]
[15.57]
[49.45]
[48.02]
[57.5]
[95.04]
[91.35]
[127.12]
[159.08]
[215.85]
[192.9]
[144.63]
[136.75]
[131.02]
[99.64]
[86.83]
[129.19]
[131.03]
[129.73]
[130.49]
[130.52]
[92.3]
[87.76]
[90.33]
[91.84]
[90.24]
[92.4]
[96.82]
[52.74]
[45.22]
[55.96]
[60.38]
[51.61]
[55.5]
[62.81]
[54.04]
[56.12]
[53.08]
[60.33]
[38.11]
[64.66]
[62.07]
[50.21]
[45.53]
[67.12]
[58.52]
[53.52]
[50.52]
[53.77]
[41.06]
[38.17]
[35.45]
[50.08]
[57.71]
[43.73]
[61.41]
[54.5]
[42.43]
[96.98]
[93.31]
[95.73]
[93.08]
[91.61]
[94.94]
[85.74]
[88.4]
[98.74]
[90.94]
[95.37]
[98.5]
[45.13]
[47.61]
[67.66]
[39.1]
[71.69]
[37.29]
[69.59]
[19.53]
[12.7]
[49.99]
[27.12]
[31.05]
[19.21]
[28.46]
[14.31]
[9.94]
[17.83]
[28.86]
[44.83]
[46.46]
[52.06]
[24.01]
[9.42]
[50.97]
[57.23]
[44.2]
[37.8]
[12.15]
[9.41]
[10.47]
[20.43]
[33.31]
[48.25]
[44.01]
[55.45]
[12.7]
[10.36]
[51.64]
[50.92]
[50.38]
[49.93]
[49.1]
[13.79]
[10.13]
[29.22]
[34.2]
[23.2]
[39.35]
[38.77]
[14.08]
[10.2]
[32.49]
[35.58]
[33.86]
[32.24]
[29.9]
[23.23]
[16.87]
[24.9]
[28.37]
[17.49]
[16.74]
[47.53]
[16.06]
[15.03]
[32.65]
[36.66]
[33.79]
[32.62]
[31.6]
[12.79]
[8.68]
[29.3]
[28.48]
[33.01]
[32.79]
[29.71]
[12.11]
[7.79]
[7.39]
[5.3]
[5.33]
[5.36]
[5.41]
[5.44]
[5.46]
[5.48]
[5.51]
[5.52]
[5.54]
[5.55]
[5.56]
[5.57]
[5.58]
[5.41]
[5.59]
[5.59]
[5.59]
[5.59]
[5.59]
[5.59]
[5.52]
[9.82]
[15.53]
[16.95]
[20.82]
[11.7]
[14.18]
[15.4]
[23.39]
[19.41]
[16.47]
[11.42]
[6.71]
[12.54]
[12.67]
[10.63]
[11.37]
[12.05]
[14.44]
[14.47]
[12.32]
[14.46]
[13.82]
[14.57]
[14.58]
[8.47]
[14.78]
[14.81]
[14.47]
[5.31]
[5.31]
[5.29]
[6.65]
[12.03]
[10.97]
[11.68]
[7.09]
[5.32]
[5.32]
[5.33]
[5.32]
[5.32]
[7.66]
[5.32]
[5.32]
[5.32]
[5.29]
[5.21]
[5.09]
[5.1]
[5.1]
[5.1]
[5.11]
[5.11]
[5.1]
[5.12]
[5.22]
[5.48]
[5.49]
[5.27]
[5.12]
[5.13]
[5.12]
[5.12]
[5.11]
[5.16]
[8.76]
[8.76]
[8.94]
[8.95]
[8.95]
[10.8]
[10.34]
[8.93]
[12.82]
[12.41]
[9.78]
[12.71]
[13.05]
[9.78]
[9.61]
[13.47]
[13.71]
[13.82]
[13.8]
[20.11]
[12.1]
[10.21]
[15.44]
[19.36]
[24.22]
[16.35]
[13.82]
[12.91]
[11.05]
[11.21]
[12.63]
[12.73]
[13.93]
[14.]
[12.75]
[12.72]
[14.06]
[13.64]
[13.18]
[14.13]
[14.47]
[12.97]
[12.08]
[13.53]
[13.92]
[14.]
[14.03]
[13.47]
[12.53]
[12.61]
[12.89]
[13.87]
[13.64]
[12.29]
[13.75]
[12.77]
[12.77]
[13.97]
[13.97]
[12.95]
[15.58]
[14.78]
[14.97]
[14.82]
[14.67]
[14.69]
[14.7]
[14.81]
[14.7]
[17.5]
[18.04]
[19.37]
[14.58]
[14.62]
[14.69]
[14.75]
[14.6]
[14.39]
[14.42]
[14.49]
[14.55]
[14.59]
[14.62]
[14.6]
[14.31]
[14.23]
[14.12]
[14.15]
[14.3]
[14.52]
[14.49]
[14.43]
[14.23]
[14.17]
[14.28]
[14.37]
[14.29]
[14.2]
[14.09]
[14.11]
[14.23]
[14.04]
[14.13]
[14.15]
[14.07]
[14.02]
[13.88]
[13.88]
[13.78]
[13.82]
[13.92]
[14.08]
[13.97]
[13.86]
[13.82]
[13.83]
[13.99]
[14.01]
[13.84]
[13.78]
[13.71]
[13.96]
[14.1]
[13.99]
[13.72]
[16.98]
[13.92]
[13.67]
[13.53]
[13.42]
[13.41]
[13.36]
[14.17]
[14.52]
[14.48]
[14.44]
[14.41]
[14.38]
[14.37]
[14.35]
[14.34]
[14.31]
[15.25]
[14.32]
[14.31]
[14.29]
[14.29]
[14.58]
[14.56]
[12.15]
[11.95]
[11.88]
[11.87]
[11.82]
[13.39]
[11.95]
[11.94]
[11.89]
[11.86]
[11.86]
[11.84]
[11.83]
[11.81]
[11.86]
[11.86]
[11.8]
[11.8]
[11.79]
[11.78]
[11.77]
[11.96]
[11.94]
[11.9]
[11.85]
[11.35]
[11.83]
[11.8]
[12.]
[12.06]
[12.03]
[9.66]
[9.6]
[9.59]
[9.63]
[9.74]
[9.73]
[9.68]
[9.68]
[9.7]
[9.68]
[9.68]
[9.67]
[9.67]
[9.73]
[9.77]
[9.75]
[9.77]
[9.77]
[9.77]
[9.74]
[9.74]
[9.73]
[9.72]
[9.75]
[9.75]
[9.79]
[9.77]
[9.77]
[9.78]
[9.77]
[9.09]
[9.09]
[8.91]
[8.69]
[8.69]
[8.66]
[8.69]
[8.7]
[8.7]
[8.66]
[8.67]
[8.77]
[8.78]
[8.78]
[8.77]
[8.78]
[8.77]
[8.74]
[8.74]
[8.77]
[8.77]
[8.77]
[8.76]
[8.77]
[8.76]
[8.77]
[8.77]
[8.76]
[8.76]
[8.77]
[8.71]
[8.26]
[8.23]
[8.06]
[8.02]
[8.01]
[8.04]
[8.06]
[8.04]
[8.05]
[8.06]
[8.05]
[8.05]
[8.07]
[8.07]
[8.06]
[8.04]
[8.08]
[8.07]
[8.07]
[8.03]
[8.1]
[8.09]
[8.1]
[8.11]
[8.1]
[8.11]
[8.12]
[8.11]
[8.11]
[8.13]
[6.13]
[6.11]
[5.91]
[5.29]
[5.35]
[5.29]
[5.31]
[5.3]
[5.3]
[5.3]
[5.31]
[5.3]
[5.27]
[5.29]
[5.29]
[5.29]
[5.3]
[5.3]
[5.34]
[5.31]
[5.31]
[5.32]
[5.32]
[5.31]
[5.33]
[5.32]
[5.32]
[5.31]
[5.33]
[5.32]
[5.34]
[5.34]
[5.89]
[5.74]
[5.51]
[5.5]
[7.49]
[7.16]
[5.55]
[5.56]
[5.48]
[5.43]
[5.41]
[5.42]
[5.48]
[5.44]
[5.44]
[5.44]
[7.99]
[5.37]
[5.4]
[5.41]
[5.38]
[5.38]
[5.39]
[5.38]
[5.38]
[5.43]
[5.4]
[5.41]
[5.42]
[5.41]
[5.41]
[5.41]
[5.41]
[5.42]
[5.44]
[5.44]
[5.45]
[5.47]
[5.47]
[5.4]
[5.42]
[5.44]
[5.46]
[5.47]
[5.46]
[5.46]
[5.47]
[5.47]
[5.42]
[5.48]
[5.49]
[5.48]
[5.46]
[5.46]
[5.5]
[5.51]
[5.48]
[5.46]
[9.04]
[9.13]
[9.13]
[9.16]
[9.17]
[9.17]
[9.19]
[9.21]
[9.24]
[9.24]
[9.22]
[9.2]
[9.27]
[9.28]
[9.28]
[9.29]
[9.32]
[9.33]
[9.33]
[9.34]
[9.36]
[9.37]
[9.38]
[9.41]
[9.41]
[9.41]
[9.41]
[9.42]
[9.83]
[9.49]
[9.52]
[12.18]
[12.29]
[12.29]
[12.33]
[12.37]
[12.42]
[12.45]
[12.39]
[15.27]
[16.55]
[14.11]
[12.06]
[12.15]
[12.22]
[12.2]
[14.89]
[12.24]
[12.29]
[12.3]
[12.82]
[12.19]
[12.16]
[12.29]
[12.32]
[12.3]
[12.41]
[12.47]
[12.46]
[12.66]
[12.65]
[14.68]
[15.59]
[15.66]
[15.62]
[15.61]
[15.62]
[15.55]
[15.55]
[15.53]
[15.48]
[15.58]
[15.63]
[15.67]
[15.73]
[15.76]
[15.69]
[15.74]
[15.74]
[15.7]
[15.75]
[15.81]
[15.74]
[15.69]
[15.67]
[15.67]
[15.69]
[15.71]
[15.78]
[15.82]
[15.85]
[15.84]
[15.82]
[15.81]
[15.68]
[15.65]
[15.45]
[15.76]
[15.72]
[15.72]
[15.72]
[15.86]
[15.62]
[15.55]
[15.84]
[15.47]
[15.85]
[15.91]
[15.89]
[15.6]
[15.96]
[15.99]
[15.84]
[15.77]
[15.99]
[15.57]
[15.56]
[15.78]
[15.69]
[15.67]
[15.63]
[15.75]
[15.5]
[15.92]
[15.96]
[15.99]
[16.2]
[15.99]
[15.99]
[15.96]
[15.93]
[15.94]
[15.96]
[15.89]
[15.75]
[15.57]
[14.85]
[16.98]
[17.18]
[17.15]
[16.64]
[16.94]
[16.89]
[16.85]
[16.85]
[16.82]
[22.09]
[48.14]
[54.09]
[52.25]
[50.82]
[26.21]
[24.32]
[46.38]
[54.6]
[55.32]
[58.59]
[42.22]
[59.61]
[52.27]
[91.07]
[134.99]
[99.13]
[93.08]
[89.49]
[90.15]
[90.7]
[92.91]
[90.54]
[92.41]
[91.17]
[89.85]
[54.37]
[55.31]
[91.98]
[89.63]
[92.51]
[92.65]
[53.92]
[58.15]
[118.86]
[121.02]
[128.01]
[129.11]
[130.04]
[130.07]
[129.96]
[130.52]
[93.73]
[94.19]
[93.43]
[94.32]
[94.03]
[49.04]
[42.92]
[63.69]
[56.03]
[54.7]
[38.34]
[11.79]
[11.72]
[12.96]
[33.11]
[57.23]
[47.44]
[52.93]
[38.46]
[13.38]
[10.84]
[32.12]
[12.86]
[13.04]
[11.96]
[9.06]
[9.09]
[9.87]
[13.99]
[13.87]
[12.77]
[11.54]
[13.62]
[10.08]
[9.89]
[11.66]
[11.41]
[10.97]
[12.27]
[12.58]
[13.52]
[14.11]
[18.19]
[19.12]
[13.6]
[13.55]
[13.48]
[13.43]
[13.64]
[13.07]
[13.76]
[13.75]
[12.85]
[13.71]
[11.22]
[9.92]
[11.7]
[12.05]
[15.5]
[15.5]
[20.41]
[11.86]
[11.21]
[12.16]
[10.03]
[8.58]
[11.93]
[24.96]
[9.81]
[9.12]
[11.89]
[11.97]
[19.72]
[18.14]
[16.04]
[11.71]
[13.74]
[39.18]
[46.43]
[42.22]
[40.7]
[29.17]
[11.6]
[7.7]
[7.77]
[5.18]
[5.21]
[5.24]
[5.27]
[5.28]
[5.29]
[5.31]
[5.33]
[5.34]
[5.35]
[5.36]
[5.37]
[5.38]
[5.39]