0.9044853545441884, 0.9047177439602505, -1.3523737419328123, 188.12968602349736[13.621807]
[10.968692]
[9.896891]
[11.813907]
[10.78683]
[7.4835515]
[6.7809844]
[6.9048147]
[6.885312]
[6.8665395]
[6.9099965]
[6.785118]
[6.8785563]
[9.086099]
[9.673425]
[9.564839]
[9.535617]
[9.136099]
[9.8055935]
[12.295303]
[11.070272]
[10.320778]
[10.027618]
[9.991689]
[9.896891]
[9.898087]
[9.893414]
[9.92388]
[9.803391]
[9.80452]
[9.67884]
[9.644357]
[9.812151]
[9.909541]
[9.770123]
[9.881077]
[9.909]
[9.621439]
[13.493141]
[10.607162]
[9.767172]
[10.271352]
[10.727929]
[10.6673565]
[12.108209]
[12.3352585]
[12.16532]
[12.263151]
[11.932932]
[12.33706]
[12.707091]
[12.694885]
[12.260685]
[12.388782]
[12.239712]
[12.170001]
[12.174236]
[12.264367]
[12.169479]
[12.138237]
[12.149198]
[12.217852]
[12.076152]
[12.139192]
[12.111782]
[11.856294]
[12.358092]
[12.820118]
[12.306986]
[12.552668]
[14.858103]
[10.174763]
[11.581636]
[12.137268]
[37.314106]
[18.127441]
[14.025135]
[14.0042925]
[13.943324]
[13.886764]
[14.027826]
[14.263845]
[14.113865]
[14.182741]
[14.316812]
[13.978568]
[13.863083]
[14.02854]
[14.353601]
[14.04515]
[14.035551]
[13.67472]
[14.479859]
[14.480016]
[14.017707]
[14.215103]
[14.300298]
[14.109424]
[14.117818]
[13.373949]
[13.6528015]
[14.315839]
[13.974176]
[14.342425]
[14.518976]
[14.519208]
[17.244143]
[18.153843]
[18.576155]
[25.211483]
[32.549206]
[30.702536]
[59.349438]
[69.43106]
[80.18424]
[90.60727]
[117.8102]
[90.85196]
[70.62842]
[58.41347]
[59.639957]
[58.621517]
[54.429718]
[50.896576]
[51.51072]
[48.810326]
[41.325077]
[47.882446]
[50.628242]
[49.130054]
[48.108307]
[51.771877]
[32.012386]
[27.252436]
[42.264744]
[49.048046]
[45.37243]
[49.354248]
[45.3978]
[22.643734]
[22.0505]
[44.3171]
[46.760338]
[65.0524]
[94.02189]
[123.73551]
[135.66628]
[162.97032]
[189.9317]
[169.9346]
[141.6014]
[134.64104]
[123.85538]
[102.05234]
[86.57441]
[108.581696]
[114.02165]
[113.88011]
[116.87835]
[121.230965]
[100.92375]
[91.82311]
[89.3423]
[90.01059]
[87.17866]
[86.360596]
[88.93517]
[65.37127]
[59.95137]
[69.2243]
[69.28431]
[66.87258]
[65.890045]
[68.42985]
[59.97114]
[57.43083]
[53.646374]
[55.788006]
[43.068565]
[54.011482]
[54.64909]
[47.976154]
[45.26427]
[56.6684]
[52.053032]
[47.143883]
[44.09067]
[45.05547]
[39.26349]
[40.500202]
[42.218174]
[56.070282]
[64.66586]
[56.259445]
[63.9743]
[57.604725]
[51.626434]
[86.81486]
[91.39138]
[89.329895]
[83.17362]
[79.17035]
[80.00417]
[75.26964]
[79.65757]
[89.24699]
[85.201744]
[90.69512]
[94.24582]
[67.382034]
[63.055855]
[71.8197]
[56.61578]
[69.27132]
[50.672062]
[63.012623]
[36.50914]
[27.831493]
[46.476048]
[36.2033]
[35.131714]
[28.30444]
[31.531826]
[24.282942]
[19.938078]
[23.324554]
[29.590593]
[37.80947]
[39.201138]
[42.053482]
[29.87156]
[21.87249]
[42.484]
[48.807602]
[41.501423]
[37.446434]
[25.51273]
[22.806599]
[24.15566]
[27.6004]
[33.198097]
[40.47446]
[38.612133]
[43.853535]
[22.39486]
[18.236217]
[40.615974]
[41.887356]
[40.56615]
[40.972885]
[39.694687]
[21.443495]
[19.358847]
[30.485743]
[33.001804]
[26.52146]
[33.146454]
[33.33504]
[19.604359]
[14.785623]
[26.786978]
[30.177792]
[29.251827]
[27.548645]
[25.981068]
[21.687204]
[17.383717]
[21.61259]
[24.595808]
[19.17334]
[19.38811]
[38.428875]
[23.267012]
[17.563957]
[27.091288]
[30.262487]
[28.779606]
[27.375336]
[26.411827]
[15.337426]
[11.111735]
[22.584856]
[23.557743]
[25.432467]
[26.358557]
[24.587759]
[14.410654]
[9.993998]
[9.354467]
[8.085141]
[7.8420224]
[7.819996]
[8.174145]
[8.183699]
[7.9178834]
[7.83204]
[7.7502575]
[7.826999]
[7.763079]
[7.71055]
[7.600304]
[7.5661]
[7.5732327]
[7.4763002]
[7.520392]
[7.4344363]
[7.398005]
[7.398005]
[7.398005]
[7.398005]
[7.339008]
[9.558437]
[14.740503]
[14.856181]
[16.56091]
[12.053611]
[12.58648]
[13.503881]
[17.926615]
[16.563614]
[14.606995]
[11.551576]
[8.291472]
[11.139881]
[11.726715]
[10.536606]
[10.752664]
[11.205149]
[12.706572]
[13.05588]
[11.752926]
[12.70389]
[19.800077]
[14.51297]
[13.234456]
[9.664612]
[12.8982115]
[13.473456]
[13.055326]
[7.9212584]
[6.895193]
[6.920139]
[7.7659693]
[10.885008]
[11.126748]
[11.147839]
[8.546753]
[7.026809]
[6.8679924]
[6.889788]
[6.9382963]
[6.813918]
[8.251118]
[7.171955]
[6.794698]
[6.9201016]
[6.81131]
[6.8555474]
[6.3890195]
[6.910449]
[7.1776958]
[6.9853363]
[7.0212803]
[6.868543]
[6.7977204]
[6.806621]
[6.915686]
[7.0039144]
[7.029405]
[6.768886]
[7.0320725]
[6.8212767]
[6.790075]
[6.819462]
[6.814934]
[6.894674]
[8.909289]
[9.413307]
[13.838135]
[10.502333]
[9.448297]
[10.799722]
[10.460395]
[9.6476145]
[12.581863]
[12.079176]
[10.28212]
[11.887491]
[12.357098]
[10.3887615]
[9.989064]
[12.317167]
[13.203765]
[13.063024]
[13.139716]
[17.597176]
[12.811398]
[10.364526]
[13.892944]
[17.349787]
[20.778189]
[15.788795]
[13.27711]
[12.525017]
[11.244798]
[11.309345]
[12.193976]
[12.261098]
[13.106074]
[13.247459]
[12.3693]
[12.339304]
[13.364923]
[12.790075]
[12.504828]
[13.519847]
[13.623893]
[12.511695]
[11.853422]
[12.957995]
[13.231289]
[13.102441]
[13.140388]
[12.624073]
[12.014379]
[11.485381]
[11.849302]
[13.46101]
[13.499981]
[11.739508]
[12.623908]
[13.131307]
[12.840798]
[13.2692795]
[13.225614]
[12.406436]
[14.1487255]
[13.659726]
[13.596827]
[13.5305605]
[13.483559]
[13.433618]
[13.226487]
[13.406658]
[13.286428]
[15.039992]
[17.908564]
[17.126015]
[13.630565]
[13.231862]
[13.586432]
[13.670899]
[14.054946]
[13.830817]
[13.647207]
[13.634209]
[13.601028]
[13.694046]
[13.646196]
[13.594919]
[13.360875]
[13.189277]
[13.060941]
[13.033102]
[13.074511]
[13.176958]
[13.116705]
[13.045217]
[12.913637]
[12.832324]
[12.847195]
[12.906094]
[12.823603]
[12.695156]
[12.595889]
[12.5855255]
[12.671071]
[12.55113]
[12.591973]
[12.637028]
[12.626333]
[12.58106]
[12.4114065]
[12.420601]
[12.333294]
[12.276048]
[12.379315]
[12.491541]
[12.394686]
[12.30216]
[12.2524605]
[12.248911]
[12.312281]
[12.376312]
[12.28439]
[12.237527]
[12.210054]
[12.383926]
[12.657202]
[12.829649]
[12.708587]
[6.30068]
[22.710129]
[36.241375]
[11.333935]
[10.109629]
[12.434083]
[13.211915]
[14.154555]
[14.493803]
[14.255853]
[14.274608]
[14.296193]
[14.483833]
[14.331515]
[14.113444]
[14.180941]
[14.312683]
[14.82933]
[14.189258]
[14.083249]
[14.007351]
[14.090408]
[13.536253]
[13.816541]
[12.319592]
[12.07599]
[11.684159]
[11.551027]
[12.010901]
[13.115663]
[12.4422245]
[12.313647]
[12.114013]
[12.078074]
[11.982123]
[11.6839695]
[11.941438]
[11.941389]
[11.958848]
[11.804123]
[11.768575]
[11.739133]
[11.686253]
[11.521038]
[11.396764]
[11.336911]
[11.827871]
[12.339914]
[13.128341]
[13.286916]
[12.397773]
[12.587351]
[12.417519]
[12.313725]
[11.93472]
[10.720206]
[11.187036]
[10.826391]
[10.550612]
[10.706697]
[10.557705]
[10.679019]
[10.521022]
[10.660805]
[10.503183]
[10.44319]
[10.623287]
[10.377649]
[10.598665]
[10.424337]
[10.525678]
[10.486711]
[10.543923]
[10.46761]
[10.497199]
[10.408343]
[10.454207]
[10.363562]
[10.346858]
[10.352875]
[10.452945]
[10.36933]
[10.25197]
[10.41548]
[10.203989]
[9.965189]
[9.890263]
[9.85672]
[9.627932]
[9.381533]
[9.505594]
[9.665547]
[9.681379]
[9.660153]
[9.289793]
[9.1428795]
[8.700447]
[10.307944]
[10.525544]
[10.309773]
[10.116233]
[9.925919]
[9.836497]
[9.791466]
[9.618071]
[9.822071]
[9.6943035]
[9.625326]
[9.775747]
[9.541854]
[9.26097]
[9.529665]
[9.895364]
[9.537263]
[9.877404]
[9.935639]
[9.525783]
[9.273466]
[9.130274]
[9.146977]
[8.978874]
[9.036727]
[9.15915]
[9.154622]
[8.972948]
[9.094098]
[9.051787]
[9.02107]
[9.02864]
[9.106834]
[8.958976]
[9.065928]
[9.038712]
[9.08782]
[9.023544]
[8.897445]
[9.15653]
[9.058116]
[8.92664]
[9.000532]
[9.113944]
[8.969261]
[9.016278]
[8.874557]
[9.005041]
[9.072081]
[7.8762965]
[7.698533]
[7.6264486]
[7.0982447]
[7.122449]
[6.972032]
[7.090076]
[7.064654]
[6.9429874]
[7.0873384]
[7.0698504]
[7.0379205]
[7.0230308]
[7.028303]
[7.128073]
[7.0777483]
[6.962696]
[7.205675]
[7.059098]
[6.958879]
[7.1303964]
[7.111408]
[7.0879774]
[7.086037]
[7.0979238]
[7.0992265]
[7.0986757]
[7.0976624]
[7.10685]
[7.2095194]
[7.073455]
[7.200681]
[7.4520645]
[7.4534225]
[10.607116]
[7.817375]
[8.776859]
[8.962339]
[7.4376054]
[7.1820498]
[7.139937]
[7.081891]
[7.366588]
[7.0629907]
[7.316951]
[7.042305]
[7.2831473]
[7.0120463]
[9.047453]
[7.6014223]
[7.2055225]
[7.1828413]
[7.1608305]
[7.138888]
[7.116868]
[6.8343506]
[7.06887]
[6.7450643]
[8.971725]
[7.198907]
[6.782255]
[6.996357]
[6.760172]
[6.742346]
[6.9428654]
[6.722841]
[6.893084]
[6.869208]
[6.6762304]
[6.841128]
[6.674828]
[6.6379743]
[6.6412563]
[6.781639]
[6.6124144]
[6.736707]
[6.582888]
[6.589236]
[6.600651]
[6.6859865]
[6.499733]
[6.5430126]
[6.6440377]
[6.4952264]
[6.506102]
[6.589419]
[6.4593344]
[6.573576]
[6.5128126]
[6.383133]
[9.338703]
[9.306872]
[9.634384]
[9.251235]
[9.56292]
[9.601412]
[9.53106]
[9.47468]
[9.972285]
[9.476757]
[9.871037]
[9.388288]
[9.841035]
[9.368053]
[9.82271]
[9.913985]
[9.317822]
[9.301401]
[9.342892]
[9.3677]
[9.402413]
[9.431343]
[9.360411]
[9.615972]
[9.329773]
[9.742921]
[9.507121]
[9.219465]
[9.836966]
[9.856251]
[9.77982]
[11.25872]
[11.400108]
[11.319841]
[11.746627]
[11.233742]
[11.591562]
[12.089822]
[12.077453]
[14.920647]
[16.485374]
[14.741717]
[11.553026]
[11.566326]
[11.558148]
[11.965128]
[14.652999]
[12.24447]
[11.7473]
[11.664727]
[11.863504]
[11.058528]
[10.818466]
[10.861875]
[11.038186]
[11.031079]
[11.206393]
[11.146055]
[10.6278515]
[10.527638]
[10.397937]
[11.125813]
[11.354957]
[11.356861]
[11.3606205]
[10.896843]
[10.833255]
[10.432661]
[10.401234]
[10.611438]
[11.249557]
[11.139119]
[17.032108]
[16.549015]
[13.883392]
[11.522004]
[14.106394]
[14.307019]
[14.265452]
[14.169781]
[14.044863]
[13.638639]
[13.337944]
[13.11356]
[12.860738]
[13.213152]
[12.95343]
[13.896529]
[13.682085]
[14.151067]
[13.677744]
[14.243745]
[14.510956]
[13.901726]
[14.146115]
[10.53067]
[13.591519]
[14.4087925]
[14.742086]
[15.376525]
[15.054316]
[14.149235]
[13.7930565]
[14.267454]
[14.575269]
[15.023638]
[15.6222925]
[15.495145]
[15.836237]
[15.588918]
[15.893607]
[15.92884]
[15.746921]
[15.640498]
[15.892384]
[14.723074]
[14.127985]
[15.168995]
[15.797706]
[15.702667]
[15.594994]
[15.574389]
[15.150058]
[15.432638]
[15.575731]
[15.160139]
[16.083775]
[16.071583]
[15.768539]
[15.6718]
[15.323631]
[15.741525]
[15.374019]
[15.589731]
[18.573154]
[17.202143]
[14.627969]
[21.294533]
[20.243752]
[19.850336]
[21.67504]
[19.992456]
[6.5969434]
[15.559476]
[17.641306]
[17.46831]
[20.32045]
[36.41342]
[41.944782]
[47.58829]
[48.897972]
[39.24005]
[32.660416]
[50.00724]
[60.381195]
[59.727856]
[61.564957]
[51.384434]
[65.33706]
[72.53955]
[90.37126]
[115.443634]
[105.28257]
[104.514244]
[97.512085]
[92.93813]
[92.59962]
[94.274864]
[90.72437]
[89.38076]
[85.99354]
[82.73808]
[64.84649]
[66.2603]
[85.144615]
[85.382545]
[83.623085]
[84.47213]
[74.68714]
[78.09377]
[105.9806]
[117.64988]
[129.20314]
[126.00565]
[124.06804]
[123.37599]
[125.41159]
[122.278]
[97.03142]
[95.10431]
[91.974304]
[91.8083]
[90.44265]
[59.86537]
[50.26121]
[59.751896]
[55.651134]
[52.521923]
[41.70718]
[24.893692]
[22.155598]
[22.819202]
[33.21916]
[47.028656]
[42.80975]
[44.171795]
[36.863552]
[21.310152]
[17.492569]
[29.80405]
[20.814]
[18.478125]
[17.681488]
[15.97118]
[15.166534]
[15.256126]
[17.31012]
[17.385935]
[16.407528]
[15.395561]
[16.271477]
[14.396783]
[14.148194]
[15.215903]
[15.244365]
[14.573317]
[14.919801]
[15.105912]
[15.33919]
[15.5145035]
[17.650593]
[18.17095]
[15.058659]
[14.462955]
[14.96311]
[15.6099]
[15.609254]
[14.859707]
[14.95919]
[14.907996]
[14.310275]
[14.61355]
[13.342259]
[12.175891]
[13.149403]
[14.104526]
[16.442907]
[16.606812]
[19.335188]
[15.621872]
[15.230431]
[15.9947605]
[14.199529]
[12.784808]
[14.03494]
[20.98662]
[13.629236]
[11.627239]
[12.955496]
[12.942332]
[16.90863]
[16.55756]
[15.224469]
[12.590635]
[13.161898]
[26.830109]
[32.21605]
[31.09483]
[30.061186]
[23.577784]
[14.296488]
[12.207973]
[11.563297]
[9.83973]
[8.964019]
[8.670301]
[8.4226265]
[8.010598]
[7.7547226]
[8.101493]
[8.139504]
[8.01373]
[7.756276]
[7.927461]
[7.7314353]
[7.651799][10.25]
[9.45]
[13.02]
[10.69]
[5.31]
[5.25]
[5.26]
[5.31]
[5.31]
[5.3]
[5.29]
[5.3]
[9.25]
[9.31]
[9.28]
[9.29]
[9.27]
[9.26]
[9.25]
[9.26]
[9.26]
[9.27]
[9.25]
[9.25]
[9.32]
[9.28]
[9.26]
[9.22]
[9.21]
[9.23]
[9.23]
[9.06]
[9.24]
[9.25]
[9.24]
[9.29]
[9.55]
[9.28]
[9.27]
[9.27]
[9.25]
[9.24]
[9.28]
[12.21]
[12.29]
[12.32]
[12.27]
[12.3]
[12.29]
[12.25]
[12.25]
[12.25]
[12.29]
[12.3]
[12.3]
[12.31]
[12.36]
[12.34]
[12.35]
[12.36]
[12.37]
[12.39]
[12.39]
[12.4]
[12.36]
[12.39]
[12.4]
[12.41]
[12.52]
[12.25]
[12.25]
[12.03]
[12.31]
[26.75]
[15.2]
[15.05]
[15.12]
[15.03]
[15.09]
[15.17]
[15.22]
[15.41]
[15.4]
[15.43]
[15.24]
[15.14]
[15.08]
[15.29]
[15.3]
[15.23]
[15.22]
[15.17]
[15.21]
[15.24]
[15.21]
[15.26]
[15.09]
[15.03]
[14.94]
[15.09]
[15.28]
[15.3]
[15.52]
[15.38]
[15.46]
[15.26]
[15.55]
[15.54]
[15.27]
[22.36]
[17.87]
[15.85]
[42.75]
[82.22]
[94.05]
[93.25]
[90.97]
[55.68]
[49.63]
[58.09]
[56.67]
[54.59]
[53.59]
[58.05]
[53.08]
[41.74]
[57.88]
[58.89]
[56.17]
[56.45]
[59.98]
[24.57]
[23.68]
[48.95]
[58.59]
[52.66]
[61.65]
[55.39]
[15.63]
[15.57]
[49.45]
[48.02]
[57.5]
[95.04]
[91.35]
[127.12]
[159.08]
[215.85]
[192.9]
[144.63]
[136.75]
[131.02]
[99.64]
[86.83]
[129.19]
[131.03]
[129.73]
[130.49]
[130.52]
[92.3]
[87.76]
[90.33]
[91.84]
[90.24]
[92.4]
[96.82]
[52.74]
[45.22]
[55.96]
[60.38]
[51.61]
[55.5]
[62.81]
[54.04]
[56.12]
[53.08]
[60.33]
[38.11]
[64.66]
[62.07]
[50.21]
[45.53]
[67.12]
[58.52]
[53.52]
[50.52]
[53.77]
[41.06]
[38.17]
[35.45]
[50.08]
[57.71]
[43.73]
[61.41]
[54.5]
[42.43]
[96.98]
[93.31]
[95.73]
[93.08]
[91.61]
[94.94]
[85.74]
[88.4]
[98.74]
[90.94]
[95.37]
[98.5]
[45.13]
[47.61]
[67.66]
[39.1]
[71.69]
[37.29]
[69.59]
[19.53]
[12.7]
[49.99]
[27.12]
[31.05]
[19.21]
[28.46]
[14.31]
[9.94]
[17.83]
[28.86]
[44.83]
[46.46]
[52.06]
[24.01]
[9.42]
[50.97]
[57.23]
[44.2]
[37.8]
[12.15]
[9.41]
[10.47]
[20.43]
[33.31]
[48.25]
[44.01]
[55.45]
[12.7]
[10.36]
[51.64]
[50.92]
[50.38]
[49.93]
[49.1]
[13.79]
[10.13]
[29.22]
[34.2]
[23.2]
[39.35]
[38.77]
[14.08]
[10.2]
[32.49]
[35.58]
[33.86]
[32.24]
[29.9]
[23.23]
[16.87]
[24.9]
[28.37]
[17.49]
[16.74]
[47.53]
[16.06]
[15.03]
[32.65]
[36.66]
[33.79]
[32.62]
[31.6]
[12.79]
[8.68]
[29.3]
[28.48]
[33.01]
[32.79]
[29.71]
[12.11]
[7.79]
[7.39]
[5.3]
[5.33]
[5.36]
[5.41]
[5.44]
[5.46]
[5.48]
[5.51]
[5.52]
[5.54]
[5.55]
[5.56]
[5.57]
[5.58]
[5.41]
[5.59]
[5.59]
[5.59]
[5.59]
[5.59]
[5.59]
[5.52]
[9.82]
[15.53]
[16.95]
[20.82]
[11.7]
[14.18]
[15.4]
[23.39]
[19.41]
[16.47]
[11.42]
[6.71]
[12.54]
[12.67]
[10.63]
[11.37]
[12.05]
[14.44]
[14.47]
[12.32]
[14.46]
[13.82]
[14.57]
[14.58]
[8.47]
[14.78]
[14.81]
[14.47]
[5.31]
[5.31]
[5.29]
[6.65]
[12.03]
[10.97]
[11.68]
[7.09]
[5.32]
[5.32]
[5.33]
[5.32]
[5.32]
[7.66]
[5.32]
[5.32]
[5.32]
[5.29]
[5.21]
[5.09]
[5.1]
[5.1]
[5.1]
[5.11]
[5.11]
[5.1]
[5.12]
[5.22]
[5.48]
[5.49]
[5.27]
[5.12]
[5.13]
[5.12]
[5.12]
[5.11]
[5.16]
[8.76]
[8.76]
[8.94]
[8.95]
[8.95]
[10.8]
[10.34]
[8.93]
[12.82]
[12.41]
[9.78]
[12.71]
[13.05]
[9.78]
[9.61]
[13.47]
[13.71]
[13.82]
[13.8]
[20.11]
[12.1]
[10.21]
[15.44]
[19.36]
[24.22]
[16.35]
[13.82]
[12.91]
[11.05]
[11.21]
[12.63]
[12.73]
[13.93]
[14.]
[12.75]
[12.72]
[14.06]
[13.64]
[13.18]
[14.13]
[14.47]
[12.97]
[12.08]
[13.53]
[13.92]
[14.]
[14.03]
[13.47]
[12.53]
[12.61]
[12.89]
[13.87]
[13.64]
[12.29]
[13.75]
[12.77]
[12.77]
[13.97]
[13.97]
[12.95]
[15.58]
[14.78]
[14.97]
[14.82]
[14.67]
[14.69]
[14.7]
[14.81]
[14.7]
[17.5]
[18.04]
[19.37]
[14.58]
[14.62]
[14.69]
[14.75]
[14.6]
[14.39]
[14.42]
[14.49]
[14.55]
[14.59]
[14.62]
[14.6]
[14.31]
[14.23]
[14.12]
[14.15]
[14.3]
[14.52]
[14.49]
[14.43]
[14.23]
[14.17]
[14.28]
[14.37]
[14.29]
[14.2]
[14.09]
[14.11]
[14.23]
[14.04]
[14.13]
[14.15]
[14.07]
[14.02]
[13.88]
[13.88]
[13.78]
[13.82]
[13.92]
[14.08]
[13.97]
[13.86]
[13.82]
[13.83]
[13.99]
[14.01]
[13.84]
[13.78]
[13.71]
[13.96]
[14.1]
[13.99]
[13.72]
[16.98]
[13.92]
[13.67]
[13.53]
[13.42]
[13.41]
[13.36]
[14.17]
[14.52]
[14.48]
[14.44]
[14.41]
[14.38]
[14.37]
[14.35]
[14.34]
[14.31]
[15.25]
[14.32]
[14.31]
[14.29]
[14.29]
[14.58]
[14.56]
[12.15]
[11.95]
[11.88]
[11.87]
[11.82]
[13.39]
[11.95]
[11.94]
[11.89]
[11.86]
[11.86]
[11.84]
[11.83]
[11.81]
[11.86]
[11.86]
[11.8]
[11.8]
[11.79]
[11.78]
[11.77]
[11.96]
[11.94]
[11.9]
[11.85]
[11.35]
[11.83]
[11.8]
[12.]
[12.06]
[12.03]
[9.66]
[9.6]
[9.59]
[9.63]
[9.74]
[9.73]
[9.68]
[9.68]
[9.7]
[9.68]
[9.68]
[9.67]
[9.67]
[9.73]
[9.77]
[9.75]
[9.77]
[9.77]
[9.77]
[9.74]
[9.74]
[9.73]
[9.72]
[9.75]
[9.75]
[9.79]
[9.77]
[9.77]
[9.78]
[9.77]
[9.09]
[9.09]
[8.91]
[8.69]
[8.69]
[8.66]
[8.69]
[8.7]
[8.7]
[8.66]
[8.67]
[8.77]
[8.78]
[8.78]
[8.77]
[8.78]
[8.77]
[8.74]
[8.74]
[8.77]
[8.77]
[8.77]
[8.76]
[8.77]
[8.76]
[8.77]
[8.77]
[8.76]
[8.76]
[8.77]
[8.71]
[8.26]
[8.23]
[8.06]
[8.02]
[8.01]
[8.04]
[8.06]
[8.04]
[8.05]
[8.06]
[8.05]
[8.05]
[8.07]
[8.07]
[8.06]
[8.04]
[8.08]
[8.07]
[8.07]
[8.03]
[8.1]
[8.09]
[8.1]
[8.11]
[8.1]
[8.11]
[8.12]
[8.11]
[8.11]
[8.13]
[6.13]
[6.11]
[5.91]
[5.29]
[5.35]
[5.29]
[5.31]
[5.3]
[5.3]
[5.3]
[5.31]
[5.3]
[5.27]
[5.29]
[5.29]
[5.29]
[5.3]
[5.3]
[5.34]
[5.31]
[5.31]
[5.32]
[5.32]
[5.31]
[5.33]
[5.32]
[5.32]
[5.31]
[5.33]
[5.32]
[5.34]
[5.34]
[5.89]
[5.74]
[5.51]
[5.5]
[7.49]
[7.16]
[5.55]
[5.56]
[5.48]
[5.43]
[5.41]
[5.42]
[5.48]
[5.44]
[5.44]
[5.44]
[7.99]
[5.37]
[5.4]
[5.41]
[5.38]
[5.38]
[5.39]
[5.38]
[5.38]
[5.43]
[5.4]
[5.41]
[5.42]
[5.41]
[5.41]
[5.41]
[5.41]
[5.42]
[5.44]
[5.44]
[5.45]
[5.47]
[5.47]
[5.4]
[5.42]
[5.44]
[5.46]
[5.47]
[5.46]
[5.46]
[5.47]
[5.47]
[5.42]
[5.48]
[5.49]
[5.48]
[5.46]
[5.46]
[5.5]
[5.51]
[5.48]
[5.46]
[9.04]
[9.13]
[9.13]
[9.16]
[9.17]
[9.17]
[9.19]
[9.21]
[9.24]
[9.24]
[9.22]
[9.2]
[9.27]
[9.28]
[9.28]
[9.29]
[9.32]
[9.33]
[9.33]
[9.34]
[9.36]
[9.37]
[9.38]
[9.41]
[9.41]
[9.41]
[9.41]
[9.42]
[9.83]
[9.49]
[9.52]
[12.18]
[12.29]
[12.29]
[12.33]
[12.37]
[12.42]
[12.45]
[12.39]
[15.27]
[16.55]
[14.11]
[12.06]
[12.15]
[12.22]
[12.2]
[14.89]
[12.24]
[12.29]
[12.3]
[12.82]
[12.19]
[12.16]
[12.29]
[12.32]
[12.3]
[12.41]
[12.47]
[12.46]
[12.66]
[12.65]
[14.68]
[15.59]
[15.66]
[15.62]
[15.61]
[15.62]
[15.55]
[15.55]
[15.53]
[15.48]
[15.58]
[15.63]
[15.67]
[15.73]
[15.76]
[15.69]
[15.74]
[15.74]
[15.7]
[15.75]
[15.81]
[15.74]
[15.69]
[15.67]
[15.67]
[15.69]
[15.71]
[15.78]
[15.82]
[15.85]
[15.84]
[15.82]
[15.81]
[15.68]
[15.65]
[15.45]
[15.76]
[15.72]
[15.72]
[15.72]
[15.86]
[15.62]
[15.55]
[15.84]
[15.47]
[15.85]
[15.91]
[15.89]
[15.6]
[15.96]
[15.99]
[15.84]
[15.77]
[15.99]
[15.57]
[15.56]
[15.78]
[15.69]
[15.67]
[15.63]
[15.75]
[15.5]
[15.92]
[15.96]
[15.99]
[16.2]
[15.99]
[15.99]
[15.96]
[15.93]
[15.94]
[15.96]
[15.89]
[15.75]
[15.57]
[14.85]
[16.98]
[17.18]
[17.15]
[16.64]
[16.94]
[16.89]
[16.85]
[16.85]
[16.82]
[22.09]
[48.14]
[54.09]
[52.25]
[50.82]
[26.21]
[24.32]
[46.38]
[54.6]
[55.32]
[58.59]
[42.22]
[59.61]
[52.27]
[91.07]
[134.99]
[99.13]
[93.08]
[89.49]
[90.15]
[90.7]
[92.91]
[90.54]
[92.41]
[91.17]
[89.85]
[54.37]
[55.31]
[91.98]
[89.63]
[92.51]
[92.65]
[53.92]
[58.15]
[118.86]
[121.02]
[128.01]
[129.11]
[130.04]
[130.07]
[129.96]
[130.52]
[93.73]
[94.19]
[93.43]
[94.32]
[94.03]
[49.04]
[42.92]
[63.69]
[56.03]
[54.7]
[38.34]
[11.79]
[11.72]
[12.96]
[33.11]
[57.23]
[47.44]
[52.93]
[38.46]
[13.38]
[10.84]
[32.12]
[12.86]
[13.04]
[11.96]
[9.06]
[9.09]
[9.87]
[13.99]
[13.87]
[12.77]
[11.54]
[13.62]
[10.08]
[9.89]
[11.66]
[11.41]
[10.97]
[12.27]
[12.58]
[13.52]
[14.11]
[18.19]
[19.12]
[13.6]
[13.55]
[13.48]
[13.43]
[13.64]
[13.07]
[13.76]
[13.75]
[12.85]
[13.71]
[11.22]
[9.92]
[11.7]
[12.05]
[15.5]
[15.5]
[20.41]
[11.86]
[11.21]
[12.16]
[10.03]
[8.58]
[11.93]
[24.96]
[9.81]
[9.12]
[11.89]
[11.97]
[19.72]
[18.14]
[16.04]
[11.71]
[13.74]
[39.18]
[46.43]
[42.22]
[40.7]
[29.17]
[11.6]
[7.7]
[7.77]
[5.18]
[5.21]
[5.24]
[5.27]
[5.28]
[5.29]
[5.31]
[5.33]
[5.34]
[5.35]
[5.36]
[5.37]
[5.38]
[5.39]