0.889899899076779, 0.8963606724458977, -6.1945166535595755, 201.98364501149257[13.368327]
[11.096885]
[9.901252]
[11.591419]
[10.872126]
[7.7362003]
[6.988863]
[7.0082936]
[6.998674]
[6.9852786]
[6.939167]
[6.9144955]
[6.911808]
[9.002875]
[9.600906]
[9.603785]
[9.753609]
[10.567788]
[11.776144]
[12.2162075]
[11.199019]
[10.49827]
[10.28559]
[10.172224]
[10.102288]
[10.116109]
[10.111628]
[10.047991]
[9.949071]
[9.865575]
[9.85741]
[9.9969425]
[10.014327]
[10.0346155]
[10.022346]
[10.026945]
[9.979658]
[10.2851715]
[13.577699]
[11.32527]
[10.7001915]
[11.121656]
[11.246198]
[11.002144]
[12.328059]
[12.628149]
[12.603676]
[12.585369]
[12.750503]
[13.09024]
[13.194888]
[12.95869]
[12.7419195]
[12.682654]
[12.589783]
[12.542762]
[12.552026]
[12.555901]
[12.493932]
[12.477537]
[12.495711]
[12.476345]
[12.464021]
[12.514652]
[12.577335]
[12.746746]
[13.085352]
[13.142708]
[12.948789]
[12.992682]
[15.294053]
[10.885453]
[11.81609]
[12.575126]
[38.49687]
[20.95595]
[14.48222]
[14.4941635]
[14.456049]
[14.5139675]
[14.65302]
[14.725475]
[14.7703285]
[14.852219]
[14.912834]
[14.780972]
[14.784622]
[14.875494]
[15.052716]
[15.00283]
[15.032134]
[15.028926]
[15.326822]
[15.277334]
[15.102613]
[15.176639]
[15.216621]
[15.063873]
[15.005567]
[14.762461]
[15.012318]
[15.436106]
[15.323203]
[15.660045]
[15.871691]
[16.413792]
[20.378975]
[24.350103]
[22.087296]
[35.385662]
[58.49639]
[34.818016]
[74.20195]
[71.61201]
[66.48333]
[93.26259]
[130.45718]
[93.65192]
[77.20742]
[61.472984]
[62.890263]
[60.723755]
[56.49889]
[52.738743]
[53.831844]
[50.651134]
[42.2334]
[49.572567]
[52.504215]
[50.347652]
[50.796284]
[53.543056]
[33.237484]
[27.655102]
[41.76349]
[49.674385]
[46.665478]
[50.008442]
[46.816944]
[25.592329]
[22.637125]
[43.318947]
[50.11457]
[70.501854]
[106.46456]
[136.4633]
[147.75842]
[156.2959]
[193.56793]
[165.50038]
[141.33812]
[142.29985]
[127.854126]
[108.73904]
[89.55204]
[109.52398]
[116.05158]
[117.72913]
[119.78222]
[127.314705]
[111.46569]
[98.533775]
[94.35274]
[94.7459]
[90.39075]
[89.33538]
[92.97258]
[72.32913]
[65.37628]
[74.376305]
[74.331436]
[73.51387]
[70.907906]
[71.53702]
[63.043915]
[59.48609]
[56.076664]
[57.869324]
[44.962822]
[55.436504]
[57.199207]
[50.832047]
[47.140213]
[57.597633]
[54.03705]
[48.35793]
[45.01352]
[46.449883]
[42.17349]
[41.59533]
[44.88904]
[59.699173]
[68.29863]
[61.21434]
[65.4732]
[60.183193]
[54.797157]
[92.34105]
[96.34094]
[91.13089]
[85.28608]
[81.506836]
[82.19703]
[79.897415]
[83.84611]
[91.630936]
[90.033745]
[96.58476]
[100.43857]
[76.24551]
[68.99752]
[76.37713]
[62.299892]
[71.998024]
[53.82032]
[64.186806]
[38.98362]
[26.21132]
[45.90509]
[37.363907]
[34.554447]
[27.919235]
[30.358925]
[23.65638]
[18.699476]
[21.914642]
[27.975555]
[36.86935]
[39.1386]
[43.0915]
[31.566463]
[20.749132]
[41.40783]
[49.66678]
[42.970184]
[38.888702]
[25.075186]
[21.212814]
[21.424347]
[25.897556]
[31.931973]
[39.75069]
[38.932243]
[43.50872]
[23.451038]
[17.674946]
[38.184925]
[41.67012]
[41.481236]
[40.914753]
[39.393402]
[23.608011]
[18.643051]
[28.16411]
[32.447216]
[26.065258]
[31.79603]
[32.94117]
[20.025003]
[14.824388]
[25.320143]
[29.661335]
[28.462038]
[27.12299]
[25.39752]
[21.435904]
[17.613003]
[21.161654]
[24.133451]
[19.921688]
[20.086697]
[37.611565]
[23.42609]
[17.603418]
[25.805511]
[29.800882]
[28.374392]
[27.13256]
[25.735325]
[16.15207]
[11.689517]
[21.340055]
[22.85558]
[25.434345]
[26.26591]
[24.513775]
[15.0940695]
[10.577964]
[9.830747]
[8.7324095]
[8.362094]
[8.640191]
[8.81159]
[8.650383]
[8.458737]
[8.297665]
[8.337971]
[8.300651]
[8.259241]
[8.122906]
[8.041688]
[8.01549]
[8.022715]
[7.925133]
[7.879395]
[7.820218]
[7.7906866]
[7.7906866]
[7.7906866]
[7.7906866]
[7.638905]
[9.332535]
[14.009879]
[14.45921]
[16.10308]
[12.269367]
[12.327785]
[13.133102]
[17.254484]
[16.404476]
[14.514292]
[11.58194]
[8.589346]
[10.779607]
[11.537105]
[10.511502]
[10.603501]
[11.107028]
[12.512105]
[12.816452]
[11.6603155]
[12.466448]
[19.441862]
[14.8358965]
[13.077642]
[9.939728]
[12.497959]
[13.312633]
[13.114597]
[8.351947]
[7.095063]
[7.1134033]
[7.727794]
[10.645587]
[11.028905]
[11.069864]
[8.731659]
[7.197119]
[6.9865837]
[7.0059342]
[6.9656415]
[6.9410853]
[8.187131]
[7.262474]
[6.9239354]
[6.9495215]
[6.9335766]
[6.8793774]
[7.0132136]
[7.345388]
[7.4307265]
[7.2796693]
[7.151847]
[7.028931]
[6.9674063]
[6.9764524]
[7.0018487]
[7.113332]
[7.14632]
[7.134934]
[7.0893636]
[6.9918165]
[6.9617558]
[6.9860115]
[6.9808006]
[6.975325]
[8.886513]
[9.40143]
[13.793525]
[10.749113]
[9.565696]
[10.655763]
[10.569259]
[9.736161]
[12.414578]
[12.203791]
[10.531548]
[11.859955]
[12.494432]
[10.7555275]
[10.280521]
[12.587405]
[13.354691]
[13.319323]
[13.253159]
[17.986155]
[13.527349]
[10.96688]
[13.990167]
[17.791084]
[21.739023]
[16.774654]
[13.81908]
[12.930755]
[11.65942]
[11.563983]
[12.465688]
[12.736295]
[13.524039]
[13.688605]
[13.053288]
[12.926009]
[13.572108]
[13.541676]
[13.38633]
[13.901944]
[14.029943]
[13.222423]
[12.604589]
[13.322818]
[13.559782]
[13.531203]
[13.4911175]
[13.152955]
[12.591845]
[12.667686]
[13.27486]
[14.41546]
[14.068751]
[12.863586]
[14.157592]
[14.041648]
[13.464873]
[13.847383]
[13.854966]
[13.1648035]
[14.544808]
[14.282168]
[14.24149]
[14.161275]
[13.992786]
[13.874058]
[13.82457]
[13.899287]
[13.788664]
[15.380619]
[18.337261]
[17.738598]
[14.228567]
[13.748857]
[14.016722]
[14.375202]
[14.534225]
[14.005834]
[13.830712]
[13.799282]
[13.858773]
[13.939144]
[13.90777]
[13.923297]
[13.728367]
[13.5745945]
[13.475645]
[13.512137]
[13.56057]
[13.727253]
[13.699467]
[13.669388]
[13.560567]
[13.505847]
[13.505427]
[13.608196]
[13.548951]
[13.411745]
[13.336891]
[13.325133]
[13.410244]
[13.304495]
[13.317581]
[13.361417]
[13.3633995]
[13.316989]
[13.098969]
[13.135885]
[13.037786]
[12.935037]
[13.067827]
[13.158363]
[13.051318]
[12.950404]
[12.881417]
[12.86243]
[12.957531]
[13.140344]
[13.09473]
[13.079799]
[13.036018]
[13.157144]
[13.519671]
[13.838457]
[14.400517]
[21.100986]
[13.963888]
[31.598886]
[6.879107]
[12.642098]
[14.600727]
[15.349101]
[15.939389]
[16.169949]
[16.073132]
[16.118624]
[16.059576]
[16.041193]
[15.813695]
[15.717901]
[15.76389]
[15.700105]
[16.177925]
[15.640206]
[15.446762]
[15.36327]
[15.303412]
[14.772419]
[15.303123]
[13.991307]
[13.498631]
[13.319836]
[13.58366]
[13.87341]
[14.813087]
[14.136205]
[13.65314]
[13.389366]
[13.243326]
[13.06776]
[13.02368]
[13.165688]
[12.983855]
[12.873724]
[12.730624]
[12.649604]
[12.60189]
[12.592895]
[12.4804325]
[12.474292]
[13.0793]
[14.085267]
[14.896307]
[14.809668]
[14.440013]
[13.892743]
[13.605612]
[13.315776]
[13.27891]
[13.4927635]
[12.681904]
[12.059353]
[11.78556]
[11.578419]
[11.625413]
[11.549193]
[11.513844]
[11.420614]
[11.406651]
[11.310248]
[11.259691]
[11.2709]
[11.168091]
[11.205378]
[11.169916]
[11.167664]
[11.150985]
[11.12914]
[11.08046]
[11.02819]
[10.965656]
[10.932334]
[10.866673]
[10.859253]
[10.866278]
[10.882973]
[10.824106]
[10.799374]
[10.854369]
[10.832252]
[10.506178]
[10.411755]
[10.286216]
[10.065331]
[9.990891]
[10.067626]
[10.134083]
[10.089684]
[10.0125675]
[9.92039]
[10.034344]
[10.286763]
[11.123082]
[11.256314]
[10.9288845]
[10.677146]
[10.477248]
[10.339234]
[10.239298]
[10.18501]
[10.198041]
[10.111768]
[10.055614]
[10.032435]
[9.930229]
[9.980818]
[10.232675]
[10.379398]
[10.323108]
[10.424266]
[10.340642]
[9.882756]
[9.661052]
[9.51692]
[9.443564]
[9.382418]
[9.427792]
[9.46029]
[9.38914]
[9.319748]
[9.342745]
[9.314314]
[9.290324]
[9.299536]
[9.292749]
[9.249751]
[9.258742]
[9.246254]
[9.2168665]
[9.171241]
[9.135134]
[9.212796]
[9.143596]
[9.110534]
[9.171629]
[9.196843]
[9.154452]
[9.194357]
[9.214343]
[9.311996]
[9.371145]
[8.213355]
[7.8862767]
[7.735659]
[7.264222]
[7.1913705]
[7.1274076]
[7.158588]
[7.140739]
[7.099976]
[7.155106]
[7.1456847]
[7.116322]
[7.0992312]
[7.1048884]
[7.1270823]
[7.0862355]
[7.052239]
[7.1303053]
[7.079288]
[7.0527635]
[7.1343617]
[7.122177]
[7.102029]
[7.099498]
[7.1126256]
[7.113949]
[7.1128836]
[7.1115594]
[7.1216817]
[7.1486206]
[7.098158]
[7.1449633]
[7.440543]
[7.45229]
[10.567433]
[8.133886]
[8.757431]
[9.138457]
[7.678981]
[7.3126607]
[7.290248]
[7.2486067]
[7.5377274]
[7.301984]
[7.5234637]
[7.3166504]
[7.526211]
[7.322107]
[9.22176]
[8.029823]
[7.549874]
[7.526209]
[7.503191]
[7.480219]
[7.457165]
[7.233599]
[7.383403]
[7.2510777]
[9.089981]
[7.670113]
[7.154664]
[7.3035445]
[7.1520486]
[7.11246]
[7.246434]
[7.111939]
[7.1970086]
[7.1912384]
[7.0650353]
[7.141353]
[7.0590672]
[7.0010014]
[7.0000515]
[7.072918]
[6.9921484]
[7.0290446]
[6.959969]
[6.94714]
[6.953915]
[6.968005]
[6.870931]
[6.896815]
[6.9217067]
[6.863835]
[6.8564534]
[6.8614693]
[6.824273]
[6.849408]
[6.8016534]
[6.747876]
[9.384501]
[9.565196]
[9.826864]
[9.517332]
[9.748914]
[9.814083]
[9.73964]
[9.678059]
[10.146872]
[9.704064]
[10.036974]
[9.595414]
[9.926684]
[9.486451]
[9.859702]
[9.973896]
[9.489946]
[9.432002]
[9.441066]
[9.457599]
[9.484016]
[9.478013]
[9.438741]
[9.749738]
[9.542651]
[9.974035]
[9.819082]
[9.554649]
[10.183757]
[10.27656]
[10.248393]
[11.704593]
[12.010994]
[11.956252]
[12.387975]
[11.955317]
[12.264438]
[12.793867]
[12.827691]
[15.585044]
[17.451063]
[15.743152]
[12.4818325]
[12.238265]
[12.257854]
[12.625254]
[15.773199]
[13.170303]
[12.397516]
[12.297039]
[12.63182]
[11.747302]
[11.472168]
[11.610378]
[11.802058]
[11.848147]
[11.959634]
[11.825289]
[11.73112]
[11.92599]
[11.9124565]
[13.186081]
[13.945776]
[14.408545]
[14.819942]
[14.480231]
[14.740328]
[14.323298]
[14.036313]
[13.828016]
[13.657861]
[17.194433]
[19.686201]
[9.470149]
[15.119723]
[12.505587]
[15.241428]
[15.472173]
[15.428743]
[15.281255]
[15.286672]
[15.212367]
[15.086826]
[15.048692]
[14.922061]
[14.392038]
[13.836732]
[13.532912]
[13.584024]
[13.773846]
[14.784053]
[14.005025]
[13.406763]
[13.464594]
[13.729681]
[12.215245]
[16.210022]
[10.651341]
[16.633326]
[16.590994]
[17.788721]
[17.673033]
[16.010263]
[16.559116]
[17.365639]
[16.94054]
[17.112785]
[17.361242]
[17.569334]
[17.183962]
[17.331562]
[17.290123]
[17.177608]
[17.124846]
[17.235634]
[16.762945]
[18.737816]
[17.970972]
[17.739899]
[17.49004]
[17.292223]
[17.224033]
[16.939493]
[17.287619]
[17.425636]
[17.418066]
[18.297903]
[17.775772]
[17.519922]
[17.41946]
[17.36992]
[17.676722]
[17.594067]
[18.097593]
[23.22618]
[27.729038]
[17.67617]
[26.740067]
[26.26397]
[23.164436]
[23.543865]
[21.210129]
[8.239033]
[15.805646]
[18.616055]
[18.307896]
[21.258362]
[38.09289]
[46.12944]
[51.325592]
[56.47675]
[47.811077]
[37.911236]
[53.952263]
[65.7833]
[63.6089]
[66.1143]
[56.486446]
[73.431725]
[90.785194]
[94.08564]
[114.21508]
[114.302124]
[119.70812]
[103.78039]
[100.282]
[99.483406]
[100.5159]
[96.334114]
[93.4099]
[88.569725]
[86.48442]
[70.4618]
[72.76712]
[88.66415]
[87.59322]
[86.75453]
[88.77289]
[81.04009]
[91.24302]
[112.50214]
[123.17963]
[136.29254]
[134.2086]
[127.63184]
[129.48262]
[131.46404]
[126.5432]
[104.20082]
[101.69717]
[97.35349]
[96.98611]
[93.717514]
[65.2885]
[52.29798]
[61.471428]
[58.065636]
[54.398563]
[43.55858]
[25.084734]
[20.924625]
[21.32401]
[31.978922]
[47.047783]
[43.802536]
[45.13644]
[37.732483]
[22.074062]
[17.444738]
[28.653313]
[21.133698]
[18.035824]
[17.525658]
[15.624271]
[14.914306]
[14.933621]
[16.827719]
[17.008877]
[16.130013]
[15.231792]
[15.838914]
[14.431815]
[13.93771]
[14.912125]
[14.871175]
[14.251042]
[14.616671]
[14.752175]
[14.913398]
[15.219592]
[16.93154]
[17.625296]
[14.918356]
[14.310285]
[14.947134]
[15.313674]
[15.17244]
[14.6012745]
[14.648788]
[14.6557]
[14.07234]
[14.407511]
[13.204879]
[12.15869]
[13.064031]
[14.059657]
[15.893149]
[16.256756]
[18.788641]
[15.784907]
[15.091676]
[15.315851]
[13.981585]
[12.583635]
[13.585511]
[19.736788]
[13.869061]
[11.605822]
[12.575736]
[12.769377]
[16.026268]
[16.170315]
[14.877681]
[12.619762]
[12.823214]
[24.586496]
[31.328657]
[30.814394]
[29.149029]
[23.370968]
[16.151783]
[12.501605]
[12.094937]
[10.237813]
[9.49356]
[9.167617]
[8.9129305]
[8.351534]
[8.450474]
[8.52296]
[8.700334]
[8.342835]
[8.370884]
[8.332982]
[8.162857]
[8.17784][10.25]
[9.45]
[13.02]
[10.69]
[5.31]
[5.25]
[5.26]
[5.31]
[5.31]
[5.3]
[5.29]
[5.3]
[9.25]
[9.31]
[9.28]
[9.29]
[9.27]
[9.26]
[9.25]
[9.26]
[9.26]
[9.27]
[9.25]
[9.25]
[9.32]
[9.28]
[9.26]
[9.22]
[9.21]
[9.23]
[9.23]
[9.06]
[9.24]
[9.25]
[9.24]
[9.29]
[9.55]
[9.28]
[9.27]
[9.27]
[9.25]
[9.24]
[9.28]
[12.21]
[12.29]
[12.32]
[12.27]
[12.3]
[12.29]
[12.25]
[12.25]
[12.25]
[12.29]
[12.3]
[12.3]
[12.31]
[12.36]
[12.34]
[12.35]
[12.36]
[12.37]
[12.39]
[12.39]
[12.4]
[12.36]
[12.39]
[12.4]
[12.41]
[12.52]
[12.25]
[12.25]
[12.03]
[12.31]
[26.75]
[15.2]
[15.05]
[15.12]
[15.03]
[15.09]
[15.17]
[15.22]
[15.41]
[15.4]
[15.43]
[15.24]
[15.14]
[15.08]
[15.29]
[15.3]
[15.23]
[15.22]
[15.17]
[15.21]
[15.24]
[15.21]
[15.26]
[15.09]
[15.03]
[14.94]
[15.09]
[15.28]
[15.3]
[15.52]
[15.38]
[15.46]
[15.26]
[15.55]
[15.54]
[15.27]
[22.36]
[17.87]
[15.85]
[42.75]
[82.22]
[94.05]
[93.25]
[90.97]
[55.68]
[49.63]
[58.09]
[56.67]
[54.59]
[53.59]
[58.05]
[53.08]
[41.74]
[57.88]
[58.89]
[56.17]
[56.45]
[59.98]
[24.57]
[23.68]
[48.95]
[58.59]
[52.66]
[61.65]
[55.39]
[15.63]
[15.57]
[49.45]
[48.02]
[57.5]
[95.04]
[91.35]
[127.12]
[159.08]
[215.85]
[192.9]
[144.63]
[136.75]
[131.02]
[99.64]
[86.83]
[129.19]
[131.03]
[129.73]
[130.49]
[130.52]
[92.3]
[87.76]
[90.33]
[91.84]
[90.24]
[92.4]
[96.82]
[52.74]
[45.22]
[55.96]
[60.38]
[51.61]
[55.5]
[62.81]
[54.04]
[56.12]
[53.08]
[60.33]
[38.11]
[64.66]
[62.07]
[50.21]
[45.53]
[67.12]
[58.52]
[53.52]
[50.52]
[53.77]
[41.06]
[38.17]
[35.45]
[50.08]
[57.71]
[43.73]
[61.41]
[54.5]
[42.43]
[96.98]
[93.31]
[95.73]
[93.08]
[91.61]
[94.94]
[85.74]
[88.4]
[98.74]
[90.94]
[95.37]
[98.5]
[45.13]
[47.61]
[67.66]
[39.1]
[71.69]
[37.29]
[69.59]
[19.53]
[12.7]
[49.99]
[27.12]
[31.05]
[19.21]
[28.46]
[14.31]
[9.94]
[17.83]
[28.86]
[44.83]
[46.46]
[52.06]
[24.01]
[9.42]
[50.97]
[57.23]
[44.2]
[37.8]
[12.15]
[9.41]
[10.47]
[20.43]
[33.31]
[48.25]
[44.01]
[55.45]
[12.7]
[10.36]
[51.64]
[50.92]
[50.38]
[49.93]
[49.1]
[13.79]
[10.13]
[29.22]
[34.2]
[23.2]
[39.35]
[38.77]
[14.08]
[10.2]
[32.49]
[35.58]
[33.86]
[32.24]
[29.9]
[23.23]
[16.87]
[24.9]
[28.37]
[17.49]
[16.74]
[47.53]
[16.06]
[15.03]
[32.65]
[36.66]
[33.79]
[32.62]
[31.6]
[12.79]
[8.68]
[29.3]
[28.48]
[33.01]
[32.79]
[29.71]
[12.11]
[7.79]
[7.39]
[5.3]
[5.33]
[5.36]
[5.41]
[5.44]
[5.46]
[5.48]
[5.51]
[5.52]
[5.54]
[5.55]
[5.56]
[5.57]
[5.58]
[5.41]
[5.59]
[5.59]
[5.59]
[5.59]
[5.59]
[5.59]
[5.52]
[9.82]
[15.53]
[16.95]
[20.82]
[11.7]
[14.18]
[15.4]
[23.39]
[19.41]
[16.47]
[11.42]
[6.71]
[12.54]
[12.67]
[10.63]
[11.37]
[12.05]
[14.44]
[14.47]
[12.32]
[14.46]
[13.82]
[14.57]
[14.58]
[8.47]
[14.78]
[14.81]
[14.47]
[5.31]
[5.31]
[5.29]
[6.65]
[12.03]
[10.97]
[11.68]
[7.09]
[5.32]
[5.32]
[5.33]
[5.32]
[5.32]
[7.66]
[5.32]
[5.32]
[5.32]
[5.29]
[5.21]
[5.09]
[5.1]
[5.1]
[5.1]
[5.11]
[5.11]
[5.1]
[5.12]
[5.22]
[5.48]
[5.49]
[5.27]
[5.12]
[5.13]
[5.12]
[5.12]
[5.11]
[5.16]
[8.76]
[8.76]
[8.94]
[8.95]
[8.95]
[10.8]
[10.34]
[8.93]
[12.82]
[12.41]
[9.78]
[12.71]
[13.05]
[9.78]
[9.61]
[13.47]
[13.71]
[13.82]
[13.8]
[20.11]
[12.1]
[10.21]
[15.44]
[19.36]
[24.22]
[16.35]
[13.82]
[12.91]
[11.05]
[11.21]
[12.63]
[12.73]
[13.93]
[14.]
[12.75]
[12.72]
[14.06]
[13.64]
[13.18]
[14.13]
[14.47]
[12.97]
[12.08]
[13.53]
[13.92]
[14.]
[14.03]
[13.47]
[12.53]
[12.61]
[12.89]
[13.87]
[13.64]
[12.29]
[13.75]
[12.77]
[12.77]
[13.97]
[13.97]
[12.95]
[15.58]
[14.78]
[14.97]
[14.82]
[14.67]
[14.69]
[14.7]
[14.81]
[14.7]
[17.5]
[18.04]
[19.37]
[14.58]
[14.62]
[14.69]
[14.75]
[14.6]
[14.39]
[14.42]
[14.49]
[14.55]
[14.59]
[14.62]
[14.6]
[14.31]
[14.23]
[14.12]
[14.15]
[14.3]
[14.52]
[14.49]
[14.43]
[14.23]
[14.17]
[14.28]
[14.37]
[14.29]
[14.2]
[14.09]
[14.11]
[14.23]
[14.04]
[14.13]
[14.15]
[14.07]
[14.02]
[13.88]
[13.88]
[13.78]
[13.82]
[13.92]
[14.08]
[13.97]
[13.86]
[13.82]
[13.83]
[13.99]
[14.01]
[13.84]
[13.78]
[13.71]
[13.96]
[14.1]
[13.99]
[13.72]
[16.98]
[13.92]
[13.67]
[13.53]
[13.42]
[13.41]
[13.36]
[14.17]
[14.52]
[14.48]
[14.44]
[14.41]
[14.38]
[14.37]
[14.35]
[14.34]
[14.31]
[15.25]
[14.32]
[14.31]
[14.29]
[14.29]
[14.58]
[14.56]
[12.15]
[11.95]
[11.88]
[11.87]
[11.82]
[13.39]
[11.95]
[11.94]
[11.89]
[11.86]
[11.86]
[11.84]
[11.83]
[11.81]
[11.86]
[11.86]
[11.8]
[11.8]
[11.79]
[11.78]
[11.77]
[11.96]
[11.94]
[11.9]
[11.85]
[11.35]
[11.83]
[11.8]
[12.]
[12.06]
[12.03]
[9.66]
[9.6]
[9.59]
[9.63]
[9.74]
[9.73]
[9.68]
[9.68]
[9.7]
[9.68]
[9.68]
[9.67]
[9.67]
[9.73]
[9.77]
[9.75]
[9.77]
[9.77]
[9.77]
[9.74]
[9.74]
[9.73]
[9.72]
[9.75]
[9.75]
[9.79]
[9.77]
[9.77]
[9.78]
[9.77]
[9.09]
[9.09]
[8.91]
[8.69]
[8.69]
[8.66]
[8.69]
[8.7]
[8.7]
[8.66]
[8.67]
[8.77]
[8.78]
[8.78]
[8.77]
[8.78]
[8.77]
[8.74]
[8.74]
[8.77]
[8.77]
[8.77]
[8.76]
[8.77]
[8.76]
[8.77]
[8.77]
[8.76]
[8.76]
[8.77]
[8.71]
[8.26]
[8.23]
[8.06]
[8.02]
[8.01]
[8.04]
[8.06]
[8.04]
[8.05]
[8.06]
[8.05]
[8.05]
[8.07]
[8.07]
[8.06]
[8.04]
[8.08]
[8.07]
[8.07]
[8.03]
[8.1]
[8.09]
[8.1]
[8.11]
[8.1]
[8.11]
[8.12]
[8.11]
[8.11]
[8.13]
[6.13]
[6.11]
[5.91]
[5.29]
[5.35]
[5.29]
[5.31]
[5.3]
[5.3]
[5.3]
[5.31]
[5.3]
[5.27]
[5.29]
[5.29]
[5.29]
[5.3]
[5.3]
[5.34]
[5.31]
[5.31]
[5.32]
[5.32]
[5.31]
[5.33]
[5.32]
[5.32]
[5.31]
[5.33]
[5.32]
[5.34]
[5.34]
[5.89]
[5.74]
[5.51]
[5.5]
[7.49]
[7.16]
[5.55]
[5.56]
[5.48]
[5.43]
[5.41]
[5.42]
[5.48]
[5.44]
[5.44]
[5.44]
[7.99]
[5.37]
[5.4]
[5.41]
[5.38]
[5.38]
[5.39]
[5.38]
[5.38]
[5.43]
[5.4]
[5.41]
[5.42]
[5.41]
[5.41]
[5.41]
[5.41]
[5.42]
[5.44]
[5.44]
[5.45]
[5.47]
[5.47]
[5.4]
[5.42]
[5.44]
[5.46]
[5.47]
[5.46]
[5.46]
[5.47]
[5.47]
[5.42]
[5.48]
[5.49]
[5.48]
[5.46]
[5.46]
[5.5]
[5.51]
[5.48]
[5.46]
[9.04]
[9.13]
[9.13]
[9.16]
[9.17]
[9.17]
[9.19]
[9.21]
[9.24]
[9.24]
[9.22]
[9.2]
[9.27]
[9.28]
[9.28]
[9.29]
[9.32]
[9.33]
[9.33]
[9.34]
[9.36]
[9.37]
[9.38]
[9.41]
[9.41]
[9.41]
[9.41]
[9.42]
[9.83]
[9.49]
[9.52]
[12.18]
[12.29]
[12.29]
[12.33]
[12.37]
[12.42]
[12.45]
[12.39]
[15.27]
[16.55]
[14.11]
[12.06]
[12.15]
[12.22]
[12.2]
[14.89]
[12.24]
[12.29]
[12.3]
[12.82]
[12.19]
[12.16]
[12.29]
[12.32]
[12.3]
[12.41]
[12.47]
[12.46]
[12.66]
[12.65]
[14.68]
[15.59]
[15.66]
[15.62]
[15.61]
[15.62]
[15.55]
[15.55]
[15.53]
[15.48]
[15.58]
[15.63]
[15.67]
[15.73]
[15.76]
[15.69]
[15.74]
[15.74]
[15.7]
[15.75]
[15.81]
[15.74]
[15.69]
[15.67]
[15.67]
[15.69]
[15.71]
[15.78]
[15.82]
[15.85]
[15.84]
[15.82]
[15.81]
[15.68]
[15.65]
[15.45]
[15.76]
[15.72]
[15.72]
[15.72]
[15.86]
[15.62]
[15.55]
[15.84]
[15.47]
[15.85]
[15.91]
[15.89]
[15.6]
[15.96]
[15.99]
[15.84]
[15.77]
[15.99]
[15.57]
[15.56]
[15.78]
[15.69]
[15.67]
[15.63]
[15.75]
[15.5]
[15.92]
[15.96]
[15.99]
[16.2]
[15.99]
[15.99]
[15.96]
[15.93]
[15.94]
[15.96]
[15.89]
[15.75]
[15.57]
[14.85]
[16.98]
[17.18]
[17.15]
[16.64]
[16.94]
[16.89]
[16.85]
[16.85]
[16.82]
[22.09]
[48.14]
[54.09]
[52.25]
[50.82]
[26.21]
[24.32]
[46.38]
[54.6]
[55.32]
[58.59]
[42.22]
[59.61]
[52.27]
[91.07]
[134.99]
[99.13]
[93.08]
[89.49]
[90.15]
[90.7]
[92.91]
[90.54]
[92.41]
[91.17]
[89.85]
[54.37]
[55.31]
[91.98]
[89.63]
[92.51]
[92.65]
[53.92]
[58.15]
[118.86]
[121.02]
[128.01]
[129.11]
[130.04]
[130.07]
[129.96]
[130.52]
[93.73]
[94.19]
[93.43]
[94.32]
[94.03]
[49.04]
[42.92]
[63.69]
[56.03]
[54.7]
[38.34]
[11.79]
[11.72]
[12.96]
[33.11]
[57.23]
[47.44]
[52.93]
[38.46]
[13.38]
[10.84]
[32.12]
[12.86]
[13.04]
[11.96]
[9.06]
[9.09]
[9.87]
[13.99]
[13.87]
[12.77]
[11.54]
[13.62]
[10.08]
[9.89]
[11.66]
[11.41]
[10.97]
[12.27]
[12.58]
[13.52]
[14.11]
[18.19]
[19.12]
[13.6]
[13.55]
[13.48]
[13.43]
[13.64]
[13.07]
[13.76]
[13.75]
[12.85]
[13.71]
[11.22]
[9.92]
[11.7]
[12.05]
[15.5]
[15.5]
[20.41]
[11.86]
[11.21]
[12.16]
[10.03]
[8.58]
[11.93]
[24.96]
[9.81]
[9.12]
[11.89]
[11.97]
[19.72]
[18.14]
[16.04]
[11.71]
[13.74]
[39.18]
[46.43]
[42.22]
[40.7]
[29.17]
[11.6]
[7.7]
[7.77]
[5.18]
[5.21]
[5.24]
[5.27]
[5.28]
[5.29]
[5.31]
[5.33]
[5.34]
[5.35]
[5.36]
[5.37]
[5.38]
[5.39]