0.8868145544238311, 0.8991297104720682, -5.757946783399529, 204.79419357348135[12.833737]
[9.82187]
[8.798734]
[10.755346]
[9.562884]
[6.278143]
[5.8339815]
[5.943279]
[5.884249]
[5.860454]
[5.8397255]
[5.7283597]
[5.801366]
[8.084926]
[8.508999]
[8.424457]
[8.556464]
[8.969308]
[11.424981]
[12.6666565]
[10.835386]
[9.796002]
[9.403693]
[9.288326]
[9.154112]
[9.152879]
[9.147643]
[9.117136]
[8.951856]
[8.882738]
[8.778144]
[8.9013]
[9.092044]
[9.122778]
[8.992786]
[9.079821]
[9.022528]
[9.015568]
[13.171478]
[10.054463]
[9.762666]
[10.54357]
[10.876459]
[10.5351515]
[11.882024]
[11.903539]
[11.744751]
[11.809367]
[11.749123]
[12.385503]
[12.721842]
[12.480248]
[11.977671]
[11.998021]
[11.794632]
[11.702734]
[11.713317]
[11.757895]
[11.629768]
[11.591627]
[11.610651]
[11.631469]
[11.515612]
[11.609179]
[11.658799]
[11.714539]
[12.422829]
[12.728204]
[12.184701]
[12.358493]
[14.873395]
[9.552504]
[11.320664]
[11.766562]
[41.045223]
[17.216316]
[13.537243]
[13.537353]
[13.4787855]
[13.477548]
[13.701698]
[13.904308]
[13.72088]
[13.8636465]
[14.013087]
[13.666021]
[13.732646]
[14.012879]
[14.347088]
[14.036194]
[14.133479]
[14.045415]
[14.882085]
[14.797005]
[14.272102]
[14.47332]
[14.553582]
[14.298632]
[14.257105]
[13.615422]
[14.238438]
[15.038543]
[14.670422]
[15.046998]
[15.268867]
[15.622894]
[21.164282]
[24.44223]
[21.426485]
[36.688778]
[61.516243]
[40.54711]
[77.041336]
[89.57724]
[99.22249]
[100.969864]
[127.13296]
[99.12113]
[76.34409]
[62.12458]
[63.523373]
[61.57268]
[57.274742]
[53.426853]
[54.28526]
[50.84711]
[42.50651]
[50.543594]
[52.798256]
[50.658115]
[50.60381]
[54.049225]
[32.337376]
[28.362041]
[44.443344]
[50.751846]
[46.47853]
[50.574238]
[46.327965]
[22.85395]
[22.947731]
[47.75042]
[49.50949]
[78.69431]
[104.4437]
[140.53487]
[158.6067]
[181.63214]
[212.36162]
[179.74686]
[147.74782]
[143.36507]
[130.71265]
[105.7466]
[89.54884]
[111.95137]
[115.28088]
[115.43815]
[118.59389]
[125.6776]
[109.5703]
[101.42476]
[96.66194]
[94.18105]
[90.48665]
[89.5405]
[92.469406]
[72.52875]
[68.33371]
[76.48492]
[75.85439]
[70.4176]
[70.425064]
[72.26829]
[63.238552]
[60.56081]
[56.51563]
[58.755558]
[44.501144]
[57.15263]
[57.213753]
[50.413986]
[47.65811]
[59.393898]
[53.763206]
[48.37395]
[45.141075]
[46.528263]
[41.511887]
[42.71501]
[44.88077]
[63.313328]
[68.89814]
[60.136375]
[67.57904]
[60.58327]
[55.13036]
[95.45823]
[96.30341]
[92.34578]
[85.76544]
[81.763916]
[82.52835]
[78.14547]
[83.440926]
[92.26182]
[88.437164]
[97.49425]
[100.23125]
[73.61438]
[74.049515]
[79.883965]
[59.755695]
[74.06507]
[52.8878]
[66.970314]
[37.33478]
[27.64126]
[49.677864]
[36.997444]
[36.012413]
[28.166792]
[31.954052]
[23.658653]
[19.110968]
[22.918362]
[29.354815]
[38.17507]
[39.255592]
[42.870525]
[29.960247]
[20.908396]
[44.607376]
[50.156628]
[42.337257]
[38.81668]
[24.811388]
[22.204199]
[22.980223]
[27.0925]
[33.252556]
[40.894234]
[38.70235]
[44.008743]
[21.05384]
[17.566795]
[41.247402]
[41.61969]
[40.699867]
[40.59069]
[39.177246]
[20.859983]
[19.10921]
[30.626354]
[33.29846]
[25.89452]
[33.068188]
[32.88305]
[18.457615]
[14.239546]
[26.500572]
[29.58984]
[28.178421]
[26.551577]
[24.819592]
[20.550959]
[16.551105]
[21.024038]
[23.868837]
[18.627436]
[19.58536]
[39.69322]
[22.369379]
[17.400995]
[26.848728]
[29.730482]
[27.860489]
[26.543032]
[25.319681]
[14.191926]
[10.768725]
[22.120054]
[22.370802]
[24.415442]
[25.340097]
[23.590612]
[13.2562475]
[9.516487]
[9.030686]
[7.795097]
[7.570935]
[7.72316]
[8.11848]
[7.9434967]
[7.612529]
[7.462556]
[7.4155006]
[7.461132]
[7.3593984]
[7.2388144]
[7.092154]
[7.0596013]
[7.0670815]
[6.961936]
[6.9451933]
[6.820319]
[6.7845397]
[6.7845397]
[6.7845397]
[6.7845397]
[6.652035]
[8.619703]
[13.484223]
[13.23618]
[15.051349]
[10.570348]
[11.424381]
[12.197924]
[16.597315]
[14.958821]
[13.190557]
[10.216969]
[7.181463]
[10.1092005]
[10.4367485]
[9.2432575]
[9.524406]
[9.993693]
[11.533663]
[11.769643]
[10.396818]
[11.459294]
[18.906357]
[12.959633]
[12.03279]
[8.394337]
[11.888881]
[12.186888]
[11.8256]
[6.666776]
[6.0057697]
[6.033892]
[6.783371]
[9.882036]
[9.886452]
[9.920479]
[7.2631383]
[5.931306]
[5.8587193]
[5.883621]
[5.8686094]
[5.757321]
[7.2267823]
[5.9794297]
[5.73078]
[5.8424006]
[5.749989]
[5.7679186]
[5.639038]
[6.4758325]
[6.5960264]
[6.3098025]
[6.213678]
[5.9662867]
[5.8840322]
[5.89408]
[5.948613]
[6.0099006]
[6.0324883]
[5.9416404]
[6.150624]
[5.8713045]
[5.870368]
[5.9049535]
[5.8995085]
[5.9211454]
[8.003063]
[8.343421]
[13.1104555]
[9.236371]
[8.428566]
[9.771969]
[9.316119]
[8.526682]
[11.697163]
[10.915455]
[9.144326]
[10.992324]
[11.390006]
[9.350838]
[9.180179]
[11.826356]
[12.555423]
[12.305437]
[12.287958]
[17.354511]
[11.597962]
[9.538516]
[13.517594]
[17.27761]
[21.298424]
[15.012649]
[12.403306]
[11.679542]
[10.313903]
[10.493579]
[11.4687395]
[11.51346]
[12.556225]
[12.667882]
[11.704218]
[11.833545]
[13.04068]
[12.249629]
[12.167883]
[13.39548]
[13.498797]
[12.061091]
[11.488586]
[12.908325]
[13.258845]
[13.037366]
[13.14314]
[12.499546]
[11.841558]
[11.205834]
[12.181447]
[14.033408]
[14.118867]
[11.533019]
[13.395745]
[13.707648]
[13.436655]
[13.761724]
[13.627322]
[12.587927]
[14.830076]
[14.182858]
[14.12974]
[14.114794]
[14.146969]
[14.1054]
[13.870397]
[13.968335]
[13.81577]
[15.591754]
[18.478659]
[17.281769]
[13.391777]
[13.423069]
[13.746256]
[14.387633]
[14.335225]
[13.822652]
[13.597063]
[13.518046]
[13.622535]
[13.676359]
[13.654464]
[13.672808]
[13.455494]
[13.278688]
[13.217664]
[13.236583]
[13.316427]
[13.467301]
[13.435257]
[13.412381]
[13.340708]
[13.273306]
[13.31218]
[13.428395]
[13.336]
[13.213336]
[13.143756]
[13.162683]
[13.284024]
[13.171313]
[13.235459]
[13.332214]
[13.384761]
[13.306237]
[13.139823]
[13.190897]
[13.049502]
[12.99999]
[13.163071]
[13.276742]
[13.179154]
[13.094904]
[13.059025]
[13.044964]
[13.121592]
[13.265221]
[13.207002]
[13.191767]
[13.169422]
[13.299992]
[13.840393]
[14.409022]
[12.0061]
[13.566146]
[34.423897]
[72.02986]
[10.441819]
[14.924601]
[14.6943655]
[15.7780285]
[16.27648]
[16.291601]
[16.19481]
[16.255259]
[16.059]
[15.847078]
[15.435515]
[15.39129]
[15.432476]
[15.181131]
[15.610944]
[14.940151]
[14.776942]
[14.648895]
[14.587312]
[13.911712]
[14.657504]
[13.291341]
[12.932463]
[12.834455]
[13.476731]
[13.6246]
[14.4432125]
[13.49665]
[12.82579]
[12.546464]
[12.552937]
[12.433755]
[12.089762]
[12.445754]
[12.460723]
[12.511798]
[12.292195]
[12.279749]
[12.258746]
[12.200762]
[11.964467]
[11.765324]
[12.392227]
[14.036326]
[14.909205]
[14.37164]
[14.384068]
[13.28396]
[13.657089]
[13.381513]
[13.257656]
[12.704282]
[11.817448]
[12.4189005]
[11.859644]
[11.499407]
[11.527089]
[11.300187]
[11.306409]
[11.071004]
[11.099069]
[10.862141]
[10.788229]
[10.862134]
[10.588933]
[10.73525]
[10.546006]
[10.616672]
[10.546927]
[10.543243]
[10.427104]
[10.391051]
[10.261104]
[10.244653]
[10.111434]
[10.088906]
[10.095721]
[10.14836]
[10.022503]
[9.947288]
[10.102434]
[9.9636345]
[9.728978]
[9.663101]
[9.552668]
[9.256136]
[9.100802]
[9.306634]
[9.433303]
[9.354854]
[9.2302685]
[8.960322]
[9.149768]
[9.456859]
[11.314787]
[11.164972]
[10.671214]
[10.244829]
[9.904682]
[9.703435]
[9.554541]
[9.388897]
[9.516926]
[9.313778]
[9.226992]
[9.268562]
[9.002985]
[8.967388]
[9.474647]
[9.798597]
[9.5285425]
[9.868904]
[9.748912]
[9.142253]
[8.82308]
[8.651206]
[8.606486]
[8.446749]
[8.543975]
[8.622119]
[8.517859]
[8.337583]
[8.440893]
[8.363805]
[8.324367]
[8.334228]
[8.359155]
[8.220838]
[8.308238]
[8.250003]
[8.235419]
[8.127598]
[8.040665]
[8.249016]
[8.071187]
[7.970849]
[8.095388]
[8.1713915]
[8.033609]
[8.119508]
[8.093357]
[8.319891]
[8.412065]
[7.111871]
[6.939958]
[6.747702]
[6.145483]
[6.150587]
[5.9999747]
[6.109507]
[6.041371]
[5.9611626]
[6.10495]
[6.0467234]
[6.0041156]
[5.9860406]
[5.992338]
[6.041978]
[5.9398346]
[5.8655057]
[6.060081]
[5.874008]
[5.8534727]
[6.037531]
[5.977319]
[5.9435635]
[5.940632]
[5.9547076]
[5.95536]
[5.95442]
[5.952677]
[5.9633512]
[6.018306]
[5.875437]
[5.996673]
[6.270834]
[6.244133]
[9.79103]
[6.4655824]
[7.7968154]
[7.9441595]
[6.2213464]
[6.048599]
[6.036486]
[5.9883347]
[6.3307686]
[5.960387]
[6.288727]
[5.965694]
[6.280739]
[5.9617057]
[8.279013]
[6.5813313]
[6.2345324]
[6.225605]
[6.2173524]
[6.2093043]
[6.201147]
[5.8801956]
[6.207069]
[5.7374554]
[8.424451]
[6.3099995]
[5.923915]
[6.220716]
[5.9186187]
[5.9211116]
[6.2050915]
[5.919354]
[6.159447]
[6.142145]
[5.8912244]
[6.147324]
[5.940742]
[5.9201403]
[5.96]
[6.1590247]
[5.9270887]
[6.117085]
[5.9251447]
[5.9485497]
[5.9988146]
[6.1413403]
[5.8895454]
[5.9519434]
[6.136825]
[5.924759]
[5.953964]
[6.1214876]
[5.92588]
[6.106659]
[6.057169]
[5.867218]
[9.409764]
[9.24382]
[9.653515]
[9.190268]
[9.517299]
[9.512074]
[9.393501]
[9.305743]
[9.827111]
[9.209809]
[9.655708]
[9.041035]
[9.484383]
[8.872466]
[9.339286]
[9.400828]
[8.889281]
[8.913097]
[8.928968]
[8.953585]
[8.989814]
[8.960519]
[8.915002]
[9.2627]
[9.001919]
[9.541698]
[9.295838]
[9.054036]
[9.7901745]
[9.814928]
[9.793936]
[11.453629]
[11.609782]
[11.570564]
[12.075619]
[11.549511]
[11.986796]
[12.536055]
[12.536299]
[15.563105]
[17.18851]
[15.266807]
[11.999721]
[12.1393]
[12.133022]
[12.577648]
[15.953893]
[12.793954]
[12.39818]
[12.328553]
[12.742816]
[11.74453]
[11.585821]
[11.671493]
[11.828353]
[11.867641]
[12.034678]
[12.002744]
[11.785664]
[12.019458]
[12.108305]
[13.638429]
[14.4879]
[14.894228]
[15.304077]
[14.786562]
[14.648937]
[14.079278]
[14.083398]
[14.175559]
[13.307836]
[14.19262]
[21.701439]
[13.241817]
[15.796702]
[13.3088255]
[16.138012]
[16.227589]
[16.139778]
[15.937283]
[15.843173]
[15.673566]
[15.504129]
[15.358349]
[15.214752]
[15.102051]
[14.484656]
[14.206468]
[15.276496]
[15.874919]
[15.619303]
[14.908928]
[15.080838]
[14.996938]
[15.689449]
[13.929531]
[16.19715]
[16.081501]
[17.871248]
[17.93003]
[17.828758]
[17.673248]
[17.991447]
[17.928972]
[18.3365]
[18.33217]
[18.03761]
[18.25236]
[18.429533]
[17.7471]
[17.996809]
[17.85124]
[17.634018]
[17.51698]
[17.697216]
[16.845434]
[18.659527]
[19.126938]
[18.057707]
[17.607906]
[17.247078]
[17.06637]
[16.769037]
[17.259396]
[17.327463]
[17.68004]
[18.717512]
[17.444164]
[17.173977]
[17.03355]
[17.141418]
[17.49403]
[17.44262]
[18.34305]
[23.015368]
[25.430445]
[21.802048]
[28.265368]
[30.168566]
[24.557165]
[24.485477]
[21.918816]
[7.6155357]
[17.625988]
[19.130812]
[18.717068]
[21.818146]
[40.001835]
[45.01273]
[49.379967]
[54.923668]
[47.030094]
[41.917652]
[58.58869]
[70.29297]
[67.19132]
[66.33989]
[54.571922]
[75.68539]
[92.41761]
[101.38295]
[127.6856]
[111.74811]
[119.39962]
[110.41805]
[106.75869]
[101.97188]
[100.42668]
[96.07038]
[93.61165]
[89.0494]
[86.03502]
[71.21348]
[73.71267]
[91.36683]
[88.47739]
[86.81564]
[87.91887]
[84.68127]
[91.998314]
[116.56599]
[122.23838]
[137.8815]
[135.205]
[132.55032]
[130.03741]
[131.94125]
[127.286194]
[101.201546]
[100.74459]
[97.5727]
[96.15353]
[93.924065]
[62.241306]
[53.18946]
[63.51473]
[58.347374]
[55.200172]
[43.70825]
[24.944395]
[22.31716]
[22.804525]
[34.407055]
[49.01158]
[43.640007]
[45.449345]
[37.24389]
[20.958757]
[17.554173]
[30.591959]
[20.473162]
[18.368042]
[17.588984]
[15.657089]
[14.919376]
[14.92561]
[16.966568]
[16.874123]
[15.845489]
[14.833926]
[15.666372]
[13.7835]
[13.5413]
[14.632091]
[14.541284]
[13.844961]
[14.197074]
[14.289013]
[14.471662]
[14.64382]
[16.64641]
[17.077314]
[13.929866]
[13.538315]
[14.158224]
[14.770512]
[14.744817]
[13.999256]
[14.065931]
[13.995241]
[13.369691]
[13.729632]
[12.399281]
[11.336793]
[12.365758]
[13.336265]
[15.588219]
[15.722151]
[18.486412]
[14.719834]
[14.574349]
[15.191721]
[13.452863]
[12.00246]
[13.23592]
[19.999744]
[12.353817]
[10.765386]
[12.0285015]
[11.9651165]
[15.725454]
[15.217969]
[13.900339]
[11.455374]
[12.072757]
[25.304434]
[30.201075]
[28.928745]
[28.019054]
[21.4096]
[13.291642]
[12.268892]
[11.59642]
[9.663043]
[8.843741]
[8.459073]
[8.1508875]
[7.576095]
[7.407801]
[7.6919794]
[7.7942057]
[7.5589013]
[7.3494525]
[7.4527655]
[7.2446284]
[7.1678205][10.25]
[9.45]
[13.02]
[10.69]
[5.31]
[5.25]
[5.26]
[5.31]
[5.31]
[5.3]
[5.29]
[5.3]
[9.25]
[9.31]
[9.28]
[9.29]
[9.27]
[9.26]
[9.25]
[9.26]
[9.26]
[9.27]
[9.25]
[9.25]
[9.32]
[9.28]
[9.26]
[9.22]
[9.21]
[9.23]
[9.23]
[9.06]
[9.24]
[9.25]
[9.24]
[9.29]
[9.55]
[9.28]
[9.27]
[9.27]
[9.25]
[9.24]
[9.28]
[12.21]
[12.29]
[12.32]
[12.27]
[12.3]
[12.29]
[12.25]
[12.25]
[12.25]
[12.29]
[12.3]
[12.3]
[12.31]
[12.36]
[12.34]
[12.35]
[12.36]
[12.37]
[12.39]
[12.39]
[12.4]
[12.36]
[12.39]
[12.4]
[12.41]
[12.52]
[12.25]
[12.25]
[12.03]
[12.31]
[26.75]
[15.2]
[15.05]
[15.12]
[15.03]
[15.09]
[15.17]
[15.22]
[15.41]
[15.4]
[15.43]
[15.24]
[15.14]
[15.08]
[15.29]
[15.3]
[15.23]
[15.22]
[15.17]
[15.21]
[15.24]
[15.21]
[15.26]
[15.09]
[15.03]
[14.94]
[15.09]
[15.28]
[15.3]
[15.52]
[15.38]
[15.46]
[15.26]
[15.55]
[15.54]
[15.27]
[22.36]
[17.87]
[15.85]
[42.75]
[82.22]
[94.05]
[93.25]
[90.97]
[55.68]
[49.63]
[58.09]
[56.67]
[54.59]
[53.59]
[58.05]
[53.08]
[41.74]
[57.88]
[58.89]
[56.17]
[56.45]
[59.98]
[24.57]
[23.68]
[48.95]
[58.59]
[52.66]
[61.65]
[55.39]
[15.63]
[15.57]
[49.45]
[48.02]
[57.5]
[95.04]
[91.35]
[127.12]
[159.08]
[215.85]
[192.9]
[144.63]
[136.75]
[131.02]
[99.64]
[86.83]
[129.19]
[131.03]
[129.73]
[130.49]
[130.52]
[92.3]
[87.76]
[90.33]
[91.84]
[90.24]
[92.4]
[96.82]
[52.74]
[45.22]
[55.96]
[60.38]
[51.61]
[55.5]
[62.81]
[54.04]
[56.12]
[53.08]
[60.33]
[38.11]
[64.66]
[62.07]
[50.21]
[45.53]
[67.12]
[58.52]
[53.52]
[50.52]
[53.77]
[41.06]
[38.17]
[35.45]
[50.08]
[57.71]
[43.73]
[61.41]
[54.5]
[42.43]
[96.98]
[93.31]
[95.73]
[93.08]
[91.61]
[94.94]
[85.74]
[88.4]
[98.74]
[90.94]
[95.37]
[98.5]
[45.13]
[47.61]
[67.66]
[39.1]
[71.69]
[37.29]
[69.59]
[19.53]
[12.7]
[49.99]
[27.12]
[31.05]
[19.21]
[28.46]
[14.31]
[9.94]
[17.83]
[28.86]
[44.83]
[46.46]
[52.06]
[24.01]
[9.42]
[50.97]
[57.23]
[44.2]
[37.8]
[12.15]
[9.41]
[10.47]
[20.43]
[33.31]
[48.25]
[44.01]
[55.45]
[12.7]
[10.36]
[51.64]
[50.92]
[50.38]
[49.93]
[49.1]
[13.79]
[10.13]
[29.22]
[34.2]
[23.2]
[39.35]
[38.77]
[14.08]
[10.2]
[32.49]
[35.58]
[33.86]
[32.24]
[29.9]
[23.23]
[16.87]
[24.9]
[28.37]
[17.49]
[16.74]
[47.53]
[16.06]
[15.03]
[32.65]
[36.66]
[33.79]
[32.62]
[31.6]
[12.79]
[8.68]
[29.3]
[28.48]
[33.01]
[32.79]
[29.71]
[12.11]
[7.79]
[7.39]
[5.3]
[5.33]
[5.36]
[5.41]
[5.44]
[5.46]
[5.48]
[5.51]
[5.52]
[5.54]
[5.55]
[5.56]
[5.57]
[5.58]
[5.41]
[5.59]
[5.59]
[5.59]
[5.59]
[5.59]
[5.59]
[5.52]
[9.82]
[15.53]
[16.95]
[20.82]
[11.7]
[14.18]
[15.4]
[23.39]
[19.41]
[16.47]
[11.42]
[6.71]
[12.54]
[12.67]
[10.63]
[11.37]
[12.05]
[14.44]
[14.47]
[12.32]
[14.46]
[13.82]
[14.57]
[14.58]
[8.47]
[14.78]
[14.81]
[14.47]
[5.31]
[5.31]
[5.29]
[6.65]
[12.03]
[10.97]
[11.68]
[7.09]
[5.32]
[5.32]
[5.33]
[5.32]
[5.32]
[7.66]
[5.32]
[5.32]
[5.32]
[5.29]
[5.21]
[5.09]
[5.1]
[5.1]
[5.1]
[5.11]
[5.11]
[5.1]
[5.12]
[5.22]
[5.48]
[5.49]
[5.27]
[5.12]
[5.13]
[5.12]
[5.12]
[5.11]
[5.16]
[8.76]
[8.76]
[8.94]
[8.95]
[8.95]
[10.8]
[10.34]
[8.93]
[12.82]
[12.41]
[9.78]
[12.71]
[13.05]
[9.78]
[9.61]
[13.47]
[13.71]
[13.82]
[13.8]
[20.11]
[12.1]
[10.21]
[15.44]
[19.36]
[24.22]
[16.35]
[13.82]
[12.91]
[11.05]
[11.21]
[12.63]
[12.73]
[13.93]
[14.]
[12.75]
[12.72]
[14.06]
[13.64]
[13.18]
[14.13]
[14.47]
[12.97]
[12.08]
[13.53]
[13.92]
[14.]
[14.03]
[13.47]
[12.53]
[12.61]
[12.89]
[13.87]
[13.64]
[12.29]
[13.75]
[12.77]
[12.77]
[13.97]
[13.97]
[12.95]
[15.58]
[14.78]
[14.97]
[14.82]
[14.67]
[14.69]
[14.7]
[14.81]
[14.7]
[17.5]
[18.04]
[19.37]
[14.58]
[14.62]
[14.69]
[14.75]
[14.6]
[14.39]
[14.42]
[14.49]
[14.55]
[14.59]
[14.62]
[14.6]
[14.31]
[14.23]
[14.12]
[14.15]
[14.3]
[14.52]
[14.49]
[14.43]
[14.23]
[14.17]
[14.28]
[14.37]
[14.29]
[14.2]
[14.09]
[14.11]
[14.23]
[14.04]
[14.13]
[14.15]
[14.07]
[14.02]
[13.88]
[13.88]
[13.78]
[13.82]
[13.92]
[14.08]
[13.97]
[13.86]
[13.82]
[13.83]
[13.99]
[14.01]
[13.84]
[13.78]
[13.71]
[13.96]
[14.1]
[13.99]
[13.72]
[16.98]
[13.92]
[13.67]
[13.53]
[13.42]
[13.41]
[13.36]
[14.17]
[14.52]
[14.48]
[14.44]
[14.41]
[14.38]
[14.37]
[14.35]
[14.34]
[14.31]
[15.25]
[14.32]
[14.31]
[14.29]
[14.29]
[14.58]
[14.56]
[12.15]
[11.95]
[11.88]
[11.87]
[11.82]
[13.39]
[11.95]
[11.94]
[11.89]
[11.86]
[11.86]
[11.84]
[11.83]
[11.81]
[11.86]
[11.86]
[11.8]
[11.8]
[11.79]
[11.78]
[11.77]
[11.96]
[11.94]
[11.9]
[11.85]
[11.35]
[11.83]
[11.8]
[12.]
[12.06]
[12.03]
[9.66]
[9.6]
[9.59]
[9.63]
[9.74]
[9.73]
[9.68]
[9.68]
[9.7]
[9.68]
[9.68]
[9.67]
[9.67]
[9.73]
[9.77]
[9.75]
[9.77]
[9.77]
[9.77]
[9.74]
[9.74]
[9.73]
[9.72]
[9.75]
[9.75]
[9.79]
[9.77]
[9.77]
[9.78]
[9.77]
[9.09]
[9.09]
[8.91]
[8.69]
[8.69]
[8.66]
[8.69]
[8.7]
[8.7]
[8.66]
[8.67]
[8.77]
[8.78]
[8.78]
[8.77]
[8.78]
[8.77]
[8.74]
[8.74]
[8.77]
[8.77]
[8.77]
[8.76]
[8.77]
[8.76]
[8.77]
[8.77]
[8.76]
[8.76]
[8.77]
[8.71]
[8.26]
[8.23]
[8.06]
[8.02]
[8.01]
[8.04]
[8.06]
[8.04]
[8.05]
[8.06]
[8.05]
[8.05]
[8.07]
[8.07]
[8.06]
[8.04]
[8.08]
[8.07]
[8.07]
[8.03]
[8.1]
[8.09]
[8.1]
[8.11]
[8.1]
[8.11]
[8.12]
[8.11]
[8.11]
[8.13]
[6.13]
[6.11]
[5.91]
[5.29]
[5.35]
[5.29]
[5.31]
[5.3]
[5.3]
[5.3]
[5.31]
[5.3]
[5.27]
[5.29]
[5.29]
[5.29]
[5.3]
[5.3]
[5.34]
[5.31]
[5.31]
[5.32]
[5.32]
[5.31]
[5.33]
[5.32]
[5.32]
[5.31]
[5.33]
[5.32]
[5.34]
[5.34]
[5.89]
[5.74]
[5.51]
[5.5]
[7.49]
[7.16]
[5.55]
[5.56]
[5.48]
[5.43]
[5.41]
[5.42]
[5.48]
[5.44]
[5.44]
[5.44]
[7.99]
[5.37]
[5.4]
[5.41]
[5.38]
[5.38]
[5.39]
[5.38]
[5.38]
[5.43]
[5.4]
[5.41]
[5.42]
[5.41]
[5.41]
[5.41]
[5.41]
[5.42]
[5.44]
[5.44]
[5.45]
[5.47]
[5.47]
[5.4]
[5.42]
[5.44]
[5.46]
[5.47]
[5.46]
[5.46]
[5.47]
[5.47]
[5.42]
[5.48]
[5.49]
[5.48]
[5.46]
[5.46]
[5.5]
[5.51]
[5.48]
[5.46]
[9.04]
[9.13]
[9.13]
[9.16]
[9.17]
[9.17]
[9.19]
[9.21]
[9.24]
[9.24]
[9.22]
[9.2]
[9.27]
[9.28]
[9.28]
[9.29]
[9.32]
[9.33]
[9.33]
[9.34]
[9.36]
[9.37]
[9.38]
[9.41]
[9.41]
[9.41]
[9.41]
[9.42]
[9.83]
[9.49]
[9.52]
[12.18]
[12.29]
[12.29]
[12.33]
[12.37]
[12.42]
[12.45]
[12.39]
[15.27]
[16.55]
[14.11]
[12.06]
[12.15]
[12.22]
[12.2]
[14.89]
[12.24]
[12.29]
[12.3]
[12.82]
[12.19]
[12.16]
[12.29]
[12.32]
[12.3]
[12.41]
[12.47]
[12.46]
[12.66]
[12.65]
[14.68]
[15.59]
[15.66]
[15.62]
[15.61]
[15.62]
[15.55]
[15.55]
[15.53]
[15.48]
[15.58]
[15.63]
[15.67]
[15.73]
[15.76]
[15.69]
[15.74]
[15.74]
[15.7]
[15.75]
[15.81]
[15.74]
[15.69]
[15.67]
[15.67]
[15.69]
[15.71]
[15.78]
[15.82]
[15.85]
[15.84]
[15.82]
[15.81]
[15.68]
[15.65]
[15.45]
[15.76]
[15.72]
[15.72]
[15.72]
[15.86]
[15.62]
[15.55]
[15.84]
[15.47]
[15.85]
[15.91]
[15.89]
[15.6]
[15.96]
[15.99]
[15.84]
[15.77]
[15.99]
[15.57]
[15.56]
[15.78]
[15.69]
[15.67]
[15.63]
[15.75]
[15.5]
[15.92]
[15.96]
[15.99]
[16.2]
[15.99]
[15.99]
[15.96]
[15.93]
[15.94]
[15.96]
[15.89]
[15.75]
[15.57]
[14.85]
[16.98]
[17.18]
[17.15]
[16.64]
[16.94]
[16.89]
[16.85]
[16.85]
[16.82]
[22.09]
[48.14]
[54.09]
[52.25]
[50.82]
[26.21]
[24.32]
[46.38]
[54.6]
[55.32]
[58.59]
[42.22]
[59.61]
[52.27]
[91.07]
[134.99]
[99.13]
[93.08]
[89.49]
[90.15]
[90.7]
[92.91]
[90.54]
[92.41]
[91.17]
[89.85]
[54.37]
[55.31]
[91.98]
[89.63]
[92.51]
[92.65]
[53.92]
[58.15]
[118.86]
[121.02]
[128.01]
[129.11]
[130.04]
[130.07]
[129.96]
[130.52]
[93.73]
[94.19]
[93.43]
[94.32]
[94.03]
[49.04]
[42.92]
[63.69]
[56.03]
[54.7]
[38.34]
[11.79]
[11.72]
[12.96]
[33.11]
[57.23]
[47.44]
[52.93]
[38.46]
[13.38]
[10.84]
[32.12]
[12.86]
[13.04]
[11.96]
[9.06]
[9.09]
[9.87]
[13.99]
[13.87]
[12.77]
[11.54]
[13.62]
[10.08]
[9.89]
[11.66]
[11.41]
[10.97]
[12.27]
[12.58]
[13.52]
[14.11]
[18.19]
[19.12]
[13.6]
[13.55]
[13.48]
[13.43]
[13.64]
[13.07]
[13.76]
[13.75]
[12.85]
[13.71]
[11.22]
[9.92]
[11.7]
[12.05]
[15.5]
[15.5]
[20.41]
[11.86]
[11.21]
[12.16]
[10.03]
[8.58]
[11.93]
[24.96]
[9.81]
[9.12]
[11.89]
[11.97]
[19.72]
[18.14]
[16.04]
[11.71]
[13.74]
[39.18]
[46.43]
[42.22]
[40.7]
[29.17]
[11.6]
[7.7]
[7.77]
[5.18]
[5.21]
[5.24]
[5.27]
[5.28]
[5.29]
[5.31]
[5.33]
[5.34]
[5.35]
[5.36]
[5.37]
[5.38]
[5.39]