0.8982110048756987, 0.8999721349029725, -0.1986580312807153, 194.21052407465712[12.061761]
[9.476184]
[8.508142]
[10.506092]
[9.458195]
[6.1596227]
[5.5722866]
[5.677918]
[5.656513]
[5.659616]
[5.6945853]
[5.599367]
[5.6975102]
[7.940214]
[8.479314]
[8.409948]
[8.440172]
[8.19846]
[9.689777]
[10.965905]
[9.6314]
[9.020467]
[8.790001]
[8.765514]
[8.689703]
[8.719052]
[8.723041]
[8.743146]
[8.643896]
[8.656318]
[8.575797]
[8.599281]
[8.723089]
[8.800707]
[8.714843]
[8.823538]
[8.841839]
[8.705555]
[12.646942]
[9.5487385]
[8.929727]
[9.419454]
[9.721461]
[9.560616]
[11.092117]
[11.318027]
[11.215138]
[11.301213]
[11.104058]
[11.521753]
[11.771342]
[11.673533]
[11.328159]
[11.446262]
[11.316604]
[11.288425]
[11.309267]
[11.3954]
[11.326473]
[11.328828]
[11.360406]
[11.427073]
[11.339141]
[11.426299]
[11.4248085]
[11.27471]
[11.746185]
[12.046789]
[11.625204]
[11.872072]
[14.374285]
[9.3042965]
[10.953132]
[11.507225]
[37.806267]
[17.961296]
[13.78278]
[13.790942]
[13.781194]
[13.788383]
[13.960129]
[14.1842165]
[14.139398]
[14.263915]
[14.407512]
[14.143421]
[14.075435]
[14.215463]
[14.529164]
[14.313481]
[14.343376]
[14.034386]
[14.725518]
[14.68908]
[14.369492]
[14.578047]
[14.660936]
[14.509478]
[14.54544]
[13.900036]
[14.191243]
[14.76483]
[14.345283]
[14.560397]
[14.58005]
[14.099975]
[18.050087]
[20.75834]
[19.954329]
[31.15498]
[48.828632]
[27.843256]
[61.08388]
[66.133934]
[79.83872]
[93.91068]
[125.96337]
[91.025154]
[70.75809]
[59.209026]
[61.47328]
[58.84417]
[54.14317]
[50.413338]
[51.808685]
[48.462536]
[39.879047]
[48.300465]
[50.59352]
[47.966927]
[48.956783]
[51.89514]
[30.365643]
[26.019197]
[41.732864]
[47.7271]
[44.16369]
[47.75512]
[43.8748]
[21.225868]
[20.558744]
[44.978676]
[48.532722]
[69.66942]
[97.66245]
[131.13138]
[148.43776]
[168.86101]
[200.27705]
[166.00017]
[144.33311]
[137.80693]
[121.45339]
[101.29356]
[84.88657]
[106.5464]
[110.80172]
[114.25563]
[117.506134]
[125.21827]
[103.39264]
[95.33187]
[91.00956]
[92.12152]
[89.09149]
[87.8482]
[91.96807]
[68.434616]
[62.02796]
[69.51469]
[71.42472]
[67.63855]
[67.48314]
[69.2501]
[60.425358]
[57.444702]
[53.797386]
[55.71303]
[42.01172]
[54.046146]
[54.61513]
[48.640606]
[45.665386]
[55.801422]
[50.694695]
[45.614536]
[42.557686]
[44.296143]
[40.083202]
[40.830433]
[43.89648]
[58.430527]
[67.08612]
[57.949333]
[63.99398]
[57.066444]
[53.231976]
[92.20318]
[91.561646]
[87.17079]
[81.17031]
[77.591995]
[78.63389]
[77.241844]
[82.63109]
[90.60386]
[88.27468]
[95.21598]
[99.57211]
[67.980034]
[64.17888]
[74.064095]
[57.836086]
[71.63199]
[50.9083]
[63.512993]
[35.403973]
[24.928726]
[46.338867]
[34.75869]
[33.35402]
[25.578062]
[29.114758]
[20.911577]
[16.083641]
[19.900944]
[25.75049]
[34.631344]
[36.229027]
[40.682873]
[28.013813]
[17.866243]
[41.24888]
[46.865566]
[39.89816]
[36.88343]
[22.103735]
[19.137308]
[19.816662]
[23.327589]
[29.403307]
[37.18533]
[35.802845]
[40.727745]
[18.582426]
[14.4280405]
[36.9666]
[38.18944]
[38.519897]
[37.727844]
[36.227974]
[18.819231]
[15.888934]
[26.896542]
[30.006237]
[22.76371]
[29.547085]
[29.928108]
[15.6889925]
[11.494884]
[23.10872]
[26.728968]
[25.131908]
[23.90701]
[22.061666]
[17.88198]
[14.214899]
[18.502438]
[21.308983]
[16.568619]
[17.038252]
[36.994873]
[19.223478]
[14.738559]
[23.703417]
[27.162893]
[25.360434]
[24.261961]
[22.753246]
[12.573615]
[8.7866955]
[19.362564]
[19.923883]
[22.99255]
[23.626566]
[21.820929]
[11.881008]
[7.9015465]
[7.3330765]
[6.1119914]
[5.8834934]
[5.956867]
[6.2576346]
[6.060194]
[5.905701]
[5.7321267]
[5.7509284]
[5.7375607]
[5.687616]
[5.4900293]
[5.4364514]
[5.4336734]
[5.435469]
[5.316653]
[5.2173915]
[5.183432]
[5.179347]
[5.179347]
[5.179347]
[5.179347]
[4.9461412]
[6.637213]
[11.631582]
[11.7724]
[13.759661]
[9.51257]
[10.009241]
[10.743087]
[15.278731]
[14.031469]
[12.28648]
[9.297997]
[6.409697]
[8.972435]
[9.559768]
[8.571672]
[8.7989025]
[9.3755665]
[10.875489]
[11.055089]
[9.916962]
[10.974961]
[18.34499]
[12.807499]
[11.659828]
[8.111229]
[11.459872]
[12.020833]
[11.73012]
[6.478037]
[5.615184]
[5.6291137]
[6.4464097]
[9.613742]
[9.817925]
[9.901963]
[7.2698135]
[5.8315644]
[5.69936]
[5.721896]
[5.762942]
[5.6675496]
[7.1230006]
[5.9877434]
[5.6957746]
[5.8118525]
[5.714418]
[5.7641845]
[5.3863235]
[5.901895]
[6.031231]
[5.8584876]
[5.8867655]
[5.7467327]
[5.711422]
[5.7257633]
[5.8263564]
[5.9284806]
[5.969528]
[5.7499404]
[5.9605]
[5.7447925]
[5.7632437]
[5.7821994]
[5.782663]
[5.8542647]
[7.9250607]
[8.386576]
[13.10723]
[9.4448185]
[8.519126]
[9.916804]
[9.59298]
[8.789051]
[11.894522]
[11.351763]
[9.540872]
[11.265367]
[11.756983]
[9.725744]
[9.362009]
[11.842311]
[12.6674795]
[12.599112]
[12.724539]
[17.717886]
[12.483691]
[10.028774]
[13.746695]
[17.498888]
[21.465902]
[16.030022]
[13.399702]
[12.633325]
[11.269136]
[11.368777]
[12.363183]
[12.506482]
[13.466049]
[13.654934]
[12.754676]
[12.73501]
[13.734874]
[13.357404]
[13.07256]
[14.026616]
[14.182148]
[13.168361]
[12.449316]
[13.42009]
[13.671069]
[13.585801]
[13.518738]
[13.1221895]
[12.468736]
[12.400018]
[12.449854]
[14.027831]
[14.215445]
[12.164769]
[13.077095]
[13.485992]
[13.432618]
[14.01171]
[13.895635]
[13.082204]
[14.690636]
[14.287775]
[14.214831]
[14.111242]
[13.949912]
[13.843809]
[13.862806]
[13.963659]
[13.899414]
[15.576144]
[18.411402]
[17.662952]
[14.327561]
[14.042756]
[14.263468]
[14.537251]
[14.650486]
[14.317298]
[14.1793375]
[14.160994]
[14.21723]
[14.284364]
[14.296091]
[14.30509]
[14.119042]
[14.010756]
[13.926749]
[13.962342]
[14.053361]
[14.222859]
[14.212191]
[14.186563]
[14.079251]
[14.047659]
[14.092381]
[14.186035]
[14.149479]
[14.040834]
[13.970348]
[13.978816]
[14.077555]
[13.981321]
[14.025588]
[14.067801]
[14.0738325]
[14.081178]
[13.886846]
[13.924389]
[13.872572]
[13.778532]
[13.909364]
[14.03768]
[13.93726]
[13.879835]
[13.873494]
[13.876034]
[14.018817]
[14.177372]
[14.158409]
[14.179336]
[14.157132]
[14.3325405]
[14.650099]
[14.76151]
[14.360931]
[6.7218356]
[15.439638]
[29.1216]
[14.491749]
[12.630279]
[13.865653]
[15.114952]
[15.443699]
[15.486235]
[15.376105]
[15.276641]
[15.075726]
[15.036356]
[14.824282]
[14.649891]
[14.725126]
[14.805412]
[15.3615675]
[14.743652]
[14.665761]
[14.578157]
[14.698387]
[14.117621]
[14.427812]
[12.783676]
[12.45405]
[11.924444]
[12.113751]
[12.192681]
[13.07904]
[12.331382]
[12.069292]
[11.852191]
[11.8850355]
[11.856816]
[11.460327]
[11.794743]
[11.836838]
[11.980107]
[11.84277]
[11.885348]
[11.918629]
[11.94106]
[11.740813]
[11.444395]
[10.99373]
[11.753539]
[12.298272]
[12.797577]
[12.985794]
[12.005464]
[12.370728]
[12.229229]
[12.176267]
[11.548755]
[10.233869]
[10.929784]
[10.562022]
[10.300233]
[10.394672]
[10.224667]
[10.284902]
[10.107073]
[10.200196]
[10.02792]
[9.975509]
[10.095528]
[9.866362]
[10.056816]
[9.892602]
[9.982892]
[9.929772]
[9.97222]
[9.895687]
[9.912018]
[9.826888]
[9.866756]
[9.781839]
[9.783489]
[9.791967]
[9.87885]
[9.803815]
[9.721675]
[9.868359]
[9.685699]
[9.415003]
[9.325398]
[9.273066]
[9.041899]
[8.848263]
[8.9670925]
[9.083673]
[9.0851965]
[9.067472]
[8.761612]
[8.68382]
[8.3841505]
[9.914911]
[9.896951]
[9.62104]
[9.3931465]
[9.207476]
[9.114618]
[9.06157]
[8.925194]
[9.096843]
[8.965312]
[8.925774]
[9.043925]
[8.844251]
[8.654376]
[8.920321]
[9.187311]
[8.88138]
[9.1893425]
[9.16113]
[8.741888]
[8.531496]
[8.403154]
[8.407687]
[8.267224]
[8.340684]
[8.435966]
[8.423941]
[8.284284]
[8.407717]
[8.363166]
[8.35569]
[8.372234]
[8.445313]
[8.325978]
[8.438619]
[8.414346]
[8.478372]
[8.434597]
[8.346357]
[8.595038]
[8.510035]
[8.436151]
[8.518803]
[8.621629]
[8.508758]
[8.581014]
[8.451872]
[8.582274]
[8.6284685]
[7.3693132]
[7.2140284]
[7.133661]
[6.621021]
[6.674132]
[6.530053]
[6.66246]
[6.6319046]
[6.537971]
[6.680526]
[6.658039]
[6.649606]
[6.641581]
[6.655972]
[6.760466]
[6.723993]
[6.6382475]
[6.8811126]
[6.742043]
[6.681758]
[6.8394003]
[6.818406]
[6.8224897]
[6.830653]
[6.8540583]
[6.86541]
[6.875107]
[6.884688]
[6.905194]
[7.0185895]
[6.8995156]
[7.0517664]
[7.324697]
[7.3435307]
[10.766769]
[7.7327967]
[8.888954]
[9.139142]
[7.5689564]
[7.3279433]
[7.2832255]
[7.2214274]
[7.4829736]
[7.2094154]
[7.419583]
[7.183901]
[7.37694]
[7.1477513]
[9.200153]
[7.687743]
[7.296359]
[7.269517]
[7.243099]
[7.2167635]
[7.190341]
[6.9311867]
[7.116312]
[6.949864]
[9.009426]
[7.2913065]
[6.8444157]
[7.0241838]
[6.8408294]
[6.7923408]
[6.9569716]
[6.7938514]
[6.8913655]
[6.892105]
[6.731806]
[6.8229556]
[6.73094]
[6.6512074]
[6.661693]
[6.750739]
[6.6529713]
[6.6880884]
[6.6158323]
[6.581807]
[6.596864]
[6.6228614]
[6.55004]
[6.6030636]
[6.608269]
[6.613737]
[6.622363]
[6.6105757]
[6.641314]
[6.6524353]
[6.62951]
[6.6352806]
[9.518471]
[9.538636]
[9.905489]
[9.585087]
[9.905253]
[9.995343]
[9.9575205]
[9.9407425]
[10.500096]
[10.01997]
[10.477683]
[9.998618]
[10.453868]
[9.976042]
[10.430335]
[10.511183]
[9.974303]
[9.927527]
[9.951487]
[9.972321]
[10.003029]
[10.024721]
[10.018644]
[10.35518]
[10.112283]
[10.589605]
[10.408846]
[10.152833]
[10.845695]
[10.924654]
[10.899143]
[12.441234]
[12.642786]
[12.603423]
[13.065391]
[12.596284]
[12.97551]
[13.492498]
[13.50556]
[16.227652]
[17.675179]
[16.062834]
[13.068502]
[13.082946]
[13.086085]
[13.479091]
[16.392658]
[13.769301]
[13.295145]
[13.220007]
[13.559658]
[12.684724]
[12.524665]
[12.688891]
[12.859971]
[12.946003]
[13.081146]
[12.914915]
[12.555194]
[12.498101]
[12.305172]
[12.933168]
[13.028977]
[12.941436]
[12.844113]
[12.359009]
[12.253457]
[11.848747]
[12.00607]
[12.198476]
[14.259013]
[13.434526]
[25.856188]
[1.7355354]
[16.651976]
[13.479038]
[15.984641]
[16.26037]
[15.921985]
[15.543525]
[15.209802]
[14.860381]
[14.636026]
[14.382917]
[14.141352]
[14.732429]
[16.400097]
[16.719824]
[17.124418]
[17.196737]
[17.195055]
[17.16819]
[17.498476]
[16.76293]
[16.026394]
[14.406421]
[14.354399]
[16.986626]
[17.090342]
[17.413074]
[17.59146]
[16.62685]
[16.507868]
[16.679556]
[17.300285]
[17.305489]
[17.84918]
[17.917242]
[17.875132]
[17.356504]
[17.513403]
[17.431084]
[17.237131]
[17.094458]
[17.174997]
[16.907406]
[17.538902]
[17.59238]
[17.047451]
[16.544436]
[16.163246]
[16.064964]
[15.752878]
[16.077646]
[16.10053]
[16.548212]
[16.863914]
[16.075378]
[15.826804]
[15.739049]
[15.681221]
[15.7925825]
[15.877876]
[16.291012]
[20.375519]
[21.434332]
[17.658115]
[24.453539]
[23.912699]
[22.59005]
[22.319204]
[19.961884]
[6.092736]
[15.582914]
[17.345194]
[17.005596]
[20.183008]
[37.376804]
[43.004368]
[48.53653]
[53.943073]
[42.14233]
[34.884087]
[53.090515]
[62.268833]
[63.408466]
[63.80547]
[54.428806]
[67.23463]
[81.38072]
[92.90276]
[122.01482]
[108.916336]
[110.19304]
[100.28075]
[99.30787]
[95.450836]
[97.22922]
[93.91065]
[90.35505]
[85.99833]
[84.616425]
[67.386894]
[69.39255]
[85.82523]
[84.65073]
[84.554985]
[87.19372]
[77.44991]
[78.29876]
[104.44492]
[120.12817]
[130.05296]
[130.77875]
[126.014]
[127.277565]
[128.49738]
[125.125496]
[100.20438]
[97.904526]
[96.144684]
[94.62]
[92.6966]
[61.673187]
[50.856396]
[60.629494]
[56.087822]
[52.678715]
[41.652664]
[22.541908]
[19.512362]
[19.973507]
[31.55627]
[45.722393]
[41.06115]
[43.04773]
[35.027737]
[18.630314]
[14.756568]
[27.931528]
[17.978033]
[15.58978]
[14.815203]
[12.819999]
[12.100809]
[11.9842]
[13.934884]
[13.783521]
[12.750323]
[11.842396]
[12.43863]
[10.903428]
[10.526946]
[11.57766]
[11.2760105]
[10.484381]
[10.947281]
[10.961719]
[11.023245]
[11.399507]
[13.113161]
[13.723135]
[10.733293]
[10.477732]
[11.395759]
[11.678635]
[11.301243]
[10.685471]
[10.780546]
[10.777642]
[10.099977]
[10.599838]
[9.16163]
[8.188969]
[9.368912]
[10.49351]
[12.249472]
[12.459629]
[15.360197]
[11.955842]
[11.782036]
[11.655764]
[10.096981]
[8.652729]
[9.7091875]
[16.249823]
[9.200664]
[7.6607437]
[8.534539]
[8.673427]
[12.138933]
[12.072605]
[10.738317]
[8.485234]
[8.836103]
[21.762657]
[28.039639]
[27.174234]
[25.721182]
[19.724775]
[11.76503]
[9.554377]
[9.1511345]
[6.9770613]
[6.26978]
[5.9146323]
[5.5925207]
[4.795214]
[5.271864]
[5.223374]
[5.4263062]
[4.7743974]
[5.044403]
[4.917791]
[4.629984]
[4.7876015][10.25]
[9.45]
[13.02]
[10.69]
[5.31]
[5.25]
[5.26]
[5.31]
[5.31]
[5.3]
[5.29]
[5.3]
[9.25]
[9.31]
[9.28]
[9.29]
[9.27]
[9.26]
[9.25]
[9.26]
[9.26]
[9.27]
[9.25]
[9.25]
[9.32]
[9.28]
[9.26]
[9.22]
[9.21]
[9.23]
[9.23]
[9.06]
[9.24]
[9.25]
[9.24]
[9.29]
[9.55]
[9.28]
[9.27]
[9.27]
[9.25]
[9.24]
[9.28]
[12.21]
[12.29]
[12.32]
[12.27]
[12.3]
[12.29]
[12.25]
[12.25]
[12.25]
[12.29]
[12.3]
[12.3]
[12.31]
[12.36]
[12.34]
[12.35]
[12.36]
[12.37]
[12.39]
[12.39]
[12.4]
[12.36]
[12.39]
[12.4]
[12.41]
[12.52]
[12.25]
[12.25]
[12.03]
[12.31]
[26.75]
[15.2]
[15.05]
[15.12]
[15.03]
[15.09]
[15.17]
[15.22]
[15.41]
[15.4]
[15.43]
[15.24]
[15.14]
[15.08]
[15.29]
[15.3]
[15.23]
[15.22]
[15.17]
[15.21]
[15.24]
[15.21]
[15.26]
[15.09]
[15.03]
[14.94]
[15.09]
[15.28]
[15.3]
[15.52]
[15.38]
[15.46]
[15.26]
[15.55]
[15.54]
[15.27]
[22.36]
[17.87]
[15.85]
[42.75]
[82.22]
[94.05]
[93.25]
[90.97]
[55.68]
[49.63]
[58.09]
[56.67]
[54.59]
[53.59]
[58.05]
[53.08]
[41.74]
[57.88]
[58.89]
[56.17]
[56.45]
[59.98]
[24.57]
[23.68]
[48.95]
[58.59]
[52.66]
[61.65]
[55.39]
[15.63]
[15.57]
[49.45]
[48.02]
[57.5]
[95.04]
[91.35]
[127.12]
[159.08]
[215.85]
[192.9]
[144.63]
[136.75]
[131.02]
[99.64]
[86.83]
[129.19]
[131.03]
[129.73]
[130.49]
[130.52]
[92.3]
[87.76]
[90.33]
[91.84]
[90.24]
[92.4]
[96.82]
[52.74]
[45.22]
[55.96]
[60.38]
[51.61]
[55.5]
[62.81]
[54.04]
[56.12]
[53.08]
[60.33]
[38.11]
[64.66]
[62.07]
[50.21]
[45.53]
[67.12]
[58.52]
[53.52]
[50.52]
[53.77]
[41.06]
[38.17]
[35.45]
[50.08]
[57.71]
[43.73]
[61.41]
[54.5]
[42.43]
[96.98]
[93.31]
[95.73]
[93.08]
[91.61]
[94.94]
[85.74]
[88.4]
[98.74]
[90.94]
[95.37]
[98.5]
[45.13]
[47.61]
[67.66]
[39.1]
[71.69]
[37.29]
[69.59]
[19.53]
[12.7]
[49.99]
[27.12]
[31.05]
[19.21]
[28.46]
[14.31]
[9.94]
[17.83]
[28.86]
[44.83]
[46.46]
[52.06]
[24.01]
[9.42]
[50.97]
[57.23]
[44.2]
[37.8]
[12.15]
[9.41]
[10.47]
[20.43]
[33.31]
[48.25]
[44.01]
[55.45]
[12.7]
[10.36]
[51.64]
[50.92]
[50.38]
[49.93]
[49.1]
[13.79]
[10.13]
[29.22]
[34.2]
[23.2]
[39.35]
[38.77]
[14.08]
[10.2]
[32.49]
[35.58]
[33.86]
[32.24]
[29.9]
[23.23]
[16.87]
[24.9]
[28.37]
[17.49]
[16.74]
[47.53]
[16.06]
[15.03]
[32.65]
[36.66]
[33.79]
[32.62]
[31.6]
[12.79]
[8.68]
[29.3]
[28.48]
[33.01]
[32.79]
[29.71]
[12.11]
[7.79]
[7.39]
[5.3]
[5.33]
[5.36]
[5.41]
[5.44]
[5.46]
[5.48]
[5.51]
[5.52]
[5.54]
[5.55]
[5.56]
[5.57]
[5.58]
[5.41]
[5.59]
[5.59]
[5.59]
[5.59]
[5.59]
[5.59]
[5.52]
[9.82]
[15.53]
[16.95]
[20.82]
[11.7]
[14.18]
[15.4]
[23.39]
[19.41]
[16.47]
[11.42]
[6.71]
[12.54]
[12.67]
[10.63]
[11.37]
[12.05]
[14.44]
[14.47]
[12.32]
[14.46]
[13.82]
[14.57]
[14.58]
[8.47]
[14.78]
[14.81]
[14.47]
[5.31]
[5.31]
[5.29]
[6.65]
[12.03]
[10.97]
[11.68]
[7.09]
[5.32]
[5.32]
[5.33]
[5.32]
[5.32]
[7.66]
[5.32]
[5.32]
[5.32]
[5.29]
[5.21]
[5.09]
[5.1]
[5.1]
[5.1]
[5.11]
[5.11]
[5.1]
[5.12]
[5.22]
[5.48]
[5.49]
[5.27]
[5.12]
[5.13]
[5.12]
[5.12]
[5.11]
[5.16]
[8.76]
[8.76]
[8.94]
[8.95]
[8.95]
[10.8]
[10.34]
[8.93]
[12.82]
[12.41]
[9.78]
[12.71]
[13.05]
[9.78]
[9.61]
[13.47]
[13.71]
[13.82]
[13.8]
[20.11]
[12.1]
[10.21]
[15.44]
[19.36]
[24.22]
[16.35]
[13.82]
[12.91]
[11.05]
[11.21]
[12.63]
[12.73]
[13.93]
[14.]
[12.75]
[12.72]
[14.06]
[13.64]
[13.18]
[14.13]
[14.47]
[12.97]
[12.08]
[13.53]
[13.92]
[14.]
[14.03]
[13.47]
[12.53]
[12.61]
[12.89]
[13.87]
[13.64]
[12.29]
[13.75]
[12.77]
[12.77]
[13.97]
[13.97]
[12.95]
[15.58]
[14.78]
[14.97]
[14.82]
[14.67]
[14.69]
[14.7]
[14.81]
[14.7]
[17.5]
[18.04]
[19.37]
[14.58]
[14.62]
[14.69]
[14.75]
[14.6]
[14.39]
[14.42]
[14.49]
[14.55]
[14.59]
[14.62]
[14.6]
[14.31]
[14.23]
[14.12]
[14.15]
[14.3]
[14.52]
[14.49]
[14.43]
[14.23]
[14.17]
[14.28]
[14.37]
[14.29]
[14.2]
[14.09]
[14.11]
[14.23]
[14.04]
[14.13]
[14.15]
[14.07]
[14.02]
[13.88]
[13.88]
[13.78]
[13.82]
[13.92]
[14.08]
[13.97]
[13.86]
[13.82]
[13.83]
[13.99]
[14.01]
[13.84]
[13.78]
[13.71]
[13.96]
[14.1]
[13.99]
[13.72]
[16.98]
[13.92]
[13.67]
[13.53]
[13.42]
[13.41]
[13.36]
[14.17]
[14.52]
[14.48]
[14.44]
[14.41]
[14.38]
[14.37]
[14.35]
[14.34]
[14.31]
[15.25]
[14.32]
[14.31]
[14.29]
[14.29]
[14.58]
[14.56]
[12.15]
[11.95]
[11.88]
[11.87]
[11.82]
[13.39]
[11.95]
[11.94]
[11.89]
[11.86]
[11.86]
[11.84]
[11.83]
[11.81]
[11.86]
[11.86]
[11.8]
[11.8]
[11.79]
[11.78]
[11.77]
[11.96]
[11.94]
[11.9]
[11.85]
[11.35]
[11.83]
[11.8]
[12.]
[12.06]
[12.03]
[9.66]
[9.6]
[9.59]
[9.63]
[9.74]
[9.73]
[9.68]
[9.68]
[9.7]
[9.68]
[9.68]
[9.67]
[9.67]
[9.73]
[9.77]
[9.75]
[9.77]
[9.77]
[9.77]
[9.74]
[9.74]
[9.73]
[9.72]
[9.75]
[9.75]
[9.79]
[9.77]
[9.77]
[9.78]
[9.77]
[9.09]
[9.09]
[8.91]
[8.69]
[8.69]
[8.66]
[8.69]
[8.7]
[8.7]
[8.66]
[8.67]
[8.77]
[8.78]
[8.78]
[8.77]
[8.78]
[8.77]
[8.74]
[8.74]
[8.77]
[8.77]
[8.77]
[8.76]
[8.77]
[8.76]
[8.77]
[8.77]
[8.76]
[8.76]
[8.77]
[8.71]
[8.26]
[8.23]
[8.06]
[8.02]
[8.01]
[8.04]
[8.06]
[8.04]
[8.05]
[8.06]
[8.05]
[8.05]
[8.07]
[8.07]
[8.06]
[8.04]
[8.08]
[8.07]
[8.07]
[8.03]
[8.1]
[8.09]
[8.1]
[8.11]
[8.1]
[8.11]
[8.12]
[8.11]
[8.11]
[8.13]
[6.13]
[6.11]
[5.91]
[5.29]
[5.35]
[5.29]
[5.31]
[5.3]
[5.3]
[5.3]
[5.31]
[5.3]
[5.27]
[5.29]
[5.29]
[5.29]
[5.3]
[5.3]
[5.34]
[5.31]
[5.31]
[5.32]
[5.32]
[5.31]
[5.33]
[5.32]
[5.32]
[5.31]
[5.33]
[5.32]
[5.34]
[5.34]
[5.89]
[5.74]
[5.51]
[5.5]
[7.49]
[7.16]
[5.55]
[5.56]
[5.48]
[5.43]
[5.41]
[5.42]
[5.48]
[5.44]
[5.44]
[5.44]
[7.99]
[5.37]
[5.4]
[5.41]
[5.38]
[5.38]
[5.39]
[5.38]
[5.38]
[5.43]
[5.4]
[5.41]
[5.42]
[5.41]
[5.41]
[5.41]
[5.41]
[5.42]
[5.44]
[5.44]
[5.45]
[5.47]
[5.47]
[5.4]
[5.42]
[5.44]
[5.46]
[5.47]
[5.46]
[5.46]
[5.47]
[5.47]
[5.42]
[5.48]
[5.49]
[5.48]
[5.46]
[5.46]
[5.5]
[5.51]
[5.48]
[5.46]
[9.04]
[9.13]
[9.13]
[9.16]
[9.17]
[9.17]
[9.19]
[9.21]
[9.24]
[9.24]
[9.22]
[9.2]
[9.27]
[9.28]
[9.28]
[9.29]
[9.32]
[9.33]
[9.33]
[9.34]
[9.36]
[9.37]
[9.38]
[9.41]
[9.41]
[9.41]
[9.41]
[9.42]
[9.83]
[9.49]
[9.52]
[12.18]
[12.29]
[12.29]
[12.33]
[12.37]
[12.42]
[12.45]
[12.39]
[15.27]
[16.55]
[14.11]
[12.06]
[12.15]
[12.22]
[12.2]
[14.89]
[12.24]
[12.29]
[12.3]
[12.82]
[12.19]
[12.16]
[12.29]
[12.32]
[12.3]
[12.41]
[12.47]
[12.46]
[12.66]
[12.65]
[14.68]
[15.59]
[15.66]
[15.62]
[15.61]
[15.62]
[15.55]
[15.55]
[15.53]
[15.48]
[15.58]
[15.63]
[15.67]
[15.73]
[15.76]
[15.69]
[15.74]
[15.74]
[15.7]
[15.75]
[15.81]
[15.74]
[15.69]
[15.67]
[15.67]
[15.69]
[15.71]
[15.78]
[15.82]
[15.85]
[15.84]
[15.82]
[15.81]
[15.68]
[15.65]
[15.45]
[15.76]
[15.72]
[15.72]
[15.72]
[15.86]
[15.62]
[15.55]
[15.84]
[15.47]
[15.85]
[15.91]
[15.89]
[15.6]
[15.96]
[15.99]
[15.84]
[15.77]
[15.99]
[15.57]
[15.56]
[15.78]
[15.69]
[15.67]
[15.63]
[15.75]
[15.5]
[15.92]
[15.96]
[15.99]
[16.2]
[15.99]
[15.99]
[15.96]
[15.93]
[15.94]
[15.96]
[15.89]
[15.75]
[15.57]
[14.85]
[16.98]
[17.18]
[17.15]
[16.64]
[16.94]
[16.89]
[16.85]
[16.85]
[16.82]
[22.09]
[48.14]
[54.09]
[52.25]
[50.82]
[26.21]
[24.32]
[46.38]
[54.6]
[55.32]
[58.59]
[42.22]
[59.61]
[52.27]
[91.07]
[134.99]
[99.13]
[93.08]
[89.49]
[90.15]
[90.7]
[92.91]
[90.54]
[92.41]
[91.17]
[89.85]
[54.37]
[55.31]
[91.98]
[89.63]
[92.51]
[92.65]
[53.92]
[58.15]
[118.86]
[121.02]
[128.01]
[129.11]
[130.04]
[130.07]
[129.96]
[130.52]
[93.73]
[94.19]
[93.43]
[94.32]
[94.03]
[49.04]
[42.92]
[63.69]
[56.03]
[54.7]
[38.34]
[11.79]
[11.72]
[12.96]
[33.11]
[57.23]
[47.44]
[52.93]
[38.46]
[13.38]
[10.84]
[32.12]
[12.86]
[13.04]
[11.96]
[9.06]
[9.09]
[9.87]
[13.99]
[13.87]
[12.77]
[11.54]
[13.62]
[10.08]
[9.89]
[11.66]
[11.41]
[10.97]
[12.27]
[12.58]
[13.52]
[14.11]
[18.19]
[19.12]
[13.6]
[13.55]
[13.48]
[13.43]
[13.64]
[13.07]
[13.76]
[13.75]
[12.85]
[13.71]
[11.22]
[9.92]
[11.7]
[12.05]
[15.5]
[15.5]
[20.41]
[11.86]
[11.21]
[12.16]
[10.03]
[8.58]
[11.93]
[24.96]
[9.81]
[9.12]
[11.89]
[11.97]
[19.72]
[18.14]
[16.04]
[11.71]
[13.74]
[39.18]
[46.43]
[42.22]
[40.7]
[29.17]
[11.6]
[7.7]
[7.77]
[5.18]
[5.21]
[5.24]
[5.27]
[5.28]
[5.29]
[5.31]
[5.33]
[5.34]
[5.35]
[5.36]
[5.37]
[5.38]
[5.39]