0.8864400260612371, 0.8984914571683458, 4.862640328427544, 205.13274367437796[10.360589]
[7.4243155]
[6.148201]
[8.440024]
[7.3519654]
[3.4397094]
[2.6708944]
[2.6802483]
[2.6568346]
[2.6787062]
[2.6457586]
[2.62594]
[2.658854]
[5.2515063]
[5.9302807]
[5.9093294]
[6.0775905]
[7.576302]
[8.844301]
[7.886476]
[6.742571]
[6.5013657]
[6.3835435]
[6.3370347]
[6.268782]
[6.3273673]
[6.3236523]
[6.2669096]
[6.164687]
[6.124546]
[6.114429]
[6.288321]
[6.2707744]
[6.260424]
[6.2785635]
[6.3253074]
[6.2663918]
[6.611894]
[10.6918745]
[7.4704933]
[7.0836153]
[7.4673376]
[7.302648]
[6.974206]
[8.8181715]
[9.222165]
[9.212298]
[9.241001]
[9.3114195]
[9.747315]
[9.703343]
[9.467384]
[9.273224]
[9.338591]
[9.215407]
[9.21885]
[9.235188]
[9.272047]
[9.20638]
[9.21894]
[9.2468195]
[9.257569]
[9.223072]
[9.313758]
[9.342052]
[9.472679]
[9.865368]
[9.80401]
[9.552198]
[9.764535]
[12.524213]
[7.0817337]
[8.562952]
[9.333031]
[35.55155]
[15.104897]
[11.789745]
[11.776347]
[11.754575]
[11.788333]
[11.963406]
[12.03156]
[12.074071]
[12.209749]
[12.218074]
[12.089762]
[12.1152525]
[12.229271]
[12.40636]
[12.321616]
[12.406194]
[12.313881]
[12.768903]
[12.607927]
[12.418677]
[12.606835]
[12.615435]
[12.428594]
[12.328804]
[12.087307]
[12.550105]
[12.889274]
[12.657982]
[13.056043]
[13.06396]
[13.110668]
[20.67593]
[27.45414]
[21.31263]
[41.898655]
[69.31664]
[41.099537]
[73.88741]
[88.98965]
[83.45875]
[84.3106]
[135.20145]
[99.92171]
[63.18868]
[58.203777]
[60.643112]
[58.815926]
[54.085667]
[50.447983]
[51.496834]
[48.400867]
[40.2135]
[47.625973]
[50.347744]
[47.76085]
[48.531254]
[51.880833]
[31.28083]
[27.087105]
[41.837105]
[47.119427]
[43.109066]
[46.215614]
[41.595757]
[21.852234]
[22.94453]
[45.48041]
[48.887344]
[78.678215]
[106.8756]
[141.39545]
[179.51186]
[187.28688]
[213.17088]
[167.53033]
[140.79332]
[139.34174]
[124.48857]
[101.62623]
[85.673584]
[107.14503]
[112.34195]
[115.143234]
[117.33067]
[126.483734]
[107.679535]
[96.848175]
[90.59977]
[90.24827]
[88.38877]
[88.49014]
[93.5312]
[70.04853]
[65.781334]
[72.775024]
[70.867676]
[69.55733]
[67.536736]
[67.22714]
[59.747242]
[57.20213]
[53.651306]
[55.573692]
[42.733433]
[53.588486]
[54.47245]
[48.462784]
[45.90819]
[55.75462]
[50.188454]
[45.316128]
[42.12119]
[43.5751]
[40.30654]
[42.19533]
[45.487938]
[58.63298]
[65.86935]
[58.772087]
[63.467167]
[56.76445]
[57.294483]
[88.713234]
[91.82464]
[87.18668]
[81.62106]
[77.750786]
[78.791084]
[78.09097]
[83.67243]
[92.24698]
[90.2372]
[95.23758]
[96.543564]
[73.355484]
[70.153175]
[73.30377]
[57.312008]
[69.56377]
[51.45813]
[62.72628]
[37.865067]
[26.656105]
[46.533985]
[36.17063]
[34.615963]
[26.816378]
[30.188171]
[21.477894]
[15.154611]
[19.68269]
[26.769424]
[34.85343]
[35.776733]
[39.52901]
[29.067196]
[18.364878]
[41.412254]
[46.624847]
[39.698044]
[37.263504]
[23.791903]
[20.17317]
[19.814854]
[24.33709]
[30.754375]
[37.346035]
[35.546394]
[39.721672]
[18.957619]
[13.935504]
[37.56106]
[36.524494]
[36.706074]
[36.58871]
[34.25977]
[19.50314]
[16.254925]
[27.982786]
[30.72482]
[23.337776]
[29.786707]
[29.531174]
[16.243319]
[10.565669]
[23.705704]
[26.922215]
[25.851753]
[24.370216]
[23.005915]
[18.88571]
[14.472843]
[18.922615]
[21.862722]
[16.523647]
[16.756983]
[36.88941]
[19.537903]
[13.892819]
[24.11781]
[26.88157]
[25.421366]
[24.254417]
[23.161322]
[12.431188]
[7.4220195]
[19.962568]
[20.326157]
[22.388502]
[23.262203]
[21.55379]
[11.397393]
[6.199763]
[5.280543]
[3.8446522]
[3.4446495]
[3.7919474]
[3.9748428]
[3.6377232]
[3.5010402]
[3.3990214]
[3.467048]
[3.4435573]
[3.36946]
[3.2818265]
[3.2324176]
[3.2376242]
[3.2445495]
[3.137774]
[3.1320958]
[3.1026204]
[3.0993075]
[3.0993075]
[3.0993075]
[3.0993075]
[2.9703708]
[5.278572]
[11.701148]
[11.658934]
[13.630364]
[8.780723]
[9.221489]
[10.267108]
[15.025747]
[13.484124]
[11.709255]
[8.068471]
[4.2327094]
[7.3971243]
[8.225855]
[6.8819585]
[7.09142]
[7.700005]
[9.505599]
[9.856749]
[8.350121]
[9.514554]
[17.254877]
[11.440334]
[10.152415]
[6.005737]
[9.680065]
[10.360147]
[10.145269]
[4.0503883]
[2.731532]
[2.7141378]
[3.483196]
[7.300927]
[7.668315]
[7.754833]
[4.720371]
[2.9273715]
[2.7053447]
[2.7126398]
[2.6863246]
[2.6667516]
[4.245262]
[2.9665422]
[2.694817]
[2.723553]
[2.6781418]
[2.6581347]
[2.8496993]
[3.2912788]
[2.9793506]
[2.8589752]
[2.77573]
[2.6490533]
[2.6684387]
[2.683853]
[2.710669]
[2.8597474]
[2.9371676]
[2.9490147]
[2.8440256]
[2.6395082]
[2.7436562]
[2.7288828]
[2.7268386]
[2.7141526]
[5.123988]
[5.6986146]
[11.226235]
[7.130237]
[5.9025545]
[7.364247]
[7.131569]
[6.179735]
[9.626673]
[9.135993]
[7.110368]
[8.8943815]
[9.525426]
[7.3469157]
[6.8872547]
[9.634569]
[10.492462]
[10.438352]
[10.368103]
[15.396255]
[10.123078]
[7.7611685]
[11.461733]
[15.077958]
[18.802568]
[13.0741205]
[10.663106]
[9.86385]
[8.388394]
[8.321693]
[9.343575]
[9.646195]
[10.627931]
[10.82549]
[9.979882]
[9.910882]
[10.883124]
[10.638253]
[10.576092]
[11.246774]
[11.460083]
[10.388647]
[9.73264]
[10.684425]
[11.069717]
[11.1049]
[11.188724]
[10.713402]
[10.040269]
[10.193633]
[10.830558]
[12.087427]
[11.426538]
[10.352446]
[11.522576]
[11.53502]
[10.598135]
[11.359432]
[11.474495]
[10.671568]
[12.606229]
[12.202742]
[12.254252]
[12.204071]
[12.11867]
[12.101359]
[12.028355]
[12.247975]
[12.128573]
[14.0248]
[17.02656]
[16.027218]
[12.265693]
[12.081565]
[12.34796]
[12.201999]
[12.5560255]
[12.26046]
[12.213712]
[12.302023]
[12.258715]
[12.448441]
[12.44768]
[12.467167]
[12.282228]
[12.266724]
[12.066205]
[12.224507]
[12.248849]
[12.465229]
[12.317141]
[12.292361]
[12.169549]
[12.1879225]
[12.049623]
[12.196453]
[12.121064]
[11.861355]
[11.810434]
[11.800468]
[11.905647]
[11.802657]
[11.815679]
[11.903495]
[12.061098]
[12.035294]
[11.647804]
[12.149216]
[11.644798]
[11.588703]
[12.1229925]
[12.008971]
[11.763878]
[11.749439]
[11.724252]
[11.567835]
[11.724311]
[12.307652]
[12.48056]
[12.580744]
[12.51723]
[12.677203]
[13.4157505]
[14.070567]
[15.094836]
[30.48106]
[32.221416]
[36.036564]
[11.63158]
[12.293168]
[11.545365]
[12.811932]
[13.420789]
[13.281468]
[13.283734]
[13.3597145]
[13.046552]
[12.700592]
[12.524855]
[12.490664]
[12.584362]
[12.60352]
[13.162246]
[12.634768]
[12.540849]
[12.4627285]
[12.575654]
[12.002026]
[12.3835335]
[11.035374]
[10.564897]
[10.261291]
[10.784539]
[10.720389]
[11.31721]
[10.733919]
[10.362422]
[10.228355]
[10.238711]
[10.149498]
[10.073053]
[10.2796335]
[10.080408]
[10.117213]
[10.025052]
[10.037794]
[9.979371]
[9.952318]
[9.870849]
[9.88257]
[10.193047]
[11.1463]
[11.816356]
[10.991354]
[10.83157]
[10.429232]
[10.3702135]
[10.1569195]
[10.276031]
[10.33386]
[9.449459]
[8.740487]
[8.1372795]
[8.188433]
[8.205136]
[8.109016]
[8.060163]
[7.910579]
[7.9145617]
[7.770363]
[7.794686]
[7.7457585]
[7.6252384]
[7.7195024]
[7.631379]
[7.696865]
[7.620693]
[7.6211953]
[7.5563345]
[7.524401]
[7.4482155]
[7.4449334]
[7.3662977]
[7.401075]
[7.411012]
[7.4274387]
[7.3577557]
[7.3751597]
[7.442558]
[7.38725]
[7.053354]
[6.8778553]
[6.744196]
[6.4851227]
[6.4850287]
[6.597347]
[6.565885]
[6.497226]
[6.437208]
[6.4052444]
[6.7176113]
[7.7612386]
[8.035349]
[7.2181783]
[7.032691]
[6.823747]
[6.702306]
[6.60967]
[6.5223846]
[6.512849]
[6.5499754]
[6.404948]
[6.424347]
[6.3902135]
[6.2766128]
[6.46903]
[6.7679467]
[6.7077565]
[6.6369963]
[6.817689]
[6.5421352]
[6.072809]
[5.914969]
[5.8058043]
[5.718113]
[5.6651707]
[5.7698684]
[5.756642]
[5.667862]
[5.637483]
[5.7064257]
[5.6359205]
[5.6543207]
[5.671704]
[5.664594]
[5.62364]
[5.6778164]
[5.6306763]
[5.6404905]
[5.5940948]
[5.601504]
[5.642649]
[5.493006]
[5.6342707]
[5.7205906]
[5.6028214]
[5.6355596]
[5.7437816]
[5.787433]
[5.923786]
[5.9171424]
[4.5699086]
[4.2376766]
[3.9070334]
[3.4486475]
[3.3326285]
[3.3444192]
[3.3202207]
[3.226987]
[3.3709004]
[3.3157816]
[3.232561]
[3.2519205]
[3.2273114]
[3.2374117]
[3.1359344]
[3.0704415]
[3.2133985]
[3.0697937]
[3.0500953]
[3.2697]
[3.1942859]
[3.110639]
[3.1401088]
[3.1348386]
[3.1526477]
[3.1522396]
[3.148799]
[3.1464677]
[3.1600027]
[3.0693278]
[3.1139576]
[3.1167786]
[3.4662337]
[3.5001764]
[7.233379]
[4.154568]
[5.036009]
[5.314775]
[3.6602879]
[3.3307946]
[3.2626798]
[3.206264]
[3.4982588]
[3.2468517]
[3.504388]
[3.2643623]
[3.503114]
[3.2677894]
[5.6368475]
[3.9955351]
[3.5221918]
[3.516683]
[3.512166]
[3.5075822]
[3.5029318]
[3.267234]
[3.4665956]
[3.4302504]
[5.7018495]
[3.7092323]
[3.299145]
[3.4486892]
[3.2972534]
[3.3129492]
[3.4412189]
[3.314237]
[3.4561481]
[3.4329638]
[3.3626308]
[3.4561393]
[3.3661788]
[3.3571606]
[3.3403656]
[3.4240623]
[3.3723874]
[3.4489584]
[3.376893]
[3.430265]
[3.4194252]
[3.4216697]
[3.3530562]
[3.4608574]
[3.4330623]
[3.4155765]
[3.4770894]
[3.4225595]
[3.437318]
[3.4996936]
[3.4175406]
[3.4547145]
[6.8782372]
[6.987834]
[7.438293]
[7.0428286]
[7.4319715]
[7.541885]
[7.503323]
[7.476236]
[8.153016]
[7.593062]
[8.120854]
[7.5629807]
[8.088908]
[7.5333323]
[8.059012]
[8.184576]
[7.464806]
[7.390754]
[7.400072]
[7.423955]
[7.4593925]
[7.548063]
[7.5350995]
[7.992307]
[7.6789665]
[8.262343]
[8.050516]
[7.6754494]
[8.514605]
[8.563371]
[8.527042]
[10.244593]
[10.364814]
[10.290866]
[10.762764]
[10.205009]
[10.612]
[11.139004]
[11.114057]
[14.229767]
[15.697343]
[13.660371]
[10.478514]
[10.591238]
[10.576674]
[10.928383]
[13.540457]
[10.613158]
[10.566248]
[10.499796]
[10.792837]
[10.015239]
[9.955417]
[10.423462]
[11.098579]
[11.271619]
[11.378587]
[10.588069]
[10.1786585]
[10.4142275]
[10.24558]
[11.063758]
[11.193862]
[11.078051]
[10.989698]
[10.587397]
[10.550104]
[10.255638]
[10.719564]
[11.599649]
[11.884335]
[21.652594]
[26.814524]
[14.714787]
[14.285791]
[12.796937]
[14.286814]
[14.801162]
[14.930254]
[14.773138]
[14.771261]
[14.501143]
[14.431525]
[14.380347]
[14.108604]
[14.463707]
[15.468026]
[18.345787]
[15.442718]
[15.209475]
[14.860897]
[17.333685]
[16.369753]
[15.954853]
[15.310529]
[14.710835]
[18.37072]
[14.150389]
[15.944207]
[15.695814]
[15.9360695]
[16.741743]
[15.20786]
[15.220958]
[15.938443]
[15.044194]
[15.378953]
[16.185356]
[15.885145]
[15.118414]
[15.284298]
[15.028224]
[14.853466]
[14.734527]
[14.771396]
[15.496456]
[17.84101]
[16.72604]
[15.246495]
[14.531464]
[14.0069065]
[13.774708]
[13.5290985]
[14.046666]
[14.053137]
[14.882132]
[15.943422]
[14.107652]
[13.981261]
[13.961983]
[13.748973]
[14.1981945]
[14.085116]
[15.417759]
[24.975407]
[34.82545]
[21.2815]
[32.599632]
[35.271755]
[21.934334]
[20.83766]
[18.717415]
[3.6224117]
[12.825233]
[15.677182]
[15.0870695]
[18.61832]
[36.76556]
[41.69565]
[48.722984]
[56.19414]
[51.876087]
[47.944298]
[60.271763]
[68.31666]
[65.93507]
[62.820988]
[55.36677]
[74.43992]
[98.18602]
[98.9233]
[115.73553]
[110.31726]
[124.05779]
[108.699066]
[97.07642]
[94.77347]
[96.90459]
[92.351074]
[89.35429]
[86.44309]
[85.40926]
[69.78391]
[70.525154]
[84.33312]
[84.105576]
[85.18364]
[88.84627]
[86.30219]
[92.54014]
[105.11357]
[118.67938]
[135.07205]
[134.8285]
[126.04299]
[127.65636]
[128.86946]
[124.66653]
[100.388664]
[97.782684]
[93.11835]
[93.19663]
[91.65315]
[61.489548]
[51.380272]
[60.050983]
[56.085114]
[52.690777]
[42.25592]
[23.991613]
[19.64092]
[19.710114]
[32.34094]
[45.38523]
[40.716858]
[42.367702]
[34.912735]
[18.519377]
[13.655455]
[28.078787]
[17.591274]
[14.056798]
[13.343393]
[10.903363]
[10.12489]
[10.340441]
[12.950808]
[13.197928]
[12.191296]
[11.130008]
[12.083889]
[10.149285]
[9.6168585]
[10.841104]
[10.772335]
[10.082849]
[10.716951]
[10.953367]
[11.298823]
[11.737419]
[14.1346035]
[14.970418]
[11.49438]
[10.829274]
[11.40913]
[11.720966]
[11.570405]
[10.941046]
[11.1435]
[11.167291]
[10.454314]
[10.922444]
[9.324659]
[8.017109]
[9.232328]
[10.2811165]
[12.618467]
[12.978141]
[16.166128]
[11.947723]
[11.097695]
[11.325501]
[9.633172]
[8.049179]
[9.644754]
[17.86005]
[9.879978]
[7.3616767]
[8.778594]
[9.050082]
[13.660856]
[13.5429945]
[11.978179]
[8.985187]
[9.514131]
[23.101797]
[26.307238]
[25.53635]
[24.747744]
[19.514626]
[12.861962]
[8.210345]
[7.147699]
[5.0673747]
[4.254976]
[4.0404263]
[3.8144307]
[3.3653908]
[3.5305903]
[3.6130521]
[3.7083504]
[3.421845]
[3.4846818]
[3.4886234]
[3.3276944]
[3.3825283][10.25]
[9.45]
[13.02]
[10.69]
[5.31]
[5.25]
[5.26]
[5.31]
[5.31]
[5.3]
[5.29]
[5.3]
[9.25]
[9.31]
[9.28]
[9.29]
[9.27]
[9.26]
[9.25]
[9.26]
[9.26]
[9.27]
[9.25]
[9.25]
[9.32]
[9.28]
[9.26]
[9.22]
[9.21]
[9.23]
[9.23]
[9.06]
[9.24]
[9.25]
[9.24]
[9.29]
[9.55]
[9.28]
[9.27]
[9.27]
[9.25]
[9.24]
[9.28]
[12.21]
[12.29]
[12.32]
[12.27]
[12.3]
[12.29]
[12.25]
[12.25]
[12.25]
[12.29]
[12.3]
[12.3]
[12.31]
[12.36]
[12.34]
[12.35]
[12.36]
[12.37]
[12.39]
[12.39]
[12.4]
[12.36]
[12.39]
[12.4]
[12.41]
[12.52]
[12.25]
[12.25]
[12.03]
[12.31]
[26.75]
[15.2]
[15.05]
[15.12]
[15.03]
[15.09]
[15.17]
[15.22]
[15.41]
[15.4]
[15.43]
[15.24]
[15.14]
[15.08]
[15.29]
[15.3]
[15.23]
[15.22]
[15.17]
[15.21]
[15.24]
[15.21]
[15.26]
[15.09]
[15.03]
[14.94]
[15.09]
[15.28]
[15.3]
[15.52]
[15.38]
[15.46]
[15.26]
[15.55]
[15.54]
[15.27]
[22.36]
[17.87]
[15.85]
[42.75]
[82.22]
[94.05]
[93.25]
[90.97]
[55.68]
[49.63]
[58.09]
[56.67]
[54.59]
[53.59]
[58.05]
[53.08]
[41.74]
[57.88]
[58.89]
[56.17]
[56.45]
[59.98]
[24.57]
[23.68]
[48.95]
[58.59]
[52.66]
[61.65]
[55.39]
[15.63]
[15.57]
[49.45]
[48.02]
[57.5]
[95.04]
[91.35]
[127.12]
[159.08]
[215.85]
[192.9]
[144.63]
[136.75]
[131.02]
[99.64]
[86.83]
[129.19]
[131.03]
[129.73]
[130.49]
[130.52]
[92.3]
[87.76]
[90.33]
[91.84]
[90.24]
[92.4]
[96.82]
[52.74]
[45.22]
[55.96]
[60.38]
[51.61]
[55.5]
[62.81]
[54.04]
[56.12]
[53.08]
[60.33]
[38.11]
[64.66]
[62.07]
[50.21]
[45.53]
[67.12]
[58.52]
[53.52]
[50.52]
[53.77]
[41.06]
[38.17]
[35.45]
[50.08]
[57.71]
[43.73]
[61.41]
[54.5]
[42.43]
[96.98]
[93.31]
[95.73]
[93.08]
[91.61]
[94.94]
[85.74]
[88.4]
[98.74]
[90.94]
[95.37]
[98.5]
[45.13]
[47.61]
[67.66]
[39.1]
[71.69]
[37.29]
[69.59]
[19.53]
[12.7]
[49.99]
[27.12]
[31.05]
[19.21]
[28.46]
[14.31]
[9.94]
[17.83]
[28.86]
[44.83]
[46.46]
[52.06]
[24.01]
[9.42]
[50.97]
[57.23]
[44.2]
[37.8]
[12.15]
[9.41]
[10.47]
[20.43]
[33.31]
[48.25]
[44.01]
[55.45]
[12.7]
[10.36]
[51.64]
[50.92]
[50.38]
[49.93]
[49.1]
[13.79]
[10.13]
[29.22]
[34.2]
[23.2]
[39.35]
[38.77]
[14.08]
[10.2]
[32.49]
[35.58]
[33.86]
[32.24]
[29.9]
[23.23]
[16.87]
[24.9]
[28.37]
[17.49]
[16.74]
[47.53]
[16.06]
[15.03]
[32.65]
[36.66]
[33.79]
[32.62]
[31.6]
[12.79]
[8.68]
[29.3]
[28.48]
[33.01]
[32.79]
[29.71]
[12.11]
[7.79]
[7.39]
[5.3]
[5.33]
[5.36]
[5.41]
[5.44]
[5.46]
[5.48]
[5.51]
[5.52]
[5.54]
[5.55]
[5.56]
[5.57]
[5.58]
[5.41]
[5.59]
[5.59]
[5.59]
[5.59]
[5.59]
[5.59]
[5.52]
[9.82]
[15.53]
[16.95]
[20.82]
[11.7]
[14.18]
[15.4]
[23.39]
[19.41]
[16.47]
[11.42]
[6.71]
[12.54]
[12.67]
[10.63]
[11.37]
[12.05]
[14.44]
[14.47]
[12.32]
[14.46]
[13.82]
[14.57]
[14.58]
[8.47]
[14.78]
[14.81]
[14.47]
[5.31]
[5.31]
[5.29]
[6.65]
[12.03]
[10.97]
[11.68]
[7.09]
[5.32]
[5.32]
[5.33]
[5.32]
[5.32]
[7.66]
[5.32]
[5.32]
[5.32]
[5.29]
[5.21]
[5.09]
[5.1]
[5.1]
[5.1]
[5.11]
[5.11]
[5.1]
[5.12]
[5.22]
[5.48]
[5.49]
[5.27]
[5.12]
[5.13]
[5.12]
[5.12]
[5.11]
[5.16]
[8.76]
[8.76]
[8.94]
[8.95]
[8.95]
[10.8]
[10.34]
[8.93]
[12.82]
[12.41]
[9.78]
[12.71]
[13.05]
[9.78]
[9.61]
[13.47]
[13.71]
[13.82]
[13.8]
[20.11]
[12.1]
[10.21]
[15.44]
[19.36]
[24.22]
[16.35]
[13.82]
[12.91]
[11.05]
[11.21]
[12.63]
[12.73]
[13.93]
[14.]
[12.75]
[12.72]
[14.06]
[13.64]
[13.18]
[14.13]
[14.47]
[12.97]
[12.08]
[13.53]
[13.92]
[14.]
[14.03]
[13.47]
[12.53]
[12.61]
[12.89]
[13.87]
[13.64]
[12.29]
[13.75]
[12.77]
[12.77]
[13.97]
[13.97]
[12.95]
[15.58]
[14.78]
[14.97]
[14.82]
[14.67]
[14.69]
[14.7]
[14.81]
[14.7]
[17.5]
[18.04]
[19.37]
[14.58]
[14.62]
[14.69]
[14.75]
[14.6]
[14.39]
[14.42]
[14.49]
[14.55]
[14.59]
[14.62]
[14.6]
[14.31]
[14.23]
[14.12]
[14.15]
[14.3]
[14.52]
[14.49]
[14.43]
[14.23]
[14.17]
[14.28]
[14.37]
[14.29]
[14.2]
[14.09]
[14.11]
[14.23]
[14.04]
[14.13]
[14.15]
[14.07]
[14.02]
[13.88]
[13.88]
[13.78]
[13.82]
[13.92]
[14.08]
[13.97]
[13.86]
[13.82]
[13.83]
[13.99]
[14.01]
[13.84]
[13.78]
[13.71]
[13.96]
[14.1]
[13.99]
[13.72]
[16.98]
[13.92]
[13.67]
[13.53]
[13.42]
[13.41]
[13.36]
[14.17]
[14.52]
[14.48]
[14.44]
[14.41]
[14.38]
[14.37]
[14.35]
[14.34]
[14.31]
[15.25]
[14.32]
[14.31]
[14.29]
[14.29]
[14.58]
[14.56]
[12.15]
[11.95]
[11.88]
[11.87]
[11.82]
[13.39]
[11.95]
[11.94]
[11.89]
[11.86]
[11.86]
[11.84]
[11.83]
[11.81]
[11.86]
[11.86]
[11.8]
[11.8]
[11.79]
[11.78]
[11.77]
[11.96]
[11.94]
[11.9]
[11.85]
[11.35]
[11.83]
[11.8]
[12.]
[12.06]
[12.03]
[9.66]
[9.6]
[9.59]
[9.63]
[9.74]
[9.73]
[9.68]
[9.68]
[9.7]
[9.68]
[9.68]
[9.67]
[9.67]
[9.73]
[9.77]
[9.75]
[9.77]
[9.77]
[9.77]
[9.74]
[9.74]
[9.73]
[9.72]
[9.75]
[9.75]
[9.79]
[9.77]
[9.77]
[9.78]
[9.77]
[9.09]
[9.09]
[8.91]
[8.69]
[8.69]
[8.66]
[8.69]
[8.7]
[8.7]
[8.66]
[8.67]
[8.77]
[8.78]
[8.78]
[8.77]
[8.78]
[8.77]
[8.74]
[8.74]
[8.77]
[8.77]
[8.77]
[8.76]
[8.77]
[8.76]
[8.77]
[8.77]
[8.76]
[8.76]
[8.77]
[8.71]
[8.26]
[8.23]
[8.06]
[8.02]
[8.01]
[8.04]
[8.06]
[8.04]
[8.05]
[8.06]
[8.05]
[8.05]
[8.07]
[8.07]
[8.06]
[8.04]
[8.08]
[8.07]
[8.07]
[8.03]
[8.1]
[8.09]
[8.1]
[8.11]
[8.1]
[8.11]
[8.12]
[8.11]
[8.11]
[8.13]
[6.13]
[6.11]
[5.91]
[5.29]
[5.35]
[5.29]
[5.31]
[5.3]
[5.3]
[5.3]
[5.31]
[5.3]
[5.27]
[5.29]
[5.29]
[5.29]
[5.3]
[5.3]
[5.34]
[5.31]
[5.31]
[5.32]
[5.32]
[5.31]
[5.33]
[5.32]
[5.32]
[5.31]
[5.33]
[5.32]
[5.34]
[5.34]
[5.89]
[5.74]
[5.51]
[5.5]
[7.49]
[7.16]
[5.55]
[5.56]
[5.48]
[5.43]
[5.41]
[5.42]
[5.48]
[5.44]
[5.44]
[5.44]
[7.99]
[5.37]
[5.4]
[5.41]
[5.38]
[5.38]
[5.39]
[5.38]
[5.38]
[5.43]
[5.4]
[5.41]
[5.42]
[5.41]
[5.41]
[5.41]
[5.41]
[5.42]
[5.44]
[5.44]
[5.45]
[5.47]
[5.47]
[5.4]
[5.42]
[5.44]
[5.46]
[5.47]
[5.46]
[5.46]
[5.47]
[5.47]
[5.42]
[5.48]
[5.49]
[5.48]
[5.46]
[5.46]
[5.5]
[5.51]
[5.48]
[5.46]
[9.04]
[9.13]
[9.13]
[9.16]
[9.17]
[9.17]
[9.19]
[9.21]
[9.24]
[9.24]
[9.22]
[9.2]
[9.27]
[9.28]
[9.28]
[9.29]
[9.32]
[9.33]
[9.33]
[9.34]
[9.36]
[9.37]
[9.38]
[9.41]
[9.41]
[9.41]
[9.41]
[9.42]
[9.83]
[9.49]
[9.52]
[12.18]
[12.29]
[12.29]
[12.33]
[12.37]
[12.42]
[12.45]
[12.39]
[15.27]
[16.55]
[14.11]
[12.06]
[12.15]
[12.22]
[12.2]
[14.89]
[12.24]
[12.29]
[12.3]
[12.82]
[12.19]
[12.16]
[12.29]
[12.32]
[12.3]
[12.41]
[12.47]
[12.46]
[12.66]
[12.65]
[14.68]
[15.59]
[15.66]
[15.62]
[15.61]
[15.62]
[15.55]
[15.55]
[15.53]
[15.48]
[15.58]
[15.63]
[15.67]
[15.73]
[15.76]
[15.69]
[15.74]
[15.74]
[15.7]
[15.75]
[15.81]
[15.74]
[15.69]
[15.67]
[15.67]
[15.69]
[15.71]
[15.78]
[15.82]
[15.85]
[15.84]
[15.82]
[15.81]
[15.68]
[15.65]
[15.45]
[15.76]
[15.72]
[15.72]
[15.72]
[15.86]
[15.62]
[15.55]
[15.84]
[15.47]
[15.85]
[15.91]
[15.89]
[15.6]
[15.96]
[15.99]
[15.84]
[15.77]
[15.99]
[15.57]
[15.56]
[15.78]
[15.69]
[15.67]
[15.63]
[15.75]
[15.5]
[15.92]
[15.96]
[15.99]
[16.2]
[15.99]
[15.99]
[15.96]
[15.93]
[15.94]
[15.96]
[15.89]
[15.75]
[15.57]
[14.85]
[16.98]
[17.18]
[17.15]
[16.64]
[16.94]
[16.89]
[16.85]
[16.85]
[16.82]
[22.09]
[48.14]
[54.09]
[52.25]
[50.82]
[26.21]
[24.32]
[46.38]
[54.6]
[55.32]
[58.59]
[42.22]
[59.61]
[52.27]
[91.07]
[134.99]
[99.13]
[93.08]
[89.49]
[90.15]
[90.7]
[92.91]
[90.54]
[92.41]
[91.17]
[89.85]
[54.37]
[55.31]
[91.98]
[89.63]
[92.51]
[92.65]
[53.92]
[58.15]
[118.86]
[121.02]
[128.01]
[129.11]
[130.04]
[130.07]
[129.96]
[130.52]
[93.73]
[94.19]
[93.43]
[94.32]
[94.03]
[49.04]
[42.92]
[63.69]
[56.03]
[54.7]
[38.34]
[11.79]
[11.72]
[12.96]
[33.11]
[57.23]
[47.44]
[52.93]
[38.46]
[13.38]
[10.84]
[32.12]
[12.86]
[13.04]
[11.96]
[9.06]
[9.09]
[9.87]
[13.99]
[13.87]
[12.77]
[11.54]
[13.62]
[10.08]
[9.89]
[11.66]
[11.41]
[10.97]
[12.27]
[12.58]
[13.52]
[14.11]
[18.19]
[19.12]
[13.6]
[13.55]
[13.48]
[13.43]
[13.64]
[13.07]
[13.76]
[13.75]
[12.85]
[13.71]
[11.22]
[9.92]
[11.7]
[12.05]
[15.5]
[15.5]
[20.41]
[11.86]
[11.21]
[12.16]
[10.03]
[8.58]
[11.93]
[24.96]
[9.81]
[9.12]
[11.89]
[11.97]
[19.72]
[18.14]
[16.04]
[11.71]
[13.74]
[39.18]
[46.43]
[42.22]
[40.7]
[29.17]
[11.6]
[7.7]
[7.77]
[5.18]
[5.21]
[5.24]
[5.27]
[5.28]
[5.29]
[5.31]
[5.33]
[5.34]
[5.35]
[5.36]
[5.37]
[5.38]
[5.39]