0.8862642163900156, 0.8994009708220414, -9.376946234994264, 205.29147201579624[14.067432]
[11.3901415]
[10.379967]
[12.10002]
[11.122592]
[8.175932]
[7.7250896]
[7.814576]
[7.822099]
[7.766451]
[7.762637]
[7.679883]
[7.6942453]
[9.723366]
[10.10951]
[10.069579]
[10.09917]
[10.386585]
[12.004446]
[13.665371]
[12.697098]
[11.284434]
[10.910002]
[10.753261]
[10.669035]
[10.6344185]
[10.628615]
[10.613073]
[10.500722]
[10.419312]
[10.347758]
[10.370598]
[10.515127]
[10.645409]
[10.515151]
[10.542822]
[10.56381]
[10.535646]
[13.932619]
[11.54201]
[10.991689]
[11.617802]
[12.059574]
[11.902049]
[13.066382]
[13.074423]
[12.92269]
[12.922996]
[12.907512]
[13.259883]
[13.681172]
[13.578944]
[13.178061]
[13.081828]
[13.001463]
[12.864163]
[12.87367]
[12.918224]
[12.839871]
[12.780257]
[12.796116]
[12.821246]
[12.747033]
[12.767207]
[12.8314085]
[12.812992]
[13.299063]
[13.726157]
[13.379557]
[13.357265]
[15.70051]
[11.029185]
[12.472604]
[12.9509115]
[37.687977]
[18.230782]
[14.531469]
[14.606975]
[14.52557]
[14.556229]
[14.700782]
[14.7577095]
[14.727074]
[14.770334]
[14.821645]
[14.648755]
[14.694629]
[14.857328]
[15.029549]
[14.906781]
[14.959503]
[14.935644]
[15.474754]
[15.344959]
[15.051237]
[15.132882]
[15.148838]
[14.934676]
[14.845728]
[14.614321]
[14.95134]
[15.602652]
[15.506293]
[15.671677]
[15.901937]
[16.42178]
[22.44042]
[24.135353]
[22.948671]
[33.06572]
[46.342033]
[40.543434]
[67.72766]
[74.83317]
[92.27169]
[100.25196]
[131.852]
[94.01648]
[78.13936]
[62.025127]
[64.02178]
[61.663692]
[57.61936]
[53.7685]
[55.080795]
[51.331676]
[42.532143]
[51.12549]
[53.52207]
[51.354053]
[51.796062]
[54.396873]
[32.463043]
[28.671595]
[43.322273]
[51.380154]
[47.265747]
[51.473804]
[47.552273]
[23.499184]
[23.916866]
[45.670788]
[50.29014]
[73.613884]
[101.70279]
[136.66081]
[153.1274]
[185.33774]
[213.59119]
[178.90913]
[149.82414]
[142.93098]
[133.3788]
[110.85904]
[92.11141]
[114.20541]
[116.8419]
[117.57336]
[119.59607]
[127.715515]
[105.65307]
[98.86976]
[98.77757]
[98.13319]
[92.36506]
[91.36374]
[94.25378]
[71.47283]
[63.837425]
[72.171875]
[74.62974]
[69.669044]
[69.84066]
[73.48577]
[64.00453]
[61.034264]
[57.141632]
[59.52455]
[44.78692]
[57.885498]
[58.567127]
[51.246456]
[47.696316]
[60.028107]
[55.099834]
[49.22716]
[45.831154]
[47.294506]
[41.86792]
[41.85257]
[45.123333]
[61.833366]
[67.38647]
[59.854237]
[67.29067]
[61.367275]
[56.407497]
[97.733894]
[97.41283]
[94.9128]
[88.09118]
[83.8821]
[84.38581]
[80.67724]
[84.35141]
[93.31096]
[90.33288]
[98.12837]
[101.103485]
[70.59551]
[66.99164]
[79.09259]
[60.959118]
[74.88496]
[52.604317]
[67.46949]
[37.576298]
[28.771025]
[48.697426]
[37.208054]
[35.738567]
[28.859032]
[32.012535]
[24.793411]
[20.753859]
[24.075523]
[29.516682]
[38.53896]
[40.101482]
[44.03501]
[30.502645]
[21.872484]
[44.134262]
[51.156418]
[43.22364]
[39.102554]
[25.443914]
[23.80708]
[24.270115]
[28.233528]
[33.56692]
[41.44899]
[39.67979]
[45.027515]
[22.63495]
[18.870363]
[40.717304]
[43.140297]
[42.10803]
[41.475094]
[40.387543]
[22.127243]
[19.732283]
[30.462408]
[33.652973]
[26.476738]
[33.16955]
[33.52532]
[19.721922]
[15.894684]
[26.572227]
[30.153193]
[28.706469]
[27.302044]
[25.407526]
[21.460073]
[17.747244]
[21.548319]
[24.285742]
[19.617365]
[20.211727]
[38.75484]
[23.354532]
[18.850769]
[26.847086]
[30.213411]
[28.290926]
[27.070572]
[25.777584]
[15.85784]
[12.338028]
[22.482613]
[23.102259]
[25.162434]
[25.680714]
[24.146996]
[14.73072]
[11.213049]
[10.835822]
[9.808014]
[9.584009]
[9.718042]
[9.958536]
[10.029351]
[9.741474]
[9.522621]
[9.494337]
[9.475865]
[9.4688015]
[9.329368]
[9.227987]
[9.148408]
[9.1566515]
[9.070738]
[9.071989]
[8.979483]
[8.903517]
[8.903517]
[8.903517]
[8.903517]
[8.8075]
[10.552429]
[14.868405]
[14.685939]
[16.23165]
[12.232583]
[12.83024]
[13.645847]
[17.589859]
[16.20449]
[14.462145]
[11.8063755]
[9.106822]
[11.568976]
[12.052303]
[10.8853245]
[11.092724]
[11.517039]
[12.832714]
[13.101924]
[11.926496]
[12.759872]
[19.550861]
[14.283176]
[13.240281]
[10.128484]
[12.999465]
[13.519172]
[13.1248865]
[8.538989]
[7.8621473]
[7.92197]
[8.587178]
[11.339903]
[11.373304]
[11.410271]
[9.062823]
[7.817588]
[7.747178]
[7.7821107]
[7.7817726]
[7.6989]
[8.919604]
[7.934147]
[7.6404743]
[7.719582]
[7.685564]
[7.655002]
[7.5404124]
[8.018496]
[8.412607]
[8.186695]
[8.057934]
[7.899849]
[7.760962]
[7.7687697]
[7.8268805]
[7.9031043]
[7.8889437]
[7.7785106]
[7.9192576]
[7.8428874]
[7.709444]
[7.771992]
[7.7664633]
[7.7972927]
[9.627803]
[9.948398]
[14.208529]
[10.804975]
[10.044763]
[11.18312]
[10.933451]
[10.089403]
[12.921722]
[12.373579]
[10.693702]
[12.248228]
[12.751545]
[10.868501]
[10.5952015]
[12.952275]
[13.66823]
[13.603803]
[13.485116]
[17.990583]
[13.087747]
[10.967111]
[14.402133]
[17.714245]
[21.247915]
[15.890586]
[13.503109]
[12.792794]
[11.618174]
[11.656709]
[12.478295]
[12.599074]
[13.386435]
[13.520486]
[12.744821]
[12.734482]
[13.63169]
[13.256531]
[13.074984]
[13.899647]
[14.050946]
[12.958069]
[12.3777075]
[13.406201]
[13.706626]
[13.608593]
[13.633886]
[13.176456]
[12.554065]
[12.297776]
[13.249235]
[14.300525]
[14.246674]
[12.542653]
[14.268868]
[13.975933]
[13.661831]
[14.005133]
[13.927521]
[13.10508]
[14.87772]
[14.446503]
[14.39114]
[14.337718]
[14.291804]
[14.275912]
[14.131101]
[14.30466]
[14.238779]
[16.228163]
[19.005413]
[18.249578]
[14.604634]
[13.954961]
[14.205015]
[14.650826]
[14.696999]
[14.288628]
[14.167666]
[14.194272]
[14.354236]
[14.482375]
[14.458636]
[14.420934]
[14.162284]
[13.917733]
[13.889259]
[13.78577]
[13.859126]
[13.91908]
[13.870954]
[13.801029]
[13.714045]
[13.55128]
[13.587091]
[13.650033]
[13.498296]
[13.33717]
[13.23932]
[13.180703]
[13.233207]
[13.123851]
[13.072436]
[13.153654]
[13.257213]
[13.091322]
[12.742042]
[12.945936]
[12.701125]
[12.322613]
[12.597643]
[12.483972]
[12.175188]
[11.940839]
[11.760131]
[11.516146]
[11.591546]
[11.881887]
[12.15808]
[12.443345]
[12.501074]
[12.769943]
[13.485286]
[14.52715]
[17.32843]
[46.43138]
[34.939007]
[65.2386]
[17.791773]
[15.970546]
[14.707402]
[15.985702]
[16.18159]
[16.204704]
[16.434462]
[16.4761]
[16.247414]
[15.768435]
[15.426549]
[15.607161]
[15.57891]
[15.116985]
[15.479793]
[14.993833]
[14.791909]
[14.703126]
[14.507967]
[13.998499]
[15.054352]
[14.038747]
[13.464867]
[13.810789]
[14.415325]
[14.384439]
[15.297123]
[14.323595]
[13.673418]
[13.455848]
[13.395136]
[13.292931]
[13.064341]
[13.315742]
[13.377131]
[13.355837]
[13.212931]
[13.165039]
[13.125203]
[13.05333]
[12.921702]
[12.77985]
[13.4753]
[15.047513]
[15.826848]
[15.185842]
[15.46657]
[14.330473]
[14.476304]
[14.429213]
[14.177218]
[13.704397]
[12.991836]
[13.38367]
[13.191207]
[12.678346]
[12.660888]
[12.48767]
[12.432094]
[12.287582]
[12.248967]
[12.102275]
[11.973868]
[12.045835]
[11.864188]
[11.906595]
[11.828247]
[11.802637]
[11.805704]
[11.7755375]
[11.705266]
[11.6490555]
[11.567051]
[11.527618]
[11.442011]
[11.392112]
[11.39683]
[11.451015]
[11.37123]
[11.268909]
[11.38101]
[11.303882]
[11.011489]
[11.025255]
[10.917699]
[10.692686]
[10.506983]
[10.621977]
[10.802736]
[10.770382]
[10.670344]
[10.406734]
[10.42082]
[10.602354]
[12.056914]
[12.543374]
[11.9897175]
[11.611431]
[11.280016]
[11.075839]
[10.951288]
[10.79685]
[10.861302]
[10.776813]
[10.638993]
[10.69201]
[10.511671]
[10.352005]
[10.700851]
[11.09574]
[10.934606]
[11.089441]
[11.154568]
[10.634541]
[10.328433]
[10.135713]
[10.107853]
[9.9839735]
[10.006685]
[10.114108]
[10.063305]
[9.895349]
[9.935033]
[9.92712]
[9.862384]
[9.870162]
[9.902083]
[9.79971]
[9.827607]
[9.835179]
[9.803311]
[9.739228]
[9.6214]
[9.797413]
[9.727641]
[9.572066]
[9.649831]
[9.756078]
[9.651967]
[9.668469]
[9.647313]
[9.786845]
[9.923709]
[8.777701]
[8.605897]
[8.482614]
[7.947446]
[7.908048]
[7.8001156]
[7.854879]
[7.8494816]
[7.7347617]
[7.847416]
[7.8518343]
[7.784517]
[7.768588]
[7.772744]
[7.829417]
[7.7668467]
[7.656421]
[7.829475]
[7.7325993]
[7.613519]
[7.791864]
[7.7930484]
[7.734059]
[7.730579]
[7.741588]
[7.740765]
[7.739513]
[7.736622]
[7.744681]
[7.7537975]
[7.6745586]
[7.720415]
[7.9722924]
[7.9464164]
[10.928049]
[8.233827]
[9.177245]
[9.340062]
[7.9139476]
[7.714856]
[7.683931]
[7.6331525]
[7.892167]
[7.611378]
[7.8465056]
[7.598407]
[7.8209066]
[7.576681]
[9.490604]
[8.091331]
[7.7559867]
[7.7383833]
[7.721307]
[7.7043424]
[7.687381]
[7.4330654]
[7.6554594]
[7.3808913]
[9.467828]
[7.7792177]
[7.4073696]
[7.6091456]
[7.393253]
[7.378797]
[7.568373]
[7.368069]
[7.5215354]
[7.5049887]
[7.328355]
[7.482257]
[7.3413987]
[7.30527]
[7.31972]
[7.44531]
[7.295454]
[7.4023614]
[7.2750087]
[7.2793903]
[7.3011584]
[7.3741417]
[7.2090983]
[7.2494]
[7.3439865]
[7.2165427]
[7.2236257]
[7.3027124]
[7.193319]
[7.2878265]
[7.2408147]
[7.1236715]
[10.042157]
[9.997326]
[10.3444195]
[9.967619]
[10.301597]
[10.361146]
[10.301427]
[10.262664]
[10.807537]
[10.295333]
[10.742836]
[10.230619]
[10.678023]
[10.165917]
[10.614536]
[10.679077]
[9.989213]
[9.935385]
[9.960095]
[9.963024]
[10.0433655]
[10.032715]
[9.98019]
[10.219405]
[9.995929]
[10.406257]
[10.132402]
[9.926155]
[10.477173]
[10.495]
[10.433435]
[11.851491]
[11.978825]
[11.877302]
[12.172462]
[11.745286]
[11.963408]
[12.328248]
[12.287915]
[14.535919]
[15.009205]
[13.460672]
[11.669108]
[11.535313]
[11.49379]
[11.76323]
[13.4426365]
[11.006861]
[11.026642]
[10.809955]
[10.856569]
[10.073585]
[10.092626]
[10.392158]
[10.847065]
[11.347367]
[11.559478]
[11.136573]
[10.6514845]
[10.555439]
[10.489007]
[11.167189]
[11.354515]
[11.405343]
[11.533284]
[11.20145]
[11.385879]
[11.1112385]
[11.2547035]
[11.807974]
[15.139548]
[39.837452]
[17.175285]
[10.601382]
[16.554535]
[13.041188]
[16.07456]
[15.967753]
[15.366587]
[15.146497]
[14.885902]
[14.610307]
[14.362499]
[14.162822]
[14.03228]
[14.441807]
[16.65713]
[16.210701]
[16.875471]
[16.75073]
[17.107588]
[17.464588]
[18.69256]
[18.407385]
[18.563076]
[17.77528]
[18.079056]
[18.442396]
[17.649122]
[17.5401]
[17.887981]
[18.196623]
[17.466322]
[17.40887]
[17.73698]
[17.050076]
[17.572544]
[18.075468]
[17.822056]
[17.229918]
[17.427618]
[17.330204]
[17.258608]
[17.20606]
[17.222225]
[18.07929]
[19.1992]
[18.869827]
[17.86141]
[17.426758]
[17.080425]
[16.932472]
[16.967707]
[17.45819]
[17.506178]
[18.45719]
[18.815456]
[17.465446]
[17.391287]
[17.301653]
[17.790546]
[17.840542]
[18.204931]
[18.805054]
[23.987507]
[25.385094]
[23.063358]
[27.788877]
[29.21498]
[26.73525]
[25.964203]
[22.797272]
[10.142438]
[18.494003]
[19.638687]
[19.188618]
[21.954746]
[38.814934]
[45.199398]
[50.9164]
[53.85722]
[43.28068]
[40.02586]
[55.94545]
[64.80089]
[64.960495]
[65.91027]
[54.686726]
[70.10766]
[79.44711]
[96.95957]
[125.314445]
[113.676216]
[111.78685]
[104.57961]
[103.933266]
[102.13206]
[101.956276]
[98.080696]
[95.99857]
[91.32731]
[88.14153]
[71.121864]
[71.99748]
[92.63908]
[90.79207]
[88.87044]
[89.62854]
[81.41845]
[82.72991]
[118.937416]
[126.68968]
[134.49718]
[134.71053]
[133.11827]
[131.64537]
[131.23999]
[129.59837]
[103.83421]
[101.01912]
[97.890884]
[98.945206]
[95.77001]
[63.11467]
[52.199547]
[63.600777]
[58.81991]
[55.33097]
[43.45082]
[25.921017]
[23.6907]
[24.086102]
[34.313778]
[49.165665]
[44.318085]
[46.073338]
[37.473885]
[21.974585]
[18.87754]
[30.332178]
[21.69678]
[19.650906]
[19.086039]
[17.275097]
[16.786224]
[16.683369]
[18.419569]
[18.30295]
[17.401794]
[16.493702]
[17.150713]
[15.607469]
[15.25851]
[16.289448]
[16.211163]
[15.674825]
[15.942515]
[15.954597]
[16.13624]
[16.284195]
[17.923897]
[18.412054]
[15.600742]
[15.197086]
[15.685012]
[16.181158]
[16.337353]
[15.75486]
[15.7131]
[15.646982]
[15.083972]
[15.400639]
[14.215019]
[13.348083]
[14.158679]
[14.963307]
[16.917606]
[17.232388]
[19.544374]
[16.293736]
[16.076294]
[16.695856]
[15.480922]
[14.049227]
[15.089259]
[20.934624]
[14.420359]
[12.767402]
[13.88827]
[13.939651]
[17.06851]
[16.760212]
[15.455307]
[13.383556]
[13.824877]
[25.965067]
[31.766026]
[30.52544]
[29.302397]
[22.956215]
[14.819655]
[13.202552]
[13.836782]
[11.760418]
[11.19046]
[10.721742]
[10.440568]
[9.956093]
[9.786507]
[9.807464]
[10.084159]
[9.845679]
[9.769536]
[9.657293]
[9.634347]
[9.521793][10.25]
[9.45]
[13.02]
[10.69]
[5.31]
[5.25]
[5.26]
[5.31]
[5.31]
[5.3]
[5.29]
[5.3]
[9.25]
[9.31]
[9.28]
[9.29]
[9.27]
[9.26]
[9.25]
[9.26]
[9.26]
[9.27]
[9.25]
[9.25]
[9.32]
[9.28]
[9.26]
[9.22]
[9.21]
[9.23]
[9.23]
[9.06]
[9.24]
[9.25]
[9.24]
[9.29]
[9.55]
[9.28]
[9.27]
[9.27]
[9.25]
[9.24]
[9.28]
[12.21]
[12.29]
[12.32]
[12.27]
[12.3]
[12.29]
[12.25]
[12.25]
[12.25]
[12.29]
[12.3]
[12.3]
[12.31]
[12.36]
[12.34]
[12.35]
[12.36]
[12.37]
[12.39]
[12.39]
[12.4]
[12.36]
[12.39]
[12.4]
[12.41]
[12.52]
[12.25]
[12.25]
[12.03]
[12.31]
[26.75]
[15.2]
[15.05]
[15.12]
[15.03]
[15.09]
[15.17]
[15.22]
[15.41]
[15.4]
[15.43]
[15.24]
[15.14]
[15.08]
[15.29]
[15.3]
[15.23]
[15.22]
[15.17]
[15.21]
[15.24]
[15.21]
[15.26]
[15.09]
[15.03]
[14.94]
[15.09]
[15.28]
[15.3]
[15.52]
[15.38]
[15.46]
[15.26]
[15.55]
[15.54]
[15.27]
[22.36]
[17.87]
[15.85]
[42.75]
[82.22]
[94.05]
[93.25]
[90.97]
[55.68]
[49.63]
[58.09]
[56.67]
[54.59]
[53.59]
[58.05]
[53.08]
[41.74]
[57.88]
[58.89]
[56.17]
[56.45]
[59.98]
[24.57]
[23.68]
[48.95]
[58.59]
[52.66]
[61.65]
[55.39]
[15.63]
[15.57]
[49.45]
[48.02]
[57.5]
[95.04]
[91.35]
[127.12]
[159.08]
[215.85]
[192.9]
[144.63]
[136.75]
[131.02]
[99.64]
[86.83]
[129.19]
[131.03]
[129.73]
[130.49]
[130.52]
[92.3]
[87.76]
[90.33]
[91.84]
[90.24]
[92.4]
[96.82]
[52.74]
[45.22]
[55.96]
[60.38]
[51.61]
[55.5]
[62.81]
[54.04]
[56.12]
[53.08]
[60.33]
[38.11]
[64.66]
[62.07]
[50.21]
[45.53]
[67.12]
[58.52]
[53.52]
[50.52]
[53.77]
[41.06]
[38.17]
[35.45]
[50.08]
[57.71]
[43.73]
[61.41]
[54.5]
[42.43]
[96.98]
[93.31]
[95.73]
[93.08]
[91.61]
[94.94]
[85.74]
[88.4]
[98.74]
[90.94]
[95.37]
[98.5]
[45.13]
[47.61]
[67.66]
[39.1]
[71.69]
[37.29]
[69.59]
[19.53]
[12.7]
[49.99]
[27.12]
[31.05]
[19.21]
[28.46]
[14.31]
[9.94]
[17.83]
[28.86]
[44.83]
[46.46]
[52.06]
[24.01]
[9.42]
[50.97]
[57.23]
[44.2]
[37.8]
[12.15]
[9.41]
[10.47]
[20.43]
[33.31]
[48.25]
[44.01]
[55.45]
[12.7]
[10.36]
[51.64]
[50.92]
[50.38]
[49.93]
[49.1]
[13.79]
[10.13]
[29.22]
[34.2]
[23.2]
[39.35]
[38.77]
[14.08]
[10.2]
[32.49]
[35.58]
[33.86]
[32.24]
[29.9]
[23.23]
[16.87]
[24.9]
[28.37]
[17.49]
[16.74]
[47.53]
[16.06]
[15.03]
[32.65]
[36.66]
[33.79]
[32.62]
[31.6]
[12.79]
[8.68]
[29.3]
[28.48]
[33.01]
[32.79]
[29.71]
[12.11]
[7.79]
[7.39]
[5.3]
[5.33]
[5.36]
[5.41]
[5.44]
[5.46]
[5.48]
[5.51]
[5.52]
[5.54]
[5.55]
[5.56]
[5.57]
[5.58]
[5.41]
[5.59]
[5.59]
[5.59]
[5.59]
[5.59]
[5.59]
[5.52]
[9.82]
[15.53]
[16.95]
[20.82]
[11.7]
[14.18]
[15.4]
[23.39]
[19.41]
[16.47]
[11.42]
[6.71]
[12.54]
[12.67]
[10.63]
[11.37]
[12.05]
[14.44]
[14.47]
[12.32]
[14.46]
[13.82]
[14.57]
[14.58]
[8.47]
[14.78]
[14.81]
[14.47]
[5.31]
[5.31]
[5.29]
[6.65]
[12.03]
[10.97]
[11.68]
[7.09]
[5.32]
[5.32]
[5.33]
[5.32]
[5.32]
[7.66]
[5.32]
[5.32]
[5.32]
[5.29]
[5.21]
[5.09]
[5.1]
[5.1]
[5.1]
[5.11]
[5.11]
[5.1]
[5.12]
[5.22]
[5.48]
[5.49]
[5.27]
[5.12]
[5.13]
[5.12]
[5.12]
[5.11]
[5.16]
[8.76]
[8.76]
[8.94]
[8.95]
[8.95]
[10.8]
[10.34]
[8.93]
[12.82]
[12.41]
[9.78]
[12.71]
[13.05]
[9.78]
[9.61]
[13.47]
[13.71]
[13.82]
[13.8]
[20.11]
[12.1]
[10.21]
[15.44]
[19.36]
[24.22]
[16.35]
[13.82]
[12.91]
[11.05]
[11.21]
[12.63]
[12.73]
[13.93]
[14.]
[12.75]
[12.72]
[14.06]
[13.64]
[13.18]
[14.13]
[14.47]
[12.97]
[12.08]
[13.53]
[13.92]
[14.]
[14.03]
[13.47]
[12.53]
[12.61]
[12.89]
[13.87]
[13.64]
[12.29]
[13.75]
[12.77]
[12.77]
[13.97]
[13.97]
[12.95]
[15.58]
[14.78]
[14.97]
[14.82]
[14.67]
[14.69]
[14.7]
[14.81]
[14.7]
[17.5]
[18.04]
[19.37]
[14.58]
[14.62]
[14.69]
[14.75]
[14.6]
[14.39]
[14.42]
[14.49]
[14.55]
[14.59]
[14.62]
[14.6]
[14.31]
[14.23]
[14.12]
[14.15]
[14.3]
[14.52]
[14.49]
[14.43]
[14.23]
[14.17]
[14.28]
[14.37]
[14.29]
[14.2]
[14.09]
[14.11]
[14.23]
[14.04]
[14.13]
[14.15]
[14.07]
[14.02]
[13.88]
[13.88]
[13.78]
[13.82]
[13.92]
[14.08]
[13.97]
[13.86]
[13.82]
[13.83]
[13.99]
[14.01]
[13.84]
[13.78]
[13.71]
[13.96]
[14.1]
[13.99]
[13.72]
[16.98]
[13.92]
[13.67]
[13.53]
[13.42]
[13.41]
[13.36]
[14.17]
[14.52]
[14.48]
[14.44]
[14.41]
[14.38]
[14.37]
[14.35]
[14.34]
[14.31]
[15.25]
[14.32]
[14.31]
[14.29]
[14.29]
[14.58]
[14.56]
[12.15]
[11.95]
[11.88]
[11.87]
[11.82]
[13.39]
[11.95]
[11.94]
[11.89]
[11.86]
[11.86]
[11.84]
[11.83]
[11.81]
[11.86]
[11.86]
[11.8]
[11.8]
[11.79]
[11.78]
[11.77]
[11.96]
[11.94]
[11.9]
[11.85]
[11.35]
[11.83]
[11.8]
[12.]
[12.06]
[12.03]
[9.66]
[9.6]
[9.59]
[9.63]
[9.74]
[9.73]
[9.68]
[9.68]
[9.7]
[9.68]
[9.68]
[9.67]
[9.67]
[9.73]
[9.77]
[9.75]
[9.77]
[9.77]
[9.77]
[9.74]
[9.74]
[9.73]
[9.72]
[9.75]
[9.75]
[9.79]
[9.77]
[9.77]
[9.78]
[9.77]
[9.09]
[9.09]
[8.91]
[8.69]
[8.69]
[8.66]
[8.69]
[8.7]
[8.7]
[8.66]
[8.67]
[8.77]
[8.78]
[8.78]
[8.77]
[8.78]
[8.77]
[8.74]
[8.74]
[8.77]
[8.77]
[8.77]
[8.76]
[8.77]
[8.76]
[8.77]
[8.77]
[8.76]
[8.76]
[8.77]
[8.71]
[8.26]
[8.23]
[8.06]
[8.02]
[8.01]
[8.04]
[8.06]
[8.04]
[8.05]
[8.06]
[8.05]
[8.05]
[8.07]
[8.07]
[8.06]
[8.04]
[8.08]
[8.07]
[8.07]
[8.03]
[8.1]
[8.09]
[8.1]
[8.11]
[8.1]
[8.11]
[8.12]
[8.11]
[8.11]
[8.13]
[6.13]
[6.11]
[5.91]
[5.29]
[5.35]
[5.29]
[5.31]
[5.3]
[5.3]
[5.3]
[5.31]
[5.3]
[5.27]
[5.29]
[5.29]
[5.29]
[5.3]
[5.3]
[5.34]
[5.31]
[5.31]
[5.32]
[5.32]
[5.31]
[5.33]
[5.32]
[5.32]
[5.31]
[5.33]
[5.32]
[5.34]
[5.34]
[5.89]
[5.74]
[5.51]
[5.5]
[7.49]
[7.16]
[5.55]
[5.56]
[5.48]
[5.43]
[5.41]
[5.42]
[5.48]
[5.44]
[5.44]
[5.44]
[7.99]
[5.37]
[5.4]
[5.41]
[5.38]
[5.38]
[5.39]
[5.38]
[5.38]
[5.43]
[5.4]
[5.41]
[5.42]
[5.41]
[5.41]
[5.41]
[5.41]
[5.42]
[5.44]
[5.44]
[5.45]
[5.47]
[5.47]
[5.4]
[5.42]
[5.44]
[5.46]
[5.47]
[5.46]
[5.46]
[5.47]
[5.47]
[5.42]
[5.48]
[5.49]
[5.48]
[5.46]
[5.46]
[5.5]
[5.51]
[5.48]
[5.46]
[9.04]
[9.13]
[9.13]
[9.16]
[9.17]
[9.17]
[9.19]
[9.21]
[9.24]
[9.24]
[9.22]
[9.2]
[9.27]
[9.28]
[9.28]
[9.29]
[9.32]
[9.33]
[9.33]
[9.34]
[9.36]
[9.37]
[9.38]
[9.41]
[9.41]
[9.41]
[9.41]
[9.42]
[9.83]
[9.49]
[9.52]
[12.18]
[12.29]
[12.29]
[12.33]
[12.37]
[12.42]
[12.45]
[12.39]
[15.27]
[16.55]
[14.11]
[12.06]
[12.15]
[12.22]
[12.2]
[14.89]
[12.24]
[12.29]
[12.3]
[12.82]
[12.19]
[12.16]
[12.29]
[12.32]
[12.3]
[12.41]
[12.47]
[12.46]
[12.66]
[12.65]
[14.68]
[15.59]
[15.66]
[15.62]
[15.61]
[15.62]
[15.55]
[15.55]
[15.53]
[15.48]
[15.58]
[15.63]
[15.67]
[15.73]
[15.76]
[15.69]
[15.74]
[15.74]
[15.7]
[15.75]
[15.81]
[15.74]
[15.69]
[15.67]
[15.67]
[15.69]
[15.71]
[15.78]
[15.82]
[15.85]
[15.84]
[15.82]
[15.81]
[15.68]
[15.65]
[15.45]
[15.76]
[15.72]
[15.72]
[15.72]
[15.86]
[15.62]
[15.55]
[15.84]
[15.47]
[15.85]
[15.91]
[15.89]
[15.6]
[15.96]
[15.99]
[15.84]
[15.77]
[15.99]
[15.57]
[15.56]
[15.78]
[15.69]
[15.67]
[15.63]
[15.75]
[15.5]
[15.92]
[15.96]
[15.99]
[16.2]
[15.99]
[15.99]
[15.96]
[15.93]
[15.94]
[15.96]
[15.89]
[15.75]
[15.57]
[14.85]
[16.98]
[17.18]
[17.15]
[16.64]
[16.94]
[16.89]
[16.85]
[16.85]
[16.82]
[22.09]
[48.14]
[54.09]
[52.25]
[50.82]
[26.21]
[24.32]
[46.38]
[54.6]
[55.32]
[58.59]
[42.22]
[59.61]
[52.27]
[91.07]
[134.99]
[99.13]
[93.08]
[89.49]
[90.15]
[90.7]
[92.91]
[90.54]
[92.41]
[91.17]
[89.85]
[54.37]
[55.31]
[91.98]
[89.63]
[92.51]
[92.65]
[53.92]
[58.15]
[118.86]
[121.02]
[128.01]
[129.11]
[130.04]
[130.07]
[129.96]
[130.52]
[93.73]
[94.19]
[93.43]
[94.32]
[94.03]
[49.04]
[42.92]
[63.69]
[56.03]
[54.7]
[38.34]
[11.79]
[11.72]
[12.96]
[33.11]
[57.23]
[47.44]
[52.93]
[38.46]
[13.38]
[10.84]
[32.12]
[12.86]
[13.04]
[11.96]
[9.06]
[9.09]
[9.87]
[13.99]
[13.87]
[12.77]
[11.54]
[13.62]
[10.08]
[9.89]
[11.66]
[11.41]
[10.97]
[12.27]
[12.58]
[13.52]
[14.11]
[18.19]
[19.12]
[13.6]
[13.55]
[13.48]
[13.43]
[13.64]
[13.07]
[13.76]
[13.75]
[12.85]
[13.71]
[11.22]
[9.92]
[11.7]
[12.05]
[15.5]
[15.5]
[20.41]
[11.86]
[11.21]
[12.16]
[10.03]
[8.58]
[11.93]
[24.96]
[9.81]
[9.12]
[11.89]
[11.97]
[19.72]
[18.14]
[16.04]
[11.71]
[13.74]
[39.18]
[46.43]
[42.22]
[40.7]
[29.17]
[11.6]
[7.7]
[7.77]
[5.18]
[5.21]
[5.24]
[5.27]
[5.28]
[5.29]
[5.31]
[5.33]
[5.34]
[5.35]
[5.36]
[5.37]
[5.38]
[5.39]