0.8783834397560542, 0.8973586620617275, -7.336827845970652, 212.284705009663[12.22393]
[9.873538]
[8.558036]
[10.302523]
[9.639751]
[6.393988]
[5.7319484]
[5.6338096]
[5.6542826]
[5.6424103]
[5.509605]
[5.5993156]
[5.4837227]
[7.6559567]
[8.1740465]
[8.2858515]
[8.565071]
[10.801761]
[12.223852]
[10.862073]
[10.034353]
[9.277164]
[9.135627]
[8.9347315]
[8.897757]
[8.917319]
[8.906512]
[8.755904]
[8.684889]
[8.518188]
[8.6258745]
[8.899877]
[8.749]
[8.737955]
[8.835607]
[8.723563]
[8.631077]
[9.491838]
[12.498441]
[10.435194]
[10.156109]
[10.527979]
[10.310286]
[9.886506]
[11.288275]
[11.587844]
[11.678474]
[11.535219]
[12.16293]
[12.444708]
[12.324564]
[11.895221]
[11.860122]
[11.601511]
[11.577072]
[11.524527]
[11.534324]
[11.463047]
[11.430224]
[11.412168]
[11.431294]
[11.333031]
[11.433233]
[11.446917]
[11.59004]
[12.132223]
[12.328133]
[12.04681]
[12.1460705]
[11.970906]
[14.563475]
[9.771103]
[10.675]
[11.549085]
[40.18555]
[18.000164]
[13.475241]
[13.548873]
[13.491817]
[13.626801]
[13.741735]
[13.702021]
[13.909815]
[13.941605]
[13.956794]
[13.956079]
[14.000061]
[14.025676]
[14.120215]
[14.262069]
[14.267973]
[14.574124]
[14.436169]
[14.424185]
[14.421954]
[14.354027]
[14.383723]
[14.233944]
[14.105796]
[14.248959]
[14.4773655]
[14.740637]
[14.968724]
[15.23555]
[15.384646]
[15.847537]
[18.091867]
[19.198631]
[21.243137]
[35.69176]
[55.47113]
[28.647755]
[74.18561]
[74.034706]
[81.25774]
[96.08599]
[138.03903]
[93.28691]
[74.7029]
[65.33733]
[67.52358]
[65.4017]
[60.478504]
[56.531044]
[57.590103]
[54.28935]
[45.671055]
[53.434834]
[56.181953]
[53.352966]
[54.267445]
[57.457832]
[36.62908]
[32.520107]
[47.241756]
[52.669598]
[48.763344]
[52.452717]
[48.074394]
[27.711273]
[27.560993]
[49.32942]
[53.897503]
[82.05623]
[105.00461]
[144.02715]
[160.01012]
[173.55217]
[201.89436]
[164.84068]
[145.15234]
[145.84941]
[130.2904]
[108.90924]
[92.80525]
[114.56752]
[121.62228]
[123.76819]
[125.75567]
[134.16501]
[115.10793]
[103.03948]
[96.324425]
[96.50066]
[93.96302]
[93.39854]
[97.51849]
[77.92253]
[71.57497]
[79.62267]
[78.2882]
[76.3691]
[74.48569]
[74.94977]
[67.20228]
[64.30207]
[60.531578]
[62.35611]
[48.92837]
[60.187584]
[61.085636]
[54.85675]
[52.177635]
[62.10943]
[56.736923]
[51.199413]
[47.766403]
[49.30429]
[46.08693]
[48.254444]
[51.92197]
[67.94913]
[72.62867]
[65.53891]
[70.6245]
[63.865448]
[62.871082]
[99.14087]
[98.06753]
[94.76427]
[89.57388]
[86.01572]
[87.16028]
[85.071594]
[89.26951]
[96.450714]
[94.30749]
[102.20868]
[103.713264]
[78.55346]
[75.17788]
[80.68714]
[64.73337]
[76.423386]
[58.10932]
[69.37768]
[44.181057]
[32.275803]
[52.755363]
[42.49108]
[40.10447]
[32.677376]
[35.26533]
[27.744045]
[21.998608]
[25.595114]
[31.795166]
[40.88267]
[41.82427]
[45.906002]
[35.51712]
[24.56547]
[47.752327]
[53.081085]
[45.761383]
[43.443554]
[29.889923]
[26.982725]
[25.908073]
[29.660849]
[36.382072]
[43.550045]
[41.65836]
[46.446922]
[26.46465]
[20.642063]
[42.917778]
[43.480953]
[43.439034]
[43.021255]
[40.91312]
[26.499592]
[22.045923]
[31.970411]
[36.81598]
[29.2117]
[35.586945]
[35.12404]
[21.587399]
[15.995234]
[27.385506]
[31.954922]
[30.503319]
[28.803375]
[27.063284]
[22.501688]
[18.197206]
[22.126772]
[25.691797]
[21.366001]
[22.563086]
[42.107994]
[25.9145]
[19.131786]
[27.730816]
[31.444088]
[29.69605]
[28.320572]
[26.956825]
[16.4589]
[11.378972]
[21.861897]
[23.74317]
[25.710897]
[26.677979]
[24.926228]
[14.742426]
[9.968383]
[9.173857]
[8.115121]
[7.619959]
[8.278153]
[8.258839]
[7.9712033]
[7.823641]
[7.5198255]
[7.7045016]
[7.5176697]
[7.530622]
[7.2705913]
[7.2212896]
[7.1773305]
[7.187523]
[7.0778637]
[6.946042]
[6.909757]
[6.862498]
[6.862498]
[6.862498]
[6.862498]
[6.601006]
[8.083886]
[13.029209]
[13.376375]
[15.175777]
[11.098062]
[11.129106]
[11.978965]
[16.488285]
[15.535167]
[13.478397]
[10.389491]
[7.426243]
[9.448504]
[10.350381]
[9.281289]
[9.331493]
[9.923043]
[11.399122]
[11.654248]
[10.460705]
[11.302595]
[19.153883]
[13.882944]
[11.930534]
[8.7512]
[11.216322]
[12.219921]
[12.101452]
[7.0949984]
[5.8213563]
[5.8325996]
[6.2841635]
[9.324649]
[9.69574]
[9.777546]
[7.394845]
[5.861511]
[5.639538]
[5.6565504]
[5.5304294]
[5.61943]
[6.7552648]
[5.843281]
[5.600626]
[5.509894]
[5.6009207]
[5.430312]
[6.1830215]
[6.2420473]
[6.1353292]
[6.0514326]
[5.760232]
[5.6996837]
[5.644969]
[5.6546264]
[5.600919]
[5.757395]
[5.7840595]
[6.010195]
[5.613029]
[5.6861906]
[5.6364937]
[5.655343]
[5.648916]
[5.562225]
[7.531766]
[7.9679704]
[12.812883]
[9.374879]
[8.24906]
[9.192092]
[9.284025]
[8.330919]
[11.120701]
[10.966075]
[9.252191]
[10.524565]
[11.292128]
[9.530998]
[9.026971]
[11.50405]
[12.126764]
[12.214193]
[11.995695]
[17.57206]
[12.476076]
[9.897779]
[12.758831]
[17.28696]
[21.590076]
[16.355078]
[12.7209635]
[11.700008]
[10.356947]
[10.163864]
[11.148365]
[11.534387]
[12.365789]
[12.692568]
[11.925445]
[11.713636]
[12.611055]
[12.698746]
[12.33532]
[12.950561]
[13.4029455]
[12.404272]
[11.528716]
[12.41373]
[12.991526]
[13.097162]
[13.130398]
[12.774262]
[11.997025]
[11.933965]
[12.212232]
[13.14414]
[13.311941]
[12.139841]
[12.873066]
[12.612819]
[12.516358]
[13.219556]
[13.381566]
[12.595273]
[14.374368]
[14.361284]
[14.300582]
[14.25668]
[14.170291]
[14.212347]
[14.216775]
[14.348715]
[14.361526]
[16.704443]
[20.19359]
[19.287804]
[15.7122135]
[14.382602]
[14.477212]
[14.283211]
[14.285433]
[14.400406]
[14.432373]
[14.454578]
[14.292712]
[14.129964]
[13.951792]
[13.731214]
[13.3195305]
[13.005241]
[12.798791]
[12.77965]
[12.871459]
[13.040331]
[13.042599]
[13.021068]
[12.934783]
[12.828687]
[12.885741]
[13.029615]
[12.957238]
[12.85921]
[12.801971]
[12.826696]
[12.970735]
[12.876619]
[12.943909]
[13.052271]
[13.069629]
[13.002019]
[12.87366]
[12.928583]
[12.8554125]
[12.843484]
[13.063383]
[13.100541]
[12.699408]
[12.5015]
[12.309086]
[12.109531]
[11.841682]
[12.118595]
[12.170561]
[12.07986]
[12.169153]
[12.321006]
[12.785335]
[13.256792]
[14.688672]
[53.353558]
[50.002415]
[14.815207]
[9.943399]
[11.640639]
[12.875348]
[13.378571]
[13.468596]
[13.530283]
[13.456191]
[13.469179]
[13.572969]
[13.710183]
[13.773003]
[13.675664]
[13.693087]
[13.790499]
[14.542047]
[13.965938]
[13.769482]
[13.762978]
[13.782631]
[13.314759]
[13.746916]
[12.083378]
[11.55891]
[11.509032]
[11.487029]
[11.663445]
[13.0053]
[12.27582]
[12.043454]
[11.981454]
[11.90135]
[11.879581]
[11.88574]
[11.869608]
[11.917361]
[11.875795]
[11.866808]
[11.77298]
[11.7392645]
[11.686032]
[11.673714]
[11.729638]
[12.175192]
[12.724101]
[13.25239]
[13.293895]
[13.60568]
[13.206042]
[12.823851]
[12.920085]
[12.851387]
[13.276121]
[12.054797]
[11.430404]
[11.280346]
[11.08574]
[11.000764]
[10.982404]
[10.773492]
[10.73742]
[10.559544]
[10.517765]
[10.477864]
[10.3154955]
[10.356561]
[10.207459]
[10.316044]
[10.203215]
[10.215591]
[10.112409]
[10.0935545]
[9.955959]
[9.923749]
[9.809897]
[9.771813]
[9.76968]
[9.775464]
[9.7149105]
[9.682583]
[9.738291]
[9.684142]
[9.849801]
[9.39746]
[9.314764]
[9.090677]
[8.881531]
[8.977563]
[8.996258]
[8.978545]
[8.881541]
[8.755617]
[8.932054]
[9.314072]
[10.638324]
[10.574146]
[10.480382]
[9.993961]
[9.66493]
[9.447205]
[9.256036]
[9.1048355]
[9.169905]
[8.987078]
[8.95833]
[8.905083]
[8.718826]
[8.756547]
[9.114731]
[9.343018]
[9.271619]
[9.530774]
[9.382668]
[9.16927]
[8.650885]
[8.472624]
[8.315817]
[8.160719]
[8.210986]
[8.23252]
[8.180695]
[8.056674]
[8.098914]
[8.013221]
[8.011833]
[7.988514]
[7.9978495]
[7.9105377]
[7.9749975]
[7.8736286]
[7.8925567]
[7.7841973]
[7.7689257]
[7.8042183]
[7.705311]
[7.693722]
[7.7346435]
[7.7641077]
[7.7119904]
[7.7729306]
[7.7826395]
[7.9495335]
[7.988532]
[8.04495]
[6.867639]
[6.46185]
[6.246763]
[5.84256]
[5.690352]
[5.7235756]
[5.6547494]
[5.6600823]
[5.6975646]
[5.647005]
[5.662542]
[5.633264]
[5.613443]
[5.6200166]
[5.5652075]
[5.5507536]
[5.5933456]
[5.4919724]
[5.5703564]
[5.5911813]
[5.5664306]
[5.578747]
[5.5591807]
[5.5543385]
[5.5677123]
[5.5659876]
[5.5633173]
[5.560114]
[5.569877]
[5.521615]
[5.5707507]
[5.5174503]
[5.8773527]
[5.8614306]
[9.052583]
[6.6109557]
[7.11494]
[7.5500236]
[6.083352]
[5.7039566]
[5.6722455]
[5.627062]
[5.8819585]
[5.6906214]
[5.863167]
[5.702714]
[5.8600354]
[5.704347]
[7.669477]
[6.4279423]
[5.9093475]
[5.903858]
[5.8989835]
[5.8941875]
[5.889347]
[5.669358]
[5.81868]
[5.74786]
[7.642414]
[6.24106]
[5.6474204]
[5.824465]
[5.711563]
[5.653708]
[5.8162713]
[5.72204]
[5.797928]
[5.8476896]
[5.727565]
[5.7937994]
[5.759988]
[5.6759505]
[5.6958275]
[5.793706]
[5.759342]
[5.780091]
[5.762487]
[5.7251563]
[5.7515655]
[5.788127]
[5.7385874]
[5.7434254]
[5.792729]
[5.786305]
[5.7517104]
[5.783879]
[5.799512]
[5.8051057]
[5.820011]
[5.77187]
[8.787311]
[9.163215]
[9.505809]
[9.191951]
[9.50496]
[9.6637125]
[9.622007]
[9.602655]
[10.239108]
[9.759454]
[10.217905]
[9.738609]
[10.196721]
[9.717942]
[10.177296]
[10.3460865]
[9.650183]
[9.480446]
[9.521458]
[9.48964]
[9.356091]
[9.212353]
[9.049438]
[9.19319]
[8.803711]
[9.054615]
[8.739721]
[8.435348]
[9.047807]
[9.160909]
[9.127296]
[10.734781]
[11.120777]
[11.073681]
[11.5934105]
[11.126256]
[11.501241]
[12.180401]
[12.280801]
[14.673397]
[15.824881]
[14.204808]
[11.823825]
[11.868377]
[11.981575]
[12.341172]
[13.941075]
[11.72186]
[11.558977]
[11.3349695]
[11.362812]
[10.627158]
[10.444921]
[10.427082]
[10.546275]
[10.591099]
[10.925406]
[10.910266]
[10.318426]
[10.513696]
[10.418636]
[11.136859]
[11.328267]
[11.538033]
[11.778834]
[11.580495]
[11.8172035]
[11.676816]
[11.745186]
[12.329111]
[11.975933]
[33.67335]
[17.51644]
[14.358882]
[15.105535]
[12.456686]
[14.275351]
[15.07415]
[15.068462]
[14.972614]
[14.7117815]
[14.346284]
[14.155408]
[14.09722]
[13.898819]
[14.394479]
[14.556591]
[15.284468]
[15.325952]
[15.578621]
[15.608903]
[15.340438]
[15.231046]
[15.454699]
[15.520313]
[16.798676]
[15.396969]
[12.904368]
[15.0154915]
[16.112116]
[17.522408]
[17.354582]
[16.031996]
[16.829533]
[16.903019]
[16.5395]
[16.940792]
[16.955471]
[16.66339]
[16.123833]
[16.142857]
[16.065681]
[15.817907]
[15.605832]
[15.602034]
[15.9880905]
[16.506786]
[16.029331]
[15.170473]
[14.926472]
[14.963925]
[15.091867]
[14.8589115]
[15.122421]
[15.329602]
[15.237384]
[15.609189]
[15.871173]
[15.745119]
[15.701418]
[15.688445]
[15.748416]
[15.969024]
[16.030714]
[20.877592]
[22.497545]
[17.297216]
[26.486942]
[24.663372]
[23.778488]
[24.668608]
[22.262737]
[8.654608]
[16.214745]
[19.168627]
[18.510078]
[21.920094]
[39.642097]
[45.92226]
[50.57514]
[57.61476]
[48.27368]
[38.52335]
[60.094234]
[69.58001]
[68.48356]
[68.39767]
[59.282124]
[76.3661]
[92.856636]
[92.565216]
[120.393845]
[117.96833]
[122.50565]
[104.18809]
[104.027794]
[102.10581]
[102.837]
[98.514336]
[95.70726]
[92.328896]
[90.77295]
[77.25406]
[77.67115]
[90.825935]
[90.99743]
[91.17164]
[93.62345]
[91.16224]
[91.442215]
[109.67878]
[124.52299]
[140.97287]
[136.00282]
[130.1929]
[132.07877]
[135.40567]
[130.10419]
[105.497284]
[105.18497]
[100.20809]
[98.7805]
[97.21357]
[67.67174]
[57.69679]
[66.28348]
[62.104073]
[58.516453]
[47.76912]
[30.198805]
[25.646557]
[25.425694]
[36.913136]
[51.15759]
[46.250813]
[47.981285]
[40.18511]
[24.926884]
[20.099344]
[32.330513]
[24.033358]
[20.218763]
[19.92968]
[17.464308]
[16.663397]
[16.491293]
[18.46498]
[18.473577]
[17.406878]
[16.415003]
[16.860722]
[15.554097]
[14.920146]
[16.08749]
[15.89175]
[15.132576]
[15.490898]
[15.473041]
[15.524263]
[15.893354]
[17.460476]
[18.297737]
[15.17766]
[14.6073265]
[15.576112]
[15.946811]
[15.771323]
[15.163148]
[15.063398]
[15.056314]
[14.329842]
[14.774735]
[13.342306]
[12.310454]
[13.357859]
[14.627753]
[16.45568]
[17.031017]
[19.810888]
[16.75655]
[16.31941]
[16.259838]
[15.009782]
[13.243215]
[14.129281]
[20.642944]
[14.186455]
[11.710778]
[12.551702]
[12.842173]
[16.01805]
[16.335304]
[14.670194]
[12.380256]
[12.397757]
[25.677645]
[30.79822]
[29.914694]
[28.613546]
[22.707308]
[17.049606]
[12.302175]
[12.851586]
[10.348448]
[9.571992]
[9.097197]
[8.738168]
[7.83221]
[8.344844]
[8.110033]
[8.566219]
[7.814165]
[8.18689]
[7.8594813]
[7.7098722]
[7.8042445][10.25]
[9.45]
[13.02]
[10.69]
[5.31]
[5.25]
[5.26]
[5.31]
[5.31]
[5.3]
[5.29]
[5.3]
[9.25]
[9.31]
[9.28]
[9.29]
[9.27]
[9.26]
[9.25]
[9.26]
[9.26]
[9.27]
[9.25]
[9.25]
[9.32]
[9.28]
[9.26]
[9.22]
[9.21]
[9.23]
[9.23]
[9.06]
[9.24]
[9.25]
[9.24]
[9.29]
[9.55]
[9.28]
[9.27]
[9.27]
[9.25]
[9.24]
[9.28]
[12.21]
[12.29]
[12.32]
[12.27]
[12.3]
[12.29]
[12.25]
[12.25]
[12.25]
[12.29]
[12.3]
[12.3]
[12.31]
[12.36]
[12.34]
[12.35]
[12.36]
[12.37]
[12.39]
[12.39]
[12.4]
[12.36]
[12.39]
[12.4]
[12.41]
[12.52]
[12.25]
[12.25]
[12.03]
[12.31]
[26.75]
[15.2]
[15.05]
[15.12]
[15.03]
[15.09]
[15.17]
[15.22]
[15.41]
[15.4]
[15.43]
[15.24]
[15.14]
[15.08]
[15.29]
[15.3]
[15.23]
[15.22]
[15.17]
[15.21]
[15.24]
[15.21]
[15.26]
[15.09]
[15.03]
[14.94]
[15.09]
[15.28]
[15.3]
[15.52]
[15.38]
[15.46]
[15.26]
[15.55]
[15.54]
[15.27]
[22.36]
[17.87]
[15.85]
[42.75]
[82.22]
[94.05]
[93.25]
[90.97]
[55.68]
[49.63]
[58.09]
[56.67]
[54.59]
[53.59]
[58.05]
[53.08]
[41.74]
[57.88]
[58.89]
[56.17]
[56.45]
[59.98]
[24.57]
[23.68]
[48.95]
[58.59]
[52.66]
[61.65]
[55.39]
[15.63]
[15.57]
[49.45]
[48.02]
[57.5]
[95.04]
[91.35]
[127.12]
[159.08]
[215.85]
[192.9]
[144.63]
[136.75]
[131.02]
[99.64]
[86.83]
[129.19]
[131.03]
[129.73]
[130.49]
[130.52]
[92.3]
[87.76]
[90.33]
[91.84]
[90.24]
[92.4]
[96.82]
[52.74]
[45.22]
[55.96]
[60.38]
[51.61]
[55.5]
[62.81]
[54.04]
[56.12]
[53.08]
[60.33]
[38.11]
[64.66]
[62.07]
[50.21]
[45.53]
[67.12]
[58.52]
[53.52]
[50.52]
[53.77]
[41.06]
[38.17]
[35.45]
[50.08]
[57.71]
[43.73]
[61.41]
[54.5]
[42.43]
[96.98]
[93.31]
[95.73]
[93.08]
[91.61]
[94.94]
[85.74]
[88.4]
[98.74]
[90.94]
[95.37]
[98.5]
[45.13]
[47.61]
[67.66]
[39.1]
[71.69]
[37.29]
[69.59]
[19.53]
[12.7]
[49.99]
[27.12]
[31.05]
[19.21]
[28.46]
[14.31]
[9.94]
[17.83]
[28.86]
[44.83]
[46.46]
[52.06]
[24.01]
[9.42]
[50.97]
[57.23]
[44.2]
[37.8]
[12.15]
[9.41]
[10.47]
[20.43]
[33.31]
[48.25]
[44.01]
[55.45]
[12.7]
[10.36]
[51.64]
[50.92]
[50.38]
[49.93]
[49.1]
[13.79]
[10.13]
[29.22]
[34.2]
[23.2]
[39.35]
[38.77]
[14.08]
[10.2]
[32.49]
[35.58]
[33.86]
[32.24]
[29.9]
[23.23]
[16.87]
[24.9]
[28.37]
[17.49]
[16.74]
[47.53]
[16.06]
[15.03]
[32.65]
[36.66]
[33.79]
[32.62]
[31.6]
[12.79]
[8.68]
[29.3]
[28.48]
[33.01]
[32.79]
[29.71]
[12.11]
[7.79]
[7.39]
[5.3]
[5.33]
[5.36]
[5.41]
[5.44]
[5.46]
[5.48]
[5.51]
[5.52]
[5.54]
[5.55]
[5.56]
[5.57]
[5.58]
[5.41]
[5.59]
[5.59]
[5.59]
[5.59]
[5.59]
[5.59]
[5.52]
[9.82]
[15.53]
[16.95]
[20.82]
[11.7]
[14.18]
[15.4]
[23.39]
[19.41]
[16.47]
[11.42]
[6.71]
[12.54]
[12.67]
[10.63]
[11.37]
[12.05]
[14.44]
[14.47]
[12.32]
[14.46]
[13.82]
[14.57]
[14.58]
[8.47]
[14.78]
[14.81]
[14.47]
[5.31]
[5.31]
[5.29]
[6.65]
[12.03]
[10.97]
[11.68]
[7.09]
[5.32]
[5.32]
[5.33]
[5.32]
[5.32]
[7.66]
[5.32]
[5.32]
[5.32]
[5.29]
[5.21]
[5.09]
[5.1]
[5.1]
[5.1]
[5.11]
[5.11]
[5.1]
[5.12]
[5.22]
[5.48]
[5.49]
[5.27]
[5.12]
[5.13]
[5.12]
[5.12]
[5.11]
[5.16]
[8.76]
[8.76]
[8.94]
[8.95]
[8.95]
[10.8]
[10.34]
[8.93]
[12.82]
[12.41]
[9.78]
[12.71]
[13.05]
[9.78]
[9.61]
[13.47]
[13.71]
[13.82]
[13.8]
[20.11]
[12.1]
[10.21]
[15.44]
[19.36]
[24.22]
[16.35]
[13.82]
[12.91]
[11.05]
[11.21]
[12.63]
[12.73]
[13.93]
[14.]
[12.75]
[12.72]
[14.06]
[13.64]
[13.18]
[14.13]
[14.47]
[12.97]
[12.08]
[13.53]
[13.92]
[14.]
[14.03]
[13.47]
[12.53]
[12.61]
[12.89]
[13.87]
[13.64]
[12.29]
[13.75]
[12.77]
[12.77]
[13.97]
[13.97]
[12.95]
[15.58]
[14.78]
[14.97]
[14.82]
[14.67]
[14.69]
[14.7]
[14.81]
[14.7]
[17.5]
[18.04]
[19.37]
[14.58]
[14.62]
[14.69]
[14.75]
[14.6]
[14.39]
[14.42]
[14.49]
[14.55]
[14.59]
[14.62]
[14.6]
[14.31]
[14.23]
[14.12]
[14.15]
[14.3]
[14.52]
[14.49]
[14.43]
[14.23]
[14.17]
[14.28]
[14.37]
[14.29]
[14.2]
[14.09]
[14.11]
[14.23]
[14.04]
[14.13]
[14.15]
[14.07]
[14.02]
[13.88]
[13.88]
[13.78]
[13.82]
[13.92]
[14.08]
[13.97]
[13.86]
[13.82]
[13.83]
[13.99]
[14.01]
[13.84]
[13.78]
[13.71]
[13.96]
[14.1]
[13.99]
[13.72]
[16.98]
[13.92]
[13.67]
[13.53]
[13.42]
[13.41]
[13.36]
[14.17]
[14.52]
[14.48]
[14.44]
[14.41]
[14.38]
[14.37]
[14.35]
[14.34]
[14.31]
[15.25]
[14.32]
[14.31]
[14.29]
[14.29]
[14.58]
[14.56]
[12.15]
[11.95]
[11.88]
[11.87]
[11.82]
[13.39]
[11.95]
[11.94]
[11.89]
[11.86]
[11.86]
[11.84]
[11.83]
[11.81]
[11.86]
[11.86]
[11.8]
[11.8]
[11.79]
[11.78]
[11.77]
[11.96]
[11.94]
[11.9]
[11.85]
[11.35]
[11.83]
[11.8]
[12.]
[12.06]
[12.03]
[9.66]
[9.6]
[9.59]
[9.63]
[9.74]
[9.73]
[9.68]
[9.68]
[9.7]
[9.68]
[9.68]
[9.67]
[9.67]
[9.73]
[9.77]
[9.75]
[9.77]
[9.77]
[9.77]
[9.74]
[9.74]
[9.73]
[9.72]
[9.75]
[9.75]
[9.79]
[9.77]
[9.77]
[9.78]
[9.77]
[9.09]
[9.09]
[8.91]
[8.69]
[8.69]
[8.66]
[8.69]
[8.7]
[8.7]
[8.66]
[8.67]
[8.77]
[8.78]
[8.78]
[8.77]
[8.78]
[8.77]
[8.74]
[8.74]
[8.77]
[8.77]
[8.77]
[8.76]
[8.77]
[8.76]
[8.77]
[8.77]
[8.76]
[8.76]
[8.77]
[8.71]
[8.26]
[8.23]
[8.06]
[8.02]
[8.01]
[8.04]
[8.06]
[8.04]
[8.05]
[8.06]
[8.05]
[8.05]
[8.07]
[8.07]
[8.06]
[8.04]
[8.08]
[8.07]
[8.07]
[8.03]
[8.1]
[8.09]
[8.1]
[8.11]
[8.1]
[8.11]
[8.12]
[8.11]
[8.11]
[8.13]
[6.13]
[6.11]
[5.91]
[5.29]
[5.35]
[5.29]
[5.31]
[5.3]
[5.3]
[5.3]
[5.31]
[5.3]
[5.27]
[5.29]
[5.29]
[5.29]
[5.3]
[5.3]
[5.34]
[5.31]
[5.31]
[5.32]
[5.32]
[5.31]
[5.33]
[5.32]
[5.32]
[5.31]
[5.33]
[5.32]
[5.34]
[5.34]
[5.89]
[5.74]
[5.51]
[5.5]
[7.49]
[7.16]
[5.55]
[5.56]
[5.48]
[5.43]
[5.41]
[5.42]
[5.48]
[5.44]
[5.44]
[5.44]
[7.99]
[5.37]
[5.4]
[5.41]
[5.38]
[5.38]
[5.39]
[5.38]
[5.38]
[5.43]
[5.4]
[5.41]
[5.42]
[5.41]
[5.41]
[5.41]
[5.41]
[5.42]
[5.44]
[5.44]
[5.45]
[5.47]
[5.47]
[5.4]
[5.42]
[5.44]
[5.46]
[5.47]
[5.46]
[5.46]
[5.47]
[5.47]
[5.42]
[5.48]
[5.49]
[5.48]
[5.46]
[5.46]
[5.5]
[5.51]
[5.48]
[5.46]
[9.04]
[9.13]
[9.13]
[9.16]
[9.17]
[9.17]
[9.19]
[9.21]
[9.24]
[9.24]
[9.22]
[9.2]
[9.27]
[9.28]
[9.28]
[9.29]
[9.32]
[9.33]
[9.33]
[9.34]
[9.36]
[9.37]
[9.38]
[9.41]
[9.41]
[9.41]
[9.41]
[9.42]
[9.83]
[9.49]
[9.52]
[12.18]
[12.29]
[12.29]
[12.33]
[12.37]
[12.42]
[12.45]
[12.39]
[15.27]
[16.55]
[14.11]
[12.06]
[12.15]
[12.22]
[12.2]
[14.89]
[12.24]
[12.29]
[12.3]
[12.82]
[12.19]
[12.16]
[12.29]
[12.32]
[12.3]
[12.41]
[12.47]
[12.46]
[12.66]
[12.65]
[14.68]
[15.59]
[15.66]
[15.62]
[15.61]
[15.62]
[15.55]
[15.55]
[15.53]
[15.48]
[15.58]
[15.63]
[15.67]
[15.73]
[15.76]
[15.69]
[15.74]
[15.74]
[15.7]
[15.75]
[15.81]
[15.74]
[15.69]
[15.67]
[15.67]
[15.69]
[15.71]
[15.78]
[15.82]
[15.85]
[15.84]
[15.82]
[15.81]
[15.68]
[15.65]
[15.45]
[15.76]
[15.72]
[15.72]
[15.72]
[15.86]
[15.62]
[15.55]
[15.84]
[15.47]
[15.85]
[15.91]
[15.89]
[15.6]
[15.96]
[15.99]
[15.84]
[15.77]
[15.99]
[15.57]
[15.56]
[15.78]
[15.69]
[15.67]
[15.63]
[15.75]
[15.5]
[15.92]
[15.96]
[15.99]
[16.2]
[15.99]
[15.99]
[15.96]
[15.93]
[15.94]
[15.96]
[15.89]
[15.75]
[15.57]
[14.85]
[16.98]
[17.18]
[17.15]
[16.64]
[16.94]
[16.89]
[16.85]
[16.85]
[16.82]
[22.09]
[48.14]
[54.09]
[52.25]
[50.82]
[26.21]
[24.32]
[46.38]
[54.6]
[55.32]
[58.59]
[42.22]
[59.61]
[52.27]
[91.07]
[134.99]
[99.13]
[93.08]
[89.49]
[90.15]
[90.7]
[92.91]
[90.54]
[92.41]
[91.17]
[89.85]
[54.37]
[55.31]
[91.98]
[89.63]
[92.51]
[92.65]
[53.92]
[58.15]
[118.86]
[121.02]
[128.01]
[129.11]
[130.04]
[130.07]
[129.96]
[130.52]
[93.73]
[94.19]
[93.43]
[94.32]
[94.03]
[49.04]
[42.92]
[63.69]
[56.03]
[54.7]
[38.34]
[11.79]
[11.72]
[12.96]
[33.11]
[57.23]
[47.44]
[52.93]
[38.46]
[13.38]
[10.84]
[32.12]
[12.86]
[13.04]
[11.96]
[9.06]
[9.09]
[9.87]
[13.99]
[13.87]
[12.77]
[11.54]
[13.62]
[10.08]
[9.89]
[11.66]
[11.41]
[10.97]
[12.27]
[12.58]
[13.52]
[14.11]
[18.19]
[19.12]
[13.6]
[13.55]
[13.48]
[13.43]
[13.64]
[13.07]
[13.76]
[13.75]
[12.85]
[13.71]
[11.22]
[9.92]
[11.7]
[12.05]
[15.5]
[15.5]
[20.41]
[11.86]
[11.21]
[12.16]
[10.03]
[8.58]
[11.93]
[24.96]
[9.81]
[9.12]
[11.89]
[11.97]
[19.72]
[18.14]
[16.04]
[11.71]
[13.74]
[39.18]
[46.43]
[42.22]
[40.7]
[29.17]
[11.6]
[7.7]
[7.77]
[5.18]
[5.21]
[5.24]
[5.27]
[5.28]
[5.29]
[5.31]
[5.33]
[5.34]
[5.35]
[5.36]
[5.37]
[5.38]
[5.39]