0.8918906793932199, 0.8967684639710742, 0.27761970273707254, 200.14922636361493[11.991052]
[9.743618]
[8.50269]
[10.253075]
[9.559049]
[6.262347]
[5.3868546]
[5.331554]
[5.320012]
[5.341257]
[5.2549963]
[5.27908]
[5.2104144]
[7.503183]
[8.156145]
[8.191961]
[8.419063]
[9.695338]
[11.382789]
[10.33978]
[9.247743]
[8.923667]
[8.810118]
[8.725513]
[8.65532]
[8.703137]
[8.697102]
[8.599646]
[8.498353]
[8.414407]
[8.433955]
[8.659981]
[8.610267]
[8.549558]
[8.600653]
[8.600801]
[8.499369]
[8.997498]
[12.269122]
[9.966127]
[9.555353]
[9.951376]
[9.767983]
[9.386713]
[10.870671]
[11.267013]
[11.291958]
[11.283462]
[11.520265]
[12.0022545]
[11.899476]
[11.53388]
[11.373614]
[11.357801]
[11.219135]
[11.220787]
[11.2275505]
[11.210003]
[11.134232]
[11.13805]
[11.154071]
[11.112119]
[11.102075]
[11.186977]
[11.24054]
[11.529437]
[11.92587]
[11.731143]
[11.54715]
[11.6736555]
[13.928662]
[9.494111]
[10.376176]
[11.178277]
[36.327972]
[18.388763]
[13.066782]
[13.000992]
[12.971077]
[13.018859]
[13.1747675]
[13.202482]
[13.182415]
[13.312858]
[13.332958]
[13.169748]
[13.250307]
[13.35573]
[13.465812]
[13.370127]
[13.489905]
[13.5415745]
[13.882225]
[13.615908]
[13.472098]
[13.614839]
[13.57101]
[13.398863]
[13.330243]
[13.119196]
[13.61395]
[13.930023]
[13.805376]
[14.213913]
[14.3083105]
[14.4352]
[20.261528]
[23.538872]
[19.611168]
[35.372494]
[62.334312]
[22.928062]
[72.51619]
[75.13073]
[79.76762]
[89.27131]
[132.34886]
[97.191826]
[67.97482]
[58.648384]
[60.719322]
[59.350555]
[54.262527]
[50.74428]
[51.60663]
[49.10305]
[41.080902]
[47.699097]
[50.896305]
[48.52244]
[48.488644]
[52.28551]
[32.550903]
[27.571335]
[41.56616]
[47.619804]
[44.514977]
[47.833057]
[44.215782]
[24.690306]
[24.337692]
[44.086197]
[47.40972]
[75.40369]
[105.91056]
[144.75746]
[159.55821]
[172.88437]
[197.97919]
[171.30495]
[146.03903]
[138.94344]
[125.69956]
[102.59475]
[85.81531]
[104.52253]
[110.633286]
[112.16535]
[115.99643]
[123.9642]
[110.053535]
[99.37539]
[91.11191]
[90.154655]
[87.19221]
[85.86793]
[89.17217]
[69.68118]
[67.07148]
[73.891396]
[73.125275]
[70.138954]
[69.32169]
[68.6397]
[60.667248]
[57.779236]
[54.135323]
[55.932323]
[43.539635]
[53.60722]
[54.916306]
[49.240383]
[46.506985]
[55.911327]
[51.25582]
[46.476593]
[43.357914]
[44.5916]
[41.121662]
[42.600502]
[45.19586]
[61.141117]
[67.572136]
[58.48363]
[64.442245]
[57.301388]
[54.35627]
[94.09271]
[92.9123]
[86.76726]
[81.00494]
[77.24132]
[78.03819]
[75.43631]
[81.430824]
[88.79663]
[85.84981]
[94.15152]
[99.088165]
[74.82881]
[72.654366]
[74.16473]
[58.36371]
[69.605156]
[52.29752]
[62.40088]
[38.44711]
[26.453012]
[45.16794]
[36.268036]
[34.094692]
[27.282658]
[29.946274]
[23.02311]
[17.541687]
[20.970806]
[27.375154]
[35.915688]
[37.854183]
[41.38424]
[31.216022]
[20.70073]
[40.833332]
[47.79088]
[41.284397]
[38.309994]
[25.473494]
[21.269657]
[20.465631]
[23.908716]
[30.738815]
[38.582153]
[37.582428]
[42.169582]
[22.715084]
[17.15477]
[37.816185]
[39.56959]
[39.54602]
[39.600723]
[37.677685]
[22.863186]
[19.031672]
[27.62138]
[31.297493]
[25.421406]
[31.009787]
[31.781122]
[19.23107]
[13.576402]
[24.49732]
[28.59675]
[27.585339]
[26.026917]
[24.517532]
[20.488451]
[16.650503]
[20.312971]
[23.251276]
[19.096214]
[19.853464]
[37.33389]
[22.602747]
[16.343662]
[24.978798]
[28.579426]
[27.33157]
[25.979887]
[24.769705]
[15.098294]
[10.445344]
[20.331167]
[21.796478]
[24.016872]
[25.107853]
[23.322897]
[14.086594]
[9.229624]
[8.254497]
[7.0386453]
[6.558539]
[7.005148]
[7.1416183]
[6.735164]
[6.612716]
[6.482053]
[6.5895963]
[6.52918]
[6.4554877]
[6.3067985]
[6.238141]
[6.254938]
[6.2619786]
[6.1476526]
[6.060183]
[6.0231175]
[6.029967]
[6.029967]
[6.029967]
[6.029967]
[5.8194437]
[7.6213174]
[12.764516]
[13.365284]
[15.03195]
[11.1696205]
[11.0460615]
[11.9257765]
[16.160479]
[15.320915]
[13.441401]
[10.37927]
[7.150131]
[9.294369]
[10.229583]
[9.221668]
[9.255715]
[9.826568]
[11.290459]
[11.6159115]
[10.40972]
[11.225051]
[18.191353]
[13.697912]
[11.8640785]
[8.62518]
[11.121191]
[12.051381]
[11.905366]
[6.999255]
[5.4765506]
[5.4570374]
[6.062361]
[9.218155]
[9.704474]
[9.748305]
[7.3368554]
[5.63217]
[5.3569813]
[5.3626304]
[5.28443]
[5.3079376]
[6.5893226]
[5.6498933]
[5.321667]
[5.256274]
[5.298482]
[5.1764355]
[5.5821834]
[5.713933]
[5.627956]
[5.5385146]
[5.3961964]
[5.30038]
[5.3041205]
[5.314464]
[5.3096147]
[5.454539]
[5.5209374]
[5.5977063]
[5.2982254]
[5.272724]
[5.3328924]
[5.323637]
[5.317892]
[5.2779346]
[7.3507557]
[7.9321513]
[12.459667]
[9.414024]
[8.115734]
[9.189616]
[9.145576]
[8.3036995]
[11.021898]
[10.811168]
[9.156268]
[10.4327345]
[11.076961]
[9.372985]
[8.891476]
[11.213687]
[11.94497]
[11.84373]
[11.804003]
[16.31603]
[12.005957]
[9.583638]
[12.470654]
[16.08437]
[19.908962]
[15.053463]
[12.181028]
[11.328305]
[10.07139]
[9.971013]
[10.816293]
[11.073302]
[11.891121]
[12.074456]
[11.346559]
[11.257417]
[12.096892]
[11.828916]
[11.71724]
[12.388046]
[12.559477]
[11.60947]
[10.9628525]
[11.842866]
[12.207298]
[12.203298]
[12.273607]
[11.838491]
[11.243761]
[10.943905]
[11.269618]
[12.562988]
[12.447732]
[11.000847]
[11.900159]
[12.07031]
[11.690294]
[12.308656]
[12.429868]
[11.685495]
[13.348849]
[13.05225]
[13.036511]
[12.9949465]
[12.929385]
[12.892355]
[12.776323]
[12.966114]
[12.873413]
[14.74447]
[17.414558]
[16.487417]
[13.120109]
[12.443526]
[12.547685]
[12.497859]
[12.670533]
[12.340772]
[12.130689]
[12.049995]
[11.907173]
[11.913837]
[11.788748]
[11.779248]
[11.604141]
[11.424563]
[11.389134]
[11.42467]
[11.471865]
[11.62245]
[11.59168]
[11.592348]
[11.555035]
[11.50108]
[11.487857]
[11.626821]
[11.542861]
[11.388403]
[11.3473425]
[11.358675]
[11.469669]
[11.387426]
[11.417652]
[11.53061]
[11.63555]
[11.559567]
[11.296742]
[11.422882]
[11.263081]
[11.10953]
[11.348248]
[11.419329]
[11.280999]
[11.206988]
[11.15761]
[11.129795]
[11.153901]
[11.36075]
[11.336899]
[11.373013]
[11.526046]
[11.706884]
[12.240683]
[12.650188]
[13.746247]
[29.094114]
[4.9368153]
[63.302425]
[15.211167]
[8.535032]
[11.893733]
[13.405133]
[13.76948]
[13.989076]
[14.101385]
[14.020044]
[13.798053]
[13.353241]
[13.0531645]
[13.109508]
[13.052911]
[12.69346]
[13.283548]
[12.787439]
[12.670017]
[12.622699]
[12.730883]
[12.212336]
[12.502602]
[11.318153]
[10.624817]
[10.7387905]
[11.433662]
[11.097135]
[12.03353]
[11.190064]
[10.971608]
[10.937591]
[10.981203]
[10.966382]
[10.863068]
[11.052844]
[11.016522]
[11.072057]
[11.022116]
[11.022292]
[10.9958515]
[10.974801]
[10.905863]
[10.892553]
[11.000058]
[12.015644]
[12.581607]
[12.061125]
[12.240761]
[11.909848]
[11.870387]
[11.83795]
[11.919241]
[11.982841]
[10.888459]
[10.340393]
[10.097439]
[10.092041]
[10.131174]
[10.093852]
[10.033543]
[9.943535]
[9.917657]
[9.8225565]
[9.834852]
[9.772382]
[9.704658]
[9.737257]
[9.7083025]
[9.7325]
[9.684488]
[9.6601715]
[9.609528]
[9.551644]
[9.485832]
[9.450607]
[9.380734]
[9.401948]
[9.409635]
[9.397265]
[9.333729]
[9.361498]
[9.392507]
[9.3949995]
[9.0697975]
[8.907168]
[8.757548]
[8.520388]
[8.536751]
[8.6223955]
[8.598836]
[8.524947]
[8.444798]
[8.466223]
[8.760651]
[9.477181]
[9.919473]
[9.505156]
[9.26581]
[9.047841]
[8.911732]
[8.799257]
[8.696523]
[8.708529]
[8.684149]
[8.570362]
[8.570911]
[8.485078]
[8.412106]
[8.643608]
[8.92089]
[8.868792]
[8.889362]
[8.98318]
[8.735542]
[8.278485]
[8.110272]
[7.9960647]
[7.885111]
[7.8604956]
[7.9366717]
[7.909]
[7.807355]
[7.796311]
[7.8158884]
[7.760136]
[7.7624745]
[7.771372]
[7.733995]
[7.7185388]
[7.722736]
[7.6844606]
[7.6527534]
[7.605591]
[7.61774]
[7.6416864]
[7.5483284]
[7.5852933]
[7.6454954]
[7.6163764]
[7.5951357]
[7.659303]
[7.702647]
[7.802117]
[7.808022]
[6.594891]
[6.194619]
[6.002866]
[5.554352]
[5.4687696]
[5.4301615]
[5.446518]
[5.4100857]
[5.4262056]
[5.4398265]
[5.411628]
[5.407182]
[5.386344]
[5.3918176]
[5.3825336]
[5.3475313]
[5.3684263]
[5.354174]
[5.344172]
[5.3902345]
[5.404637]
[5.373004]
[5.3766007]
[5.3710866]
[5.3831677]
[5.3820357]
[5.37776]
[5.3739142]
[5.382622]
[5.3779283]
[5.359995]
[5.3748994]
[5.698584]
[5.728891]
[8.900361]
[6.461833]
[7.0023994]
[7.413867]
[5.9557137]
[5.555894]
[5.5116963]
[5.4621844]
[5.746384]
[5.5174932]
[5.732276]
[5.5237765]
[5.7254252]
[5.519324]
[7.517815]
[6.2916837]
[5.7562914]
[5.747447]
[5.7393584]
[5.731222]
[5.7229605]
[5.470075]
[5.6569395]
[5.445028]
[7.447921]
[5.997675]
[5.44225]
[5.635259]
[5.472434]
[5.439646]
[5.6170177]
[5.4711347]
[5.6066847]
[5.620533]
[5.477739]
[5.5928025]
[5.485242]
[5.4360332]
[5.4324703]
[5.56238]
[5.4684753]
[5.557988]
[5.4614654]
[5.4598417]
[5.4644117]
[5.5336213]
[5.421043]
[5.459169]
[5.526314]
[5.4519224]
[5.4569135]
[5.5025506]
[5.4497585]
[5.5317082]
[5.4980435]
[5.4257746]
[8.351165]
[8.593678]
[8.914022]
[8.595614]
[8.884555]
[8.978957]
[8.933174]
[8.894446]
[9.418333]
[8.982424]
[9.343642]
[8.837197]
[9.120674]
[8.614501]
[8.89515]
[8.891774]
[8.258232]
[8.088721]
[8.020031]
[7.94782]
[7.883467]
[7.852645]
[7.7453175]
[7.9601703]
[7.6261463]
[8.015228]
[7.841766]
[7.638967]
[8.223832]
[8.295331]
[8.288215]
[9.657471]
[9.905717]
[9.871537]
[10.280521]
[9.883842]
[10.199662]
[10.676652]
[10.702123]
[13.141139]
[14.4926]
[12.997309]
[10.34208]
[10.278853]
[10.287741]
[10.638228]
[13.396786]
[10.930393]
[10.4517975]
[10.373029]
[10.693806]
[9.866054]
[9.659047]
[9.743846]
[9.989181]
[10.145837]
[10.515385]
[10.421998]
[10.19525]
[10.446013]
[10.486934]
[11.7056055]
[12.243592]
[12.48547]
[12.689485]
[12.2959]
[12.466645]
[12.136068]
[12.304744]
[12.6513195]
[11.756775]
[16.889027]
[22.91637]
[6.260788]
[14.098443]
[11.405304]
[13.771708]
[14.36516]
[14.414879]
[14.304282]
[14.259179]
[14.136554]
[14.034252]
[13.9251175]
[13.735906]
[13.762953]
[13.229204]
[14.027985]
[13.302265]
[13.6801815]
[13.505692]
[13.340408]
[12.363256]
[12.149575]
[12.719678]
[15.101688]
[14.556782]
[14.068927]
[14.229997]
[14.233762]
[15.41017]
[15.830005]
[13.484918]
[15.364455]
[15.639752]
[15.359663]
[16.050959]
[16.332066]
[16.104145]
[15.649369]
[15.74665]
[15.692533]
[15.5476675]
[15.426778]
[15.435333]
[16.17349]
[17.142853]
[16.424646]
[15.657293]
[15.234493]
[14.850212]
[14.656361]
[14.576163]
[14.956809]
[15.018726]
[16.071972]
[16.066381]
[14.996508]
[14.755254]
[14.575171]
[15.024074]
[14.962211]
[15.474481]
[16.171093]
[22.696863]
[29.178585]
[17.057264]
[27.726799]
[26.474234]
[19.523386]
[20.80686]
[19.713148]
[5.9932203]
[14.25646]
[17.619164]
[17.252203]
[20.237478]
[36.135483]
[41.974937]
[45.006752]
[55.213478]
[47.772644]
[39.728603]
[54.999027]
[67.2423]
[62.184334]
[61.933876]
[53.391354]
[73.78099]
[92.459076]
[94.759]
[118.38588]
[109.35165]
[119.01292]
[107.09171]
[100.04524]
[95.96226]
[96.81375]
[93.36698]
[89.9254]
[84.70835]
[82.44969]
[68.05942]
[73.753]
[85.06082]
[83.218056]
[82.707184]
[85.00741]
[82.75449]
[95.03889]
[107.803764]
[117.15516]
[133.02399]
[132.91245]
[126.69146]
[126.084496]
[128.56256]
[124.96966]
[99.73845]
[99.05089]
[95.744]
[92.87403]
[90.48923]
[61.971416]
[51.363735]
[59.64849]
[56.132885]
[52.700893]
[42.451046]
[25.136618]
[20.586084]
[20.538229]
[31.319702]
[45.661762]
[42.11155]
[43.443264]
[36.634552]
[21.541603]
[16.67608]
[28.25224]
[20.428955]
[16.94344]
[16.430593]
[14.300191]
[13.341052]
[13.399394]
[15.484128]
[15.752437]
[14.8031]
[13.869531]
[14.483403]
[13.040684]
[12.5137205]
[13.508214]
[13.433002]
[12.674315]
[13.131458]
[13.331988]
[13.465018]
[13.862817]
[15.713906]
[16.456182]
[13.676808]
[12.998179]
[13.783366]
[14.147087]
[13.773757]
[13.149683]
[13.266921]
[13.304538]
[12.677226]
[13.048795]
[11.762323]
[10.560253]
[11.617255]
[12.799783]
[14.66229]
[14.984058]
[17.744982]
[14.723346]
[13.98558]
[13.897766]
[12.306734]
[10.865251]
[11.914331]
[18.580835]
[12.556642]
[10.024189]
[10.9483795]
[11.203257]
[14.759829]
[14.993381]
[13.708539]
[11.251775]
[11.397854]
[23.639378]
[29.457443]
[28.98976]
[27.785826]
[22.042639]
[15.36453]
[10.957108]
[10.22894]
[8.352708]
[7.429487]
[7.193724]
[6.9312963]
[6.2336]
[6.598705]
[6.725932]
[6.8312016]
[6.3153405]
[6.456642]
[6.478402]
[6.161745]
[6.296031][10.25]
[9.45]
[13.02]
[10.69]
[5.31]
[5.25]
[5.26]
[5.31]
[5.31]
[5.3]
[5.29]
[5.3]
[9.25]
[9.31]
[9.28]
[9.29]
[9.27]
[9.26]
[9.25]
[9.26]
[9.26]
[9.27]
[9.25]
[9.25]
[9.32]
[9.28]
[9.26]
[9.22]
[9.21]
[9.23]
[9.23]
[9.06]
[9.24]
[9.25]
[9.24]
[9.29]
[9.55]
[9.28]
[9.27]
[9.27]
[9.25]
[9.24]
[9.28]
[12.21]
[12.29]
[12.32]
[12.27]
[12.3]
[12.29]
[12.25]
[12.25]
[12.25]
[12.29]
[12.3]
[12.3]
[12.31]
[12.36]
[12.34]
[12.35]
[12.36]
[12.37]
[12.39]
[12.39]
[12.4]
[12.36]
[12.39]
[12.4]
[12.41]
[12.52]
[12.25]
[12.25]
[12.03]
[12.31]
[26.75]
[15.2]
[15.05]
[15.12]
[15.03]
[15.09]
[15.17]
[15.22]
[15.41]
[15.4]
[15.43]
[15.24]
[15.14]
[15.08]
[15.29]
[15.3]
[15.23]
[15.22]
[15.17]
[15.21]
[15.24]
[15.21]
[15.26]
[15.09]
[15.03]
[14.94]
[15.09]
[15.28]
[15.3]
[15.52]
[15.38]
[15.46]
[15.26]
[15.55]
[15.54]
[15.27]
[22.36]
[17.87]
[15.85]
[42.75]
[82.22]
[94.05]
[93.25]
[90.97]
[55.68]
[49.63]
[58.09]
[56.67]
[54.59]
[53.59]
[58.05]
[53.08]
[41.74]
[57.88]
[58.89]
[56.17]
[56.45]
[59.98]
[24.57]
[23.68]
[48.95]
[58.59]
[52.66]
[61.65]
[55.39]
[15.63]
[15.57]
[49.45]
[48.02]
[57.5]
[95.04]
[91.35]
[127.12]
[159.08]
[215.85]
[192.9]
[144.63]
[136.75]
[131.02]
[99.64]
[86.83]
[129.19]
[131.03]
[129.73]
[130.49]
[130.52]
[92.3]
[87.76]
[90.33]
[91.84]
[90.24]
[92.4]
[96.82]
[52.74]
[45.22]
[55.96]
[60.38]
[51.61]
[55.5]
[62.81]
[54.04]
[56.12]
[53.08]
[60.33]
[38.11]
[64.66]
[62.07]
[50.21]
[45.53]
[67.12]
[58.52]
[53.52]
[50.52]
[53.77]
[41.06]
[38.17]
[35.45]
[50.08]
[57.71]
[43.73]
[61.41]
[54.5]
[42.43]
[96.98]
[93.31]
[95.73]
[93.08]
[91.61]
[94.94]
[85.74]
[88.4]
[98.74]
[90.94]
[95.37]
[98.5]
[45.13]
[47.61]
[67.66]
[39.1]
[71.69]
[37.29]
[69.59]
[19.53]
[12.7]
[49.99]
[27.12]
[31.05]
[19.21]
[28.46]
[14.31]
[9.94]
[17.83]
[28.86]
[44.83]
[46.46]
[52.06]
[24.01]
[9.42]
[50.97]
[57.23]
[44.2]
[37.8]
[12.15]
[9.41]
[10.47]
[20.43]
[33.31]
[48.25]
[44.01]
[55.45]
[12.7]
[10.36]
[51.64]
[50.92]
[50.38]
[49.93]
[49.1]
[13.79]
[10.13]
[29.22]
[34.2]
[23.2]
[39.35]
[38.77]
[14.08]
[10.2]
[32.49]
[35.58]
[33.86]
[32.24]
[29.9]
[23.23]
[16.87]
[24.9]
[28.37]
[17.49]
[16.74]
[47.53]
[16.06]
[15.03]
[32.65]
[36.66]
[33.79]
[32.62]
[31.6]
[12.79]
[8.68]
[29.3]
[28.48]
[33.01]
[32.79]
[29.71]
[12.11]
[7.79]
[7.39]
[5.3]
[5.33]
[5.36]
[5.41]
[5.44]
[5.46]
[5.48]
[5.51]
[5.52]
[5.54]
[5.55]
[5.56]
[5.57]
[5.58]
[5.41]
[5.59]
[5.59]
[5.59]
[5.59]
[5.59]
[5.59]
[5.52]
[9.82]
[15.53]
[16.95]
[20.82]
[11.7]
[14.18]
[15.4]
[23.39]
[19.41]
[16.47]
[11.42]
[6.71]
[12.54]
[12.67]
[10.63]
[11.37]
[12.05]
[14.44]
[14.47]
[12.32]
[14.46]
[13.82]
[14.57]
[14.58]
[8.47]
[14.78]
[14.81]
[14.47]
[5.31]
[5.31]
[5.29]
[6.65]
[12.03]
[10.97]
[11.68]
[7.09]
[5.32]
[5.32]
[5.33]
[5.32]
[5.32]
[7.66]
[5.32]
[5.32]
[5.32]
[5.29]
[5.21]
[5.09]
[5.1]
[5.1]
[5.1]
[5.11]
[5.11]
[5.1]
[5.12]
[5.22]
[5.48]
[5.49]
[5.27]
[5.12]
[5.13]
[5.12]
[5.12]
[5.11]
[5.16]
[8.76]
[8.76]
[8.94]
[8.95]
[8.95]
[10.8]
[10.34]
[8.93]
[12.82]
[12.41]
[9.78]
[12.71]
[13.05]
[9.78]
[9.61]
[13.47]
[13.71]
[13.82]
[13.8]
[20.11]
[12.1]
[10.21]
[15.44]
[19.36]
[24.22]
[16.35]
[13.82]
[12.91]
[11.05]
[11.21]
[12.63]
[12.73]
[13.93]
[14.]
[12.75]
[12.72]
[14.06]
[13.64]
[13.18]
[14.13]
[14.47]
[12.97]
[12.08]
[13.53]
[13.92]
[14.]
[14.03]
[13.47]
[12.53]
[12.61]
[12.89]
[13.87]
[13.64]
[12.29]
[13.75]
[12.77]
[12.77]
[13.97]
[13.97]
[12.95]
[15.58]
[14.78]
[14.97]
[14.82]
[14.67]
[14.69]
[14.7]
[14.81]
[14.7]
[17.5]
[18.04]
[19.37]
[14.58]
[14.62]
[14.69]
[14.75]
[14.6]
[14.39]
[14.42]
[14.49]
[14.55]
[14.59]
[14.62]
[14.6]
[14.31]
[14.23]
[14.12]
[14.15]
[14.3]
[14.52]
[14.49]
[14.43]
[14.23]
[14.17]
[14.28]
[14.37]
[14.29]
[14.2]
[14.09]
[14.11]
[14.23]
[14.04]
[14.13]
[14.15]
[14.07]
[14.02]
[13.88]
[13.88]
[13.78]
[13.82]
[13.92]
[14.08]
[13.97]
[13.86]
[13.82]
[13.83]
[13.99]
[14.01]
[13.84]
[13.78]
[13.71]
[13.96]
[14.1]
[13.99]
[13.72]
[16.98]
[13.92]
[13.67]
[13.53]
[13.42]
[13.41]
[13.36]
[14.17]
[14.52]
[14.48]
[14.44]
[14.41]
[14.38]
[14.37]
[14.35]
[14.34]
[14.31]
[15.25]
[14.32]
[14.31]
[14.29]
[14.29]
[14.58]
[14.56]
[12.15]
[11.95]
[11.88]
[11.87]
[11.82]
[13.39]
[11.95]
[11.94]
[11.89]
[11.86]
[11.86]
[11.84]
[11.83]
[11.81]
[11.86]
[11.86]
[11.8]
[11.8]
[11.79]
[11.78]
[11.77]
[11.96]
[11.94]
[11.9]
[11.85]
[11.35]
[11.83]
[11.8]
[12.]
[12.06]
[12.03]
[9.66]
[9.6]
[9.59]
[9.63]
[9.74]
[9.73]
[9.68]
[9.68]
[9.7]
[9.68]
[9.68]
[9.67]
[9.67]
[9.73]
[9.77]
[9.75]
[9.77]
[9.77]
[9.77]
[9.74]
[9.74]
[9.73]
[9.72]
[9.75]
[9.75]
[9.79]
[9.77]
[9.77]
[9.78]
[9.77]
[9.09]
[9.09]
[8.91]
[8.69]
[8.69]
[8.66]
[8.69]
[8.7]
[8.7]
[8.66]
[8.67]
[8.77]
[8.78]
[8.78]
[8.77]
[8.78]
[8.77]
[8.74]
[8.74]
[8.77]
[8.77]
[8.77]
[8.76]
[8.77]
[8.76]
[8.77]
[8.77]
[8.76]
[8.76]
[8.77]
[8.71]
[8.26]
[8.23]
[8.06]
[8.02]
[8.01]
[8.04]
[8.06]
[8.04]
[8.05]
[8.06]
[8.05]
[8.05]
[8.07]
[8.07]
[8.06]
[8.04]
[8.08]
[8.07]
[8.07]
[8.03]
[8.1]
[8.09]
[8.1]
[8.11]
[8.1]
[8.11]
[8.12]
[8.11]
[8.11]
[8.13]
[6.13]
[6.11]
[5.91]
[5.29]
[5.35]
[5.29]
[5.31]
[5.3]
[5.3]
[5.3]
[5.31]
[5.3]
[5.27]
[5.29]
[5.29]
[5.29]
[5.3]
[5.3]
[5.34]
[5.31]
[5.31]
[5.32]
[5.32]
[5.31]
[5.33]
[5.32]
[5.32]
[5.31]
[5.33]
[5.32]
[5.34]
[5.34]
[5.89]
[5.74]
[5.51]
[5.5]
[7.49]
[7.16]
[5.55]
[5.56]
[5.48]
[5.43]
[5.41]
[5.42]
[5.48]
[5.44]
[5.44]
[5.44]
[7.99]
[5.37]
[5.4]
[5.41]
[5.38]
[5.38]
[5.39]
[5.38]
[5.38]
[5.43]
[5.4]
[5.41]
[5.42]
[5.41]
[5.41]
[5.41]
[5.41]
[5.42]
[5.44]
[5.44]
[5.45]
[5.47]
[5.47]
[5.4]
[5.42]
[5.44]
[5.46]
[5.47]
[5.46]
[5.46]
[5.47]
[5.47]
[5.42]
[5.48]
[5.49]
[5.48]
[5.46]
[5.46]
[5.5]
[5.51]
[5.48]
[5.46]
[9.04]
[9.13]
[9.13]
[9.16]
[9.17]
[9.17]
[9.19]
[9.21]
[9.24]
[9.24]
[9.22]
[9.2]
[9.27]
[9.28]
[9.28]
[9.29]
[9.32]
[9.33]
[9.33]
[9.34]
[9.36]
[9.37]
[9.38]
[9.41]
[9.41]
[9.41]
[9.41]
[9.42]
[9.83]
[9.49]
[9.52]
[12.18]
[12.29]
[12.29]
[12.33]
[12.37]
[12.42]
[12.45]
[12.39]
[15.27]
[16.55]
[14.11]
[12.06]
[12.15]
[12.22]
[12.2]
[14.89]
[12.24]
[12.29]
[12.3]
[12.82]
[12.19]
[12.16]
[12.29]
[12.32]
[12.3]
[12.41]
[12.47]
[12.46]
[12.66]
[12.65]
[14.68]
[15.59]
[15.66]
[15.62]
[15.61]
[15.62]
[15.55]
[15.55]
[15.53]
[15.48]
[15.58]
[15.63]
[15.67]
[15.73]
[15.76]
[15.69]
[15.74]
[15.74]
[15.7]
[15.75]
[15.81]
[15.74]
[15.69]
[15.67]
[15.67]
[15.69]
[15.71]
[15.78]
[15.82]
[15.85]
[15.84]
[15.82]
[15.81]
[15.68]
[15.65]
[15.45]
[15.76]
[15.72]
[15.72]
[15.72]
[15.86]
[15.62]
[15.55]
[15.84]
[15.47]
[15.85]
[15.91]
[15.89]
[15.6]
[15.96]
[15.99]
[15.84]
[15.77]
[15.99]
[15.57]
[15.56]
[15.78]
[15.69]
[15.67]
[15.63]
[15.75]
[15.5]
[15.92]
[15.96]
[15.99]
[16.2]
[15.99]
[15.99]
[15.96]
[15.93]
[15.94]
[15.96]
[15.89]
[15.75]
[15.57]
[14.85]
[16.98]
[17.18]
[17.15]
[16.64]
[16.94]
[16.89]
[16.85]
[16.85]
[16.82]
[22.09]
[48.14]
[54.09]
[52.25]
[50.82]
[26.21]
[24.32]
[46.38]
[54.6]
[55.32]
[58.59]
[42.22]
[59.61]
[52.27]
[91.07]
[134.99]
[99.13]
[93.08]
[89.49]
[90.15]
[90.7]
[92.91]
[90.54]
[92.41]
[91.17]
[89.85]
[54.37]
[55.31]
[91.98]
[89.63]
[92.51]
[92.65]
[53.92]
[58.15]
[118.86]
[121.02]
[128.01]
[129.11]
[130.04]
[130.07]
[129.96]
[130.52]
[93.73]
[94.19]
[93.43]
[94.32]
[94.03]
[49.04]
[42.92]
[63.69]
[56.03]
[54.7]
[38.34]
[11.79]
[11.72]
[12.96]
[33.11]
[57.23]
[47.44]
[52.93]
[38.46]
[13.38]
[10.84]
[32.12]
[12.86]
[13.04]
[11.96]
[9.06]
[9.09]
[9.87]
[13.99]
[13.87]
[12.77]
[11.54]
[13.62]
[10.08]
[9.89]
[11.66]
[11.41]
[10.97]
[12.27]
[12.58]
[13.52]
[14.11]
[18.19]
[19.12]
[13.6]
[13.55]
[13.48]
[13.43]
[13.64]
[13.07]
[13.76]
[13.75]
[12.85]
[13.71]
[11.22]
[9.92]
[11.7]
[12.05]
[15.5]
[15.5]
[20.41]
[11.86]
[11.21]
[12.16]
[10.03]
[8.58]
[11.93]
[24.96]
[9.81]
[9.12]
[11.89]
[11.97]
[19.72]
[18.14]
[16.04]
[11.71]
[13.74]
[39.18]
[46.43]
[42.22]
[40.7]
[29.17]
[11.6]
[7.7]
[7.77]
[5.18]
[5.21]
[5.24]
[5.27]
[5.28]
[5.29]
[5.31]
[5.33]
[5.34]
[5.35]
[5.36]
[5.37]
[5.38]
[5.39]