0.9021593559254601, 0.905088180320223, -0.5806264241642719, 190.40660003224446[12.590521]
[9.422896]
[8.2454195]
[10.588977]
[9.335066]
[5.369606]
[4.7976027]
[4.850989]
[4.8271375]
[4.8233085]
[4.788218]
[4.7388854]
[4.777281]
[7.5037503]
[8.028963]
[7.994453]
[8.138172]
[8.806059]
[10.505399]
[10.832267]
[9.5851755]
[8.914134]
[8.675188]
[8.586297]
[8.500632]
[8.531236]
[8.525463]
[8.482962]
[8.362218]
[8.306447]
[8.26757]
[8.400565]
[8.454512]
[8.50196]
[8.454906]
[8.506574]
[8.470104]
[8.685231]
[12.956595]
[9.534029]
[9.127716]
[9.621329]
[9.7588625]
[9.500136]
[11.249871]
[11.470893]
[11.409038]
[11.435021]
[11.459981]
[11.882627]
[12.020976]
[11.824227]
[11.535026]
[11.562655]
[11.435947]
[11.395277]
[11.410372]
[11.453603]
[11.374744]
[11.366153]
[11.391618]
[11.407109]
[11.355465]
[11.4302635]
[11.468872]
[11.52773]
[11.965202]
[12.105141]
[11.790452]
[11.948347]
[14.793141]
[9.002318]
[10.877934]
[11.502509]
[37.08516]
[19.055714]
[13.836534]
[13.85418]
[13.810302]
[13.843846]
[14.010847]
[14.144021]
[14.170559]
[14.264105]
[14.303644]
[14.141065]
[14.100273]
[14.222721]
[14.507231]
[14.35157]
[14.3690815]
[14.21423]
[14.71753]
[14.693877]
[14.41945]
[14.560835]
[14.634169]
[14.455232]
[14.387437]
[13.965212]
[14.274937]
[14.784695]
[14.515147]
[14.75554]
[14.776233]
[14.507959]
[15.969876]
[19.844757]
[20.561346]
[30.307936]
[52.09169]
[38.21113]
[60.628826]
[73.29237]
[88.67795]
[96.18282]
[117.145294]
[91.408936]
[72.12151]
[60.169693]
[62.564888]
[60.485744]
[56.467545]
[52.96944]
[53.97681]
[50.75405]
[42.8358]
[50.469788]
[52.60885]
[50.385433]
[50.937885]
[53.8128]
[32.724926]
[28.55477]
[44.047146]
[50.340897]
[46.407955]
[50.19404]
[46.155605]
[23.27439]
[24.259325]
[46.723557]
[50.45035]
[72.49275]
[98.36995]
[127.50712]
[149.79411]
[166.5719]
[202.21466]
[172.30591]
[142.72095]
[138.19447]
[122.17032]
[100.53379]
[85.02738]
[107.73944]
[110.61492]
[113.50379]
[115.03262]
[124.438354]
[105.245476]
[96.08828]
[92.341675]
[90.57359]
[87.246445]
[87.119484]
[90.69683]
[69.33512]
[64.91032]
[73.0796]
[73.06078]
[69.23159]
[68.041756]
[68.99758]
[61.90543]
[59.48136]
[56.006912]
[57.936543]
[45.120262]
[56.455704]
[56.683647]
[50.66939]
[48.14569]
[58.323746]
[53.23901]
[48.21685]
[45.151207]
[46.56169]
[42.536526]
[44.000206]
[46.890858]
[61.314415]
[66.289474]
[59.826813]
[65.24036]
[59.366802]
[56.472122]
[89.626686]
[91.05489]
[88.25128]
[83.00365]
[79.63988]
[80.781944]
[77.86443]
[82.04191]
[89.99518]
[87.216]
[94.34213]
[96.03161]
[69.88302]
[69.423386]
[76.24135]
[58.45514]
[71.492195]
[52.965256]
[65.22566]
[39.069973]
[28.303675]
[48.697437]
[37.611557]
[35.866272]
[27.871614]
[31.390066]
[22.609442]
[16.965338]
[21.330147]
[28.128021]
[37.49962]
[39.476196]
[43.13143]
[30.967426]
[19.578861]
[43.867085]
[49.83584]
[42.717903]
[39.909595]
[24.650213]
[22.209215]
[21.860493]
[25.728416]
[32.11675]
[40.38018]
[39.033756]
[43.906628]
[20.606771]
[16.157495]
[39.786064]
[41.66024]
[41.00028]
[41.125507]
[39.923256]
[20.915033]
[17.724272]
[28.9834]
[32.455303]
[25.212767]
[32.771957]
[33.450924]
[18.016315]
[12.963669]
[26.437273]
[30.292685]
[29.040155]
[27.598303]
[25.766739]
[21.09765]
[16.49798]
[21.35054]
[24.463133]
[18.6299]
[19.09967]
[39.02416]
[21.382473]
[16.396196]
[26.826712]
[30.644205]
[28.969389]
[27.716131]
[26.467003]
[14.112394]
[9.57911]
[22.47066]
[23.474737]
[26.37311]
[27.087465]
[25.054155]
[13.074002]
[8.32593]
[7.64198]
[6.1516294]
[5.856763]
[6.1182804]
[6.381382]
[6.16206]
[5.922001]
[5.770798]
[5.786854]
[5.7815866]
[5.7051587]
[5.571636]
[5.4624243]
[5.4421244]
[5.4494505]
[5.316802]
[5.302982]
[5.214141]
[5.1890764]
[5.1890764]
[5.1890764]
[5.1890764]
[5.021656]
[7.5414867]
[13.732002]
[13.745334]
[15.962089]
[10.432539]
[11.235198]
[12.207193]
[17.159796]
[15.933608]
[13.637721]
[9.902839]
[6.1455345]
[9.610635]
[10.200351]
[8.801468]
[9.10498]
[9.701941]
[11.535028]
[11.821214]
[10.266063]
[11.523398]
[19.301353]
[13.545224]
[12.150683]
[7.8819532]
[11.861751]
[12.466693]
[12.129181]
[5.8163733]
[4.8917637]
[4.9053745]
[5.7690315]
[9.545125]
[9.687616]
[9.786122]
[6.6435575]
[4.9866834]
[4.8499074]
[4.874336]
[4.846365]
[4.7973638]
[6.470268]
[5.0641756]
[4.8081627]
[4.869789]
[4.8210516]
[4.7943816]
[4.8573503]
[5.3592896]
[5.383185]
[5.1944423]
[5.0890746]
[4.9259825]
[4.875172]
[4.8908296]
[4.941491]
[5.0749288]
[5.1127486]
[5.054169]
[5.0758495]
[4.9022593]
[4.909917]
[4.93252]
[4.9299674]
[4.94236]
[7.4045672]
[7.8335056]
[13.451578]
[8.983512]
[8.015558]
[9.510767]
[9.189312]
[8.1984825]
[11.7917795]
[11.123493]
[9.055779]
[11.004792]
[11.57891]
[9.277202]
[8.919702]
[11.800011]
[12.585152]
[12.5215025]
[12.424931]
[17.200247]
[12.129732]
[9.627515]
[13.640865]
[17.041103]
[20.93635]
[15.399502]
[12.73721]
[11.799221]
[10.277726]
[10.288228]
[11.353765]
[11.594926]
[12.616651]
[12.812043]
[11.875976]
[11.834229]
[12.9028425]
[12.580012]
[12.395862]
[13.27349]
[13.50413]
[12.260977]
[11.535051]
[12.692117]
[13.094986]
[13.077137]
[12.956078]
[12.617199]
[11.855377]
[11.747748]
[11.974685]
[13.702478]
[13.614929]
[11.88278]
[12.625711]
[13.124081]
[12.876772]
[13.435027]
[13.443801]
[12.5216055]
[14.639725]
[14.201691]
[14.204145]
[14.145128]
[14.079174]
[13.919515]
[13.925379]
[14.015786]
[13.888681]
[15.546501]
[18.803974]
[17.905224]
[14.160611]
[13.907471]
[14.163813]
[13.781583]
[14.2146845]
[14.159907]
[14.100852]
[14.184522]
[14.061073]
[13.9365835]
[13.6729965]
[13.623738]
[13.3845005]
[13.029648]
[13.140227]
[12.958342]
[13.098884]
[13.097149]
[13.09317]
[13.06119]
[13.141923]
[12.91045]
[13.005789]
[13.127915]
[12.9009075]
[12.797331]
[12.711019]
[12.75173]
[12.912818]
[12.8059435]
[12.908007]
[13.169447]
[13.369641]
[13.053686]
[13.0612755]
[13.08204]
[12.7212715]
[12.857552]
[12.996608]
[13.028495]
[12.889259]
[12.782976]
[12.623034]
[12.20058]
[12.019859]
[11.95468]
[12.080446]
[12.448332]
[12.481574]
[12.903513]
[13.580682]
[13.700722]
[12.646869]
[6.645237]
[13.693472]
[13.622484]
[14.136581]
[12.423968]
[13.986436]
[13.566483]
[13.826014]
[13.706355]
[13.3061695]
[13.326329]
[13.412465]
[13.766346]
[13.718884]
[13.511937]
[13.632561]
[13.896343]
[14.580734]
[13.909742]
[13.859564]
[13.80671]
[13.983403]
[13.399801]
[13.591441]
[11.853831]
[11.656137]
[11.190752]
[10.983224]
[11.491644]
[12.592232]
[11.944133]
[11.916353]
[11.799177]
[11.834587]
[11.799565]
[11.508038]
[11.768791]
[11.790345]
[11.870874]
[11.768574]
[11.763336]
[11.767559]
[11.757457]
[11.614281]
[11.451064]
[11.219685]
[11.357481]
[12.415972]
[12.940573]
[12.900078]
[12.162332]
[12.35009]
[12.29292]
[12.27411]
[11.941936]
[10.590166]
[10.846954]
[10.558397]
[10.371091]
[10.422721]
[10.298838]
[10.280483]
[10.140841]
[10.158003]
[10.01456]
[9.971351]
[10.002881]
[9.843674]
[9.942851]
[9.84893]
[9.884818]
[9.843419]
[9.840978]
[9.772319]
[9.736422]
[9.655726]
[9.645062]
[9.559465]
[9.562015]
[9.56935]
[9.610595]
[9.531939]
[9.493951]
[9.590004]
[9.508563]
[9.148296]
[9.061743]
[8.93452]
[8.674316]
[8.581669]
[8.69412]
[8.768152]
[8.720045]
[8.646053]
[8.490378]
[8.627527]
[8.93435]
[9.948043]
[9.841291]
[9.525195]
[9.255948]
[9.044715]
[8.906011]
[8.806322]
[8.725602]
[8.792066]
[8.663366]
[8.6160145]
[8.629409]
[8.473312]
[8.495871]
[8.811105]
[8.974989]
[8.832394]
[9.027563]
[8.906511]
[8.38098]
[8.156705]
[7.9989257]
[7.9407053]
[7.848026]
[7.9239144]
[7.969655]
[7.895048]
[7.798486]
[7.864474]
[7.8163404]
[7.800257]
[7.8155103]
[7.828835]
[7.755365]
[7.80531]
[7.780352]
[7.775081]
[7.7185254]
[7.6698365]
[7.817585]
[7.675589]
[7.6764736]
[7.7649345]
[7.759299]
[7.741307]
[7.812419]
[7.8022056]
[7.943855]
[8.002023]
[6.5924435]
[6.3639135]
[6.1755095]
[5.62187]
[5.5131307]
[5.4835205]
[5.4698267]
[5.401703]
[5.45347]
[5.457112]
[5.40143]
[5.368585]
[5.3430614]
[5.3502336]
[5.2812886]
[5.191925]
[5.2480283]
[5.192328]
[5.141043]
[5.243627]
[5.276075]
[5.215676]
[5.1934767]
[5.1854935]
[5.200125]
[5.195927]
[5.1906323]
[5.184802]
[5.1949124]
[5.1334944]
[5.121645]
[5.1273503]
[5.4932523]
[5.471138]
[9.321754]
[5.9136567]
[7.070115]
[7.286882]
[5.5001245]
[5.2592196]
[5.2151885]
[5.157384]
[5.469556]
[5.157014]
[5.442234]
[5.1658626]
[5.431636]
[5.1617618]
[7.6164045]
[5.8090334]
[5.403808]
[5.393553]
[5.3839636]
[5.374493]
[5.3649516]
[5.0933256]
[5.3439794]
[5.1946554]
[7.67254]
[5.5378485]
[5.1225066]
[5.330839]
[5.1204753]
[5.120808]
[5.3106995]
[5.123973]
[5.2839313]
[5.2670803]
[5.1232285]
[5.2679567]
[5.153491]
[5.1214833]
[5.1402683]
[5.251766]
[5.1403255]
[5.230653]
[5.1373773]
[5.161875]
[5.187959]
[5.223641]
[5.0957623]
[5.1713657]
[5.2187157]
[5.1436067]
[5.171051]
[5.1972504]
[5.1496973]
[5.2187366]
[5.1599507]
[5.1084313]
[8.717425]
[8.705037]
[9.168224]
[8.720703]
[9.14592]
[9.243045]
[9.187156]
[9.154108]
[9.7267475]
[9.235188]
[9.662701]
[9.172346]
[9.598649]
[9.109651]
[9.5365925]
[9.621542]
[9.016262]
[8.950754]
[8.981374]
[8.99796]
[8.965625]
[8.832985]
[8.573336]
[8.717426]
[8.607296]
[9.022109]
[8.748829]
[8.658712]
[9.120627]
[9.180724]
[9.13885]
[10.572084]
[10.793052]
[10.759416]
[11.215036]
[10.774768]
[11.144533]
[11.687854]
[11.731122]
[14.218612]
[15.352456]
[13.853995]
[11.397238]
[11.405909]
[11.452171]
[11.839875]
[14.253602]
[11.883238]
[11.632434]
[11.562017]
[11.496962]
[10.5206375]
[10.156991]
[10.1508045]
[10.505206]
[11.183375]
[11.288389]
[10.904508]
[10.463924]
[10.243949]
[10.261836]
[10.897613]
[11.319143]
[11.516883]
[11.569585]
[11.284201]
[11.181071]
[10.954385]
[11.091635]
[11.989099]
[11.249009]
[9.037871]
[17.52404]
[18.062466]
[14.995331]
[12.381345]
[15.709573]
[16.350668]
[15.958225]
[15.76284]
[15.359412]
[15.046073]
[14.833051]
[14.593588]
[14.515964]
[15.081067]
[13.3195715]
[13.808508]
[14.142596]
[14.689535]
[14.692995]
[14.288885]
[13.844056]
[14.095543]
[15.278767]
[16.230211]
[16.84705]
[16.167414]
[16.255173]
[16.414011]
[17.223085]
[17.581627]
[16.62436]
[17.509909]
[17.234632]
[16.906527]
[17.329897]
[17.095863]
[16.771212]
[16.31827]
[16.120346]
[16.068611]
[15.766042]
[15.53714]
[15.627854]
[15.30639]
[15.613174]
[15.454748]
[15.314915]
[15.060548]
[14.796143]
[14.849737]
[14.402713]
[14.69837]
[14.853769]
[14.403434]
[15.62535]
[15.609182]
[15.183169]
[15.153943]
[14.788261]
[15.212673]
[15.083031]
[15.473796]
[18.710703]
[20.249966]
[19.77949]
[23.065247]
[25.982687]
[25.13773]
[23.071564]
[21.383749]
[5.545278]
[15.697863]
[17.618969]
[17.372814]
[20.87486]
[39.474815]
[45.191612]
[47.554623]
[51.872486]
[41.781036]
[39.874134]
[56.25829]
[65.127625]
[65.14375]
[64.69502]
[54.331608]
[69.47728]
[82.95036]
[93.469696]
[122.572464]
[108.11143]
[110.92995]
[102.58878]
[100.922676]
[97.22088]
[96.92579]
[92.37891]
[89.4075]
[86.057724]
[84.11125]
[68.785095]
[70.06535]
[86.59614]
[85.01135]
[84.74505]
[86.43083]
[77.732124]
[85.10987]
[107.11448]
[118.28161]
[132.7763]
[128.75325]
[127.14429]
[126.392075]
[128.41101]
[122.62082]
[98.05825]
[97.51254]
[93.04761]
[92.62762]
[90.39718]
[61.716427]
[53.175747]
[62.230934]
[57.80423]
[54.75425]
[44.38613]
[25.077696]
[21.870377]
[21.79633]
[33.61318]
[48.670437]
[43.703682]
[45.460144]
[37.663136]
[19.773071]
[15.833416]
[29.4034]
[19.010927]
[16.728745]
[16.019323]
[13.764988]
[13.08729]
[13.231582]
[15.725853]
[15.7532835]
[14.698213]
[13.62389]
[14.621697]
[12.52258]
[12.154962]
[13.420775]
[13.29033]
[12.566004]
[13.144034]
[13.3053465]
[13.602894]
[13.95493]
[16.341076]
[17.035545]
[13.405101]
[12.925555]
[13.568843]
[13.996519]
[13.874661]
[13.157755]
[13.343204]
[13.319707]
[12.586073]
[13.076272]
[11.427571]
[10.171252]
[11.454397]
[12.503615]
[14.954952]
[15.171966]
[18.437414]
[13.962272]
[13.494604]
[13.919912]
[12.08277]
[10.480911]
[12.102745]
[20.162704]
[11.491053]
[9.507919]
[11.02055]
[11.10451]
[15.733164]
[15.380145]
[13.798883]
[10.777638]
[11.496265]
[25.433762]
[31.104216]
[30.535404]
[28.74354]
[23.183462]
[13.775621]
[10.589172]
[9.915172]
[7.6441855]
[6.8700123]
[6.529072]
[6.2411027]
[5.621443]
[5.6642017]
[5.8451653]
[5.980637]
[5.6268125]
[5.574562]
[5.610113]
[5.3815556]
[5.382002][10.25]
[9.45]
[13.02]
[10.69]
[5.31]
[5.25]
[5.26]
[5.31]
[5.31]
[5.3]
[5.29]
[5.3]
[9.25]
[9.31]
[9.28]
[9.29]
[9.27]
[9.26]
[9.25]
[9.26]
[9.26]
[9.27]
[9.25]
[9.25]
[9.32]
[9.28]
[9.26]
[9.22]
[9.21]
[9.23]
[9.23]
[9.06]
[9.24]
[9.25]
[9.24]
[9.29]
[9.55]
[9.28]
[9.27]
[9.27]
[9.25]
[9.24]
[9.28]
[12.21]
[12.29]
[12.32]
[12.27]
[12.3]
[12.29]
[12.25]
[12.25]
[12.25]
[12.29]
[12.3]
[12.3]
[12.31]
[12.36]
[12.34]
[12.35]
[12.36]
[12.37]
[12.39]
[12.39]
[12.4]
[12.36]
[12.39]
[12.4]
[12.41]
[12.52]
[12.25]
[12.25]
[12.03]
[12.31]
[26.75]
[15.2]
[15.05]
[15.12]
[15.03]
[15.09]
[15.17]
[15.22]
[15.41]
[15.4]
[15.43]
[15.24]
[15.14]
[15.08]
[15.29]
[15.3]
[15.23]
[15.22]
[15.17]
[15.21]
[15.24]
[15.21]
[15.26]
[15.09]
[15.03]
[14.94]
[15.09]
[15.28]
[15.3]
[15.52]
[15.38]
[15.46]
[15.26]
[15.55]
[15.54]
[15.27]
[22.36]
[17.87]
[15.85]
[42.75]
[82.22]
[94.05]
[93.25]
[90.97]
[55.68]
[49.63]
[58.09]
[56.67]
[54.59]
[53.59]
[58.05]
[53.08]
[41.74]
[57.88]
[58.89]
[56.17]
[56.45]
[59.98]
[24.57]
[23.68]
[48.95]
[58.59]
[52.66]
[61.65]
[55.39]
[15.63]
[15.57]
[49.45]
[48.02]
[57.5]
[95.04]
[91.35]
[127.12]
[159.08]
[215.85]
[192.9]
[144.63]
[136.75]
[131.02]
[99.64]
[86.83]
[129.19]
[131.03]
[129.73]
[130.49]
[130.52]
[92.3]
[87.76]
[90.33]
[91.84]
[90.24]
[92.4]
[96.82]
[52.74]
[45.22]
[55.96]
[60.38]
[51.61]
[55.5]
[62.81]
[54.04]
[56.12]
[53.08]
[60.33]
[38.11]
[64.66]
[62.07]
[50.21]
[45.53]
[67.12]
[58.52]
[53.52]
[50.52]
[53.77]
[41.06]
[38.17]
[35.45]
[50.08]
[57.71]
[43.73]
[61.41]
[54.5]
[42.43]
[96.98]
[93.31]
[95.73]
[93.08]
[91.61]
[94.94]
[85.74]
[88.4]
[98.74]
[90.94]
[95.37]
[98.5]
[45.13]
[47.61]
[67.66]
[39.1]
[71.69]
[37.29]
[69.59]
[19.53]
[12.7]
[49.99]
[27.12]
[31.05]
[19.21]
[28.46]
[14.31]
[9.94]
[17.83]
[28.86]
[44.83]
[46.46]
[52.06]
[24.01]
[9.42]
[50.97]
[57.23]
[44.2]
[37.8]
[12.15]
[9.41]
[10.47]
[20.43]
[33.31]
[48.25]
[44.01]
[55.45]
[12.7]
[10.36]
[51.64]
[50.92]
[50.38]
[49.93]
[49.1]
[13.79]
[10.13]
[29.22]
[34.2]
[23.2]
[39.35]
[38.77]
[14.08]
[10.2]
[32.49]
[35.58]
[33.86]
[32.24]
[29.9]
[23.23]
[16.87]
[24.9]
[28.37]
[17.49]
[16.74]
[47.53]
[16.06]
[15.03]
[32.65]
[36.66]
[33.79]
[32.62]
[31.6]
[12.79]
[8.68]
[29.3]
[28.48]
[33.01]
[32.79]
[29.71]
[12.11]
[7.79]
[7.39]
[5.3]
[5.33]
[5.36]
[5.41]
[5.44]
[5.46]
[5.48]
[5.51]
[5.52]
[5.54]
[5.55]
[5.56]
[5.57]
[5.58]
[5.41]
[5.59]
[5.59]
[5.59]
[5.59]
[5.59]
[5.59]
[5.52]
[9.82]
[15.53]
[16.95]
[20.82]
[11.7]
[14.18]
[15.4]
[23.39]
[19.41]
[16.47]
[11.42]
[6.71]
[12.54]
[12.67]
[10.63]
[11.37]
[12.05]
[14.44]
[14.47]
[12.32]
[14.46]
[13.82]
[14.57]
[14.58]
[8.47]
[14.78]
[14.81]
[14.47]
[5.31]
[5.31]
[5.29]
[6.65]
[12.03]
[10.97]
[11.68]
[7.09]
[5.32]
[5.32]
[5.33]
[5.32]
[5.32]
[7.66]
[5.32]
[5.32]
[5.32]
[5.29]
[5.21]
[5.09]
[5.1]
[5.1]
[5.1]
[5.11]
[5.11]
[5.1]
[5.12]
[5.22]
[5.48]
[5.49]
[5.27]
[5.12]
[5.13]
[5.12]
[5.12]
[5.11]
[5.16]
[8.76]
[8.76]
[8.94]
[8.95]
[8.95]
[10.8]
[10.34]
[8.93]
[12.82]
[12.41]
[9.78]
[12.71]
[13.05]
[9.78]
[9.61]
[13.47]
[13.71]
[13.82]
[13.8]
[20.11]
[12.1]
[10.21]
[15.44]
[19.36]
[24.22]
[16.35]
[13.82]
[12.91]
[11.05]
[11.21]
[12.63]
[12.73]
[13.93]
[14.]
[12.75]
[12.72]
[14.06]
[13.64]
[13.18]
[14.13]
[14.47]
[12.97]
[12.08]
[13.53]
[13.92]
[14.]
[14.03]
[13.47]
[12.53]
[12.61]
[12.89]
[13.87]
[13.64]
[12.29]
[13.75]
[12.77]
[12.77]
[13.97]
[13.97]
[12.95]
[15.58]
[14.78]
[14.97]
[14.82]
[14.67]
[14.69]
[14.7]
[14.81]
[14.7]
[17.5]
[18.04]
[19.37]
[14.58]
[14.62]
[14.69]
[14.75]
[14.6]
[14.39]
[14.42]
[14.49]
[14.55]
[14.59]
[14.62]
[14.6]
[14.31]
[14.23]
[14.12]
[14.15]
[14.3]
[14.52]
[14.49]
[14.43]
[14.23]
[14.17]
[14.28]
[14.37]
[14.29]
[14.2]
[14.09]
[14.11]
[14.23]
[14.04]
[14.13]
[14.15]
[14.07]
[14.02]
[13.88]
[13.88]
[13.78]
[13.82]
[13.92]
[14.08]
[13.97]
[13.86]
[13.82]
[13.83]
[13.99]
[14.01]
[13.84]
[13.78]
[13.71]
[13.96]
[14.1]
[13.99]
[13.72]
[16.98]
[13.92]
[13.67]
[13.53]
[13.42]
[13.41]
[13.36]
[14.17]
[14.52]
[14.48]
[14.44]
[14.41]
[14.38]
[14.37]
[14.35]
[14.34]
[14.31]
[15.25]
[14.32]
[14.31]
[14.29]
[14.29]
[14.58]
[14.56]
[12.15]
[11.95]
[11.88]
[11.87]
[11.82]
[13.39]
[11.95]
[11.94]
[11.89]
[11.86]
[11.86]
[11.84]
[11.83]
[11.81]
[11.86]
[11.86]
[11.8]
[11.8]
[11.79]
[11.78]
[11.77]
[11.96]
[11.94]
[11.9]
[11.85]
[11.35]
[11.83]
[11.8]
[12.]
[12.06]
[12.03]
[9.66]
[9.6]
[9.59]
[9.63]
[9.74]
[9.73]
[9.68]
[9.68]
[9.7]
[9.68]
[9.68]
[9.67]
[9.67]
[9.73]
[9.77]
[9.75]
[9.77]
[9.77]
[9.77]
[9.74]
[9.74]
[9.73]
[9.72]
[9.75]
[9.75]
[9.79]
[9.77]
[9.77]
[9.78]
[9.77]
[9.09]
[9.09]
[8.91]
[8.69]
[8.69]
[8.66]
[8.69]
[8.7]
[8.7]
[8.66]
[8.67]
[8.77]
[8.78]
[8.78]
[8.77]
[8.78]
[8.77]
[8.74]
[8.74]
[8.77]
[8.77]
[8.77]
[8.76]
[8.77]
[8.76]
[8.77]
[8.77]
[8.76]
[8.76]
[8.77]
[8.71]
[8.26]
[8.23]
[8.06]
[8.02]
[8.01]
[8.04]
[8.06]
[8.04]
[8.05]
[8.06]
[8.05]
[8.05]
[8.07]
[8.07]
[8.06]
[8.04]
[8.08]
[8.07]
[8.07]
[8.03]
[8.1]
[8.09]
[8.1]
[8.11]
[8.1]
[8.11]
[8.12]
[8.11]
[8.11]
[8.13]
[6.13]
[6.11]
[5.91]
[5.29]
[5.35]
[5.29]
[5.31]
[5.3]
[5.3]
[5.3]
[5.31]
[5.3]
[5.27]
[5.29]
[5.29]
[5.29]
[5.3]
[5.3]
[5.34]
[5.31]
[5.31]
[5.32]
[5.32]
[5.31]
[5.33]
[5.32]
[5.32]
[5.31]
[5.33]
[5.32]
[5.34]
[5.34]
[5.89]
[5.74]
[5.51]
[5.5]
[7.49]
[7.16]
[5.55]
[5.56]
[5.48]
[5.43]
[5.41]
[5.42]
[5.48]
[5.44]
[5.44]
[5.44]
[7.99]
[5.37]
[5.4]
[5.41]
[5.38]
[5.38]
[5.39]
[5.38]
[5.38]
[5.43]
[5.4]
[5.41]
[5.42]
[5.41]
[5.41]
[5.41]
[5.41]
[5.42]
[5.44]
[5.44]
[5.45]
[5.47]
[5.47]
[5.4]
[5.42]
[5.44]
[5.46]
[5.47]
[5.46]
[5.46]
[5.47]
[5.47]
[5.42]
[5.48]
[5.49]
[5.48]
[5.46]
[5.46]
[5.5]
[5.51]
[5.48]
[5.46]
[9.04]
[9.13]
[9.13]
[9.16]
[9.17]
[9.17]
[9.19]
[9.21]
[9.24]
[9.24]
[9.22]
[9.2]
[9.27]
[9.28]
[9.28]
[9.29]
[9.32]
[9.33]
[9.33]
[9.34]
[9.36]
[9.37]
[9.38]
[9.41]
[9.41]
[9.41]
[9.41]
[9.42]
[9.83]
[9.49]
[9.52]
[12.18]
[12.29]
[12.29]
[12.33]
[12.37]
[12.42]
[12.45]
[12.39]
[15.27]
[16.55]
[14.11]
[12.06]
[12.15]
[12.22]
[12.2]
[14.89]
[12.24]
[12.29]
[12.3]
[12.82]
[12.19]
[12.16]
[12.29]
[12.32]
[12.3]
[12.41]
[12.47]
[12.46]
[12.66]
[12.65]
[14.68]
[15.59]
[15.66]
[15.62]
[15.61]
[15.62]
[15.55]
[15.55]
[15.53]
[15.48]
[15.58]
[15.63]
[15.67]
[15.73]
[15.76]
[15.69]
[15.74]
[15.74]
[15.7]
[15.75]
[15.81]
[15.74]
[15.69]
[15.67]
[15.67]
[15.69]
[15.71]
[15.78]
[15.82]
[15.85]
[15.84]
[15.82]
[15.81]
[15.68]
[15.65]
[15.45]
[15.76]
[15.72]
[15.72]
[15.72]
[15.86]
[15.62]
[15.55]
[15.84]
[15.47]
[15.85]
[15.91]
[15.89]
[15.6]
[15.96]
[15.99]
[15.84]
[15.77]
[15.99]
[15.57]
[15.56]
[15.78]
[15.69]
[15.67]
[15.63]
[15.75]
[15.5]
[15.92]
[15.96]
[15.99]
[16.2]
[15.99]
[15.99]
[15.96]
[15.93]
[15.94]
[15.96]
[15.89]
[15.75]
[15.57]
[14.85]
[16.98]
[17.18]
[17.15]
[16.64]
[16.94]
[16.89]
[16.85]
[16.85]
[16.82]
[22.09]
[48.14]
[54.09]
[52.25]
[50.82]
[26.21]
[24.32]
[46.38]
[54.6]
[55.32]
[58.59]
[42.22]
[59.61]
[52.27]
[91.07]
[134.99]
[99.13]
[93.08]
[89.49]
[90.15]
[90.7]
[92.91]
[90.54]
[92.41]
[91.17]
[89.85]
[54.37]
[55.31]
[91.98]
[89.63]
[92.51]
[92.65]
[53.92]
[58.15]
[118.86]
[121.02]
[128.01]
[129.11]
[130.04]
[130.07]
[129.96]
[130.52]
[93.73]
[94.19]
[93.43]
[94.32]
[94.03]
[49.04]
[42.92]
[63.69]
[56.03]
[54.7]
[38.34]
[11.79]
[11.72]
[12.96]
[33.11]
[57.23]
[47.44]
[52.93]
[38.46]
[13.38]
[10.84]
[32.12]
[12.86]
[13.04]
[11.96]
[9.06]
[9.09]
[9.87]
[13.99]
[13.87]
[12.77]
[11.54]
[13.62]
[10.08]
[9.89]
[11.66]
[11.41]
[10.97]
[12.27]
[12.58]
[13.52]
[14.11]
[18.19]
[19.12]
[13.6]
[13.55]
[13.48]
[13.43]
[13.64]
[13.07]
[13.76]
[13.75]
[12.85]
[13.71]
[11.22]
[9.92]
[11.7]
[12.05]
[15.5]
[15.5]
[20.41]
[11.86]
[11.21]
[12.16]
[10.03]
[8.58]
[11.93]
[24.96]
[9.81]
[9.12]
[11.89]
[11.97]
[19.72]
[18.14]
[16.04]
[11.71]
[13.74]
[39.18]
[46.43]
[42.22]
[40.7]
[29.17]
[11.6]
[7.7]
[7.77]
[5.18]
[5.21]
[5.24]
[5.27]
[5.28]
[5.29]
[5.31]
[5.33]
[5.34]
[5.35]
[5.36]
[5.37]
[5.38]
[5.39]