0.8865273539353915, 0.8959291628897029, 11.562950870242416, 205.05385473548853[10.372139]
[8.068223]
[7.0011597]
[8.595913]
[7.830246]
[4.9635954]
[4.2176433]
[4.3464704]
[4.2935133]
[4.2935815]
[4.3222504]
[4.201441]
[4.316775]
[6.18567]
[6.844809]
[6.75696]
[6.854983]
[7.211641]
[9.046298]
[10.218383]
[8.531733]
[7.7749653]
[7.4538746]
[7.4070606]
[7.288578]
[7.305661]
[7.3146343]
[7.317169]
[7.176139]
[7.1574545]
[7.048085]
[7.136012]
[7.338158]
[7.34915]
[7.244103]
[7.3662634]
[7.3270206]
[7.232618]
[11.01546]
[8.473335]
[7.7254677]
[8.358371]
[8.683784]
[8.438908]
[9.713654]
[9.962352]
[9.828456]
[9.934605]
[9.790297]
[10.424256]
[10.705803]
[10.48579]
[10.023101]
[10.119557]
[9.910576]
[9.865825]
[9.883538]
[9.94099]
[9.829345]
[9.818226]
[9.846475]
[9.883381]
[9.773533]
[9.895962]
[9.92789]
[9.943734]
[10.608399]
[10.853033]
[10.325794]
[10.574832]
[12.712623]
[8.3748]
[9.359677]
[10.028289]
[32.86058]
[14.229317]
[11.87652]
[11.837796]
[11.8172655]
[11.853147]
[12.07285]
[12.219073]
[12.104039]
[12.264492]
[12.367507]
[12.146862]
[12.24005]
[12.480295]
[12.70763]
[12.498228]
[12.637931]
[12.577531]
[13.276122]
[13.045685]
[12.702489]
[12.919269]
[12.926663]
[12.725694]
[12.684321]
[12.253426]
[12.796066]
[13.386767]
[13.063501]
[13.438055]
[13.565139]
[13.192688]
[18.022749]
[19.400513]
[17.229153]
[23.314001]
[38.820374]
[40.51717]
[62.929836]
[74.816505]
[82.50003]
[85.63885]
[114.71224]
[88.39413]
[67.26534]
[54.092434]
[54.463257]
[52.728928]
[47.9608]
[43.61667]
[43.887733]
[40.614567]
[33.37657]
[39.855755]
[42.084248]
[40.203735]
[40.42154]
[43.971806]
[26.259394]
[23.02636]
[35.52131]
[40.64686]
[36.36528]
[39.98533]
[35.95469]
[18.808544]
[19.741564]
[40.235497]
[41.098705]
[46.298405]
[90.43142]
[125.98358]
[158.27509]
[170.9474]
[197.60036]
[155.20793]
[136.28557]
[129.5162]
[121.23626]
[97.34875]
[78.52517]
[100.17182]
[103.239876]
[103.91647]
[107.65933]
[108.721466]
[86.94443]
[91.350655]
[91.966644]
[87.33988]
[81.61904]
[80.48214]
[83.38886]
[56.634247]
[57.115078]
[63.32569]
[72.234535]
[62.221447]
[64.470436]
[63.69755]
[54.236275]
[50.91538]
[46.481213]
[47.970448]
[35.133568]
[45.351665]
[45.31]
[39.59671]
[37.92193]
[48.2619]
[42.217216]
[37.250305]
[34.36803]
[35.58575]
[32.072487]
[34.89456]
[37.041462]
[48.78219]
[61.637184]
[51.715584]
[58.936184]
[51.25792]
[42.0398]
[79.094894]
[87.40737]
[82.046486]
[74.3703]
[69.84639]
[70.5971]
[66.96645]
[73.305115]
[82.91922]
[79.54302]
[82.97668]
[91.92424]
[59.22083]
[60.22051]
[76.28923]
[54.54954]
[64.40903]
[45.477608]
[56.833317]
[31.612862]
[23.565561]
[39.236916]
[29.935219]
[28.25213]
[22.437395]
[24.374308]
[18.64672]
[14.491295]
[16.924898]
[21.35223]
[26.81634]
[27.60148]
[30.48383]
[21.986753]
[16.55016]
[32.634884]
[37.94968]
[31.118992]
[28.861029]
[20.207779]
[17.02384]
[18.09053]
[20.710007]
[23.8881]
[28.832605]
[26.973928]
[31.16922]
[15.436257]
[12.350985]
[29.513474]
[29.26594]
[28.307207]
[28.617136]
[27.399492]
[15.5211735]
[14.573302]
[23.516378]
[24.32976]
[19.390287]
[23.397621]
[23.109161]
[14.003672]
[10.097605]
[18.514463]
[20.528362]
[19.723858]
[18.419897]
[17.505875]
[14.718096]
[12.068603]
[15.029891]
[17.088419]
[13.875319]
[14.758991]
[30.042559]
[17.826778]
[13.147941]
[19.458029]
[21.189322]
[19.90552]
[19.053211]
[18.159628]
[11.0142975]
[7.726944]
[15.920319]
[16.171215]
[17.329365]
[18.188612]
[17.234755]
[10.675112]
[6.871642]
[6.1545506]
[4.967668]
[4.6583505]
[4.6106644]
[5.026759]
[4.9590273]
[4.6522684]
[4.57496]
[4.4677863]
[4.566581]
[4.463957]
[4.4125376]
[4.2763715]
[4.2494526]
[4.253743]
[4.1652346]
[4.1856194]
[4.084962]
[4.0571327]
[4.0571327]
[4.0571327]
[4.0571327]
[3.9998555]
[5.8149276]
[9.675708]
[9.833302]
[11.04371]
[8.176493]
[8.528828]
[9.200277]
[12.227766]
[11.467092]
[10.249094]
[8.004214]
[5.221314]
[7.494349]
[8.018653]
[7.1079426]
[7.2639203]
[7.677104]
[8.969865]
[9.302681]
[8.254464]
[9.006755]
[14.405289]
[10.635989]
[9.72733]
[6.7924623]
[9.403245]
[9.918008]
[9.685805]
[5.441516]
[4.2908893]
[4.31047]
[5.0052342]
[7.7062774]
[8.063373]
[8.073067]
[5.891474]
[4.4999948]
[4.3285527]
[4.3514814]
[4.384203]
[4.264963]
[5.5182395]
[4.646485]
[4.2843065]
[4.4210324]
[4.3099294]
[4.3804107]
[4.033419]
[4.725936]
[4.834905]
[4.609802]
[4.6251235]
[4.427855]
[4.38628]
[4.39801]
[4.4802647]
[4.5308595]
[4.5823865]
[4.412635]
[4.687881]
[4.393679]
[4.431104]
[4.4536567]
[4.4543123]
[4.5090795]
[6.2120275]
[6.7801123]
[10.757836]
[8.066175]
[6.8805594]
[8.081477]
[7.81992]
[7.1449842]
[9.707859]
[9.396933]
[7.8386993]
[9.258228]
[9.75824]
[8.091134]
[7.735376]
[9.986123]
[10.8511715]
[10.63981]
[10.646366]
[14.607063]
[10.281122]
[8.339172]
[11.632161]
[14.738265]
[17.609964]
[12.772295]
[10.859947]
[10.229601]
[9.035506]
[9.029031]
[9.818066]
[10.021861]
[10.895971]
[11.054325]
[10.322942]
[10.331922]
[11.201496]
[10.815955]
[10.842317]
[11.627608]
[11.695907]
[10.657169]
[10.113513]
[11.081251]
[11.3438015]
[11.178778]
[11.127847]
[10.715387]
[10.138318]
[10.055805]
[10.678498]
[12.367172]
[12.11303]
[10.407776]
[11.489538]
[12.033576]
[11.430607]
[11.765967]
[11.772492]
[10.935097]
[12.652634]
[12.139301]
[12.060857]
[11.996602]
[11.897741]
[11.8200445]
[11.686154]
[11.818649]
[11.745003]
[13.66074]
[16.709003]
[15.592459]
[11.846618]
[11.553862]
[11.894891]
[12.4282465]
[12.519755]
[12.24096]
[12.076112]
[12.058953]
[12.169039]
[12.278809]
[12.244308]
[12.251881]
[12.052432]
[11.900353]
[11.768441]
[11.845379]
[11.878251]
[12.044367]
[11.962977]
[11.911714]
[11.803861]
[11.751929]
[11.733626]
[11.814145]
[11.721148]
[11.5545225]
[11.464555]
[11.455932]
[11.542429]
[11.416505]
[11.449067]
[11.488538]
[11.513211]
[11.469258]
[11.247798]
[11.29649]
[11.14705]
[11.080258]
[11.217254]
[11.290698]
[11.223879]
[11.196284]
[11.226668]
[11.250404]
[11.464704]
[11.625127]
[11.658502]
[11.732931]
[11.740869]
[11.932578]
[12.166979]
[12.287099]
[13.744193]
[18.381037]
[23.04736]
[7.908662]
[11.502778]
[12.899644]
[12.278113]
[12.766512]
[13.532327]
[13.901756]
[13.805487]
[13.8023815]
[13.678855]
[13.571019]
[13.311576]
[13.232587]
[13.242163]
[13.100879]
[13.542059]
[13.000599]
[12.812129]
[12.721119]
[12.681872]
[12.146846]
[12.717677]
[11.424618]
[10.906988]
[10.712016]
[10.904404]
[10.995137]
[11.905439]
[11.138733]
[10.7177305]
[10.566935]
[10.641166]
[10.58129]
[10.178332]
[10.583697]
[10.582469]
[10.682569]
[10.528961]
[10.553359]
[10.544539]
[10.524114]
[10.338518]
[10.143641]
[10.097245]
[10.93592]
[11.130507]
[11.490139]
[11.743309]
[10.866067]
[11.274498]
[11.09462]
[11.093829]
[10.451579]
[9.1835]
[9.690945]
[9.3258705]
[9.140851]
[9.251408]
[9.092046]
[9.160591]
[8.968807]
[9.05885]
[8.870618]
[8.827596]
[8.927944]
[8.68647]
[8.868512]
[8.69144]
[8.791731]
[8.72009]
[8.747489]
[8.647748]
[8.646201]
[8.532085]
[8.54848]
[8.435351]
[8.4292965]
[8.439753]
[8.501778]
[8.398796]
[8.332668]
[8.4840145]
[8.321882]
[8.132708]
[7.9997845]
[7.933107]
[7.6728]
[7.5026054]
[7.674831]
[7.7725406]
[7.7298703]
[7.65827]
[7.389948]
[7.455814]
[7.5470047]
[8.859132]
[8.743215]
[8.492509]
[8.235596]
[8.01334]
[7.885724]
[7.7896533]
[7.6386194]
[7.804236]
[7.620261]
[7.5724254]
[7.648473]
[7.4074073]
[7.314301]
[7.7069087]
[7.9789515]
[7.663009]
[8.016799]
[7.9254794]
[7.4527903]
[7.177149]
[7.051303]
[7.0260954]
[6.8722925]
[6.9675407]
[7.047287]
[6.9846797]
[6.82877]
[6.953542]
[6.8813367]
[6.866111]
[6.8797073]
[6.9257503]
[6.797149]
[6.9088626]
[6.850918]
[6.8787713]
[6.79512]
[6.7301326]
[6.9388447]
[6.78976]
[6.728449]
[6.842368]
[6.9135876]
[6.7942934]
[6.889292]
[6.832797]
[7.0246725]
[7.0776443]
[6.046753]
[5.807342]
[5.68658]
[5.248717]
[5.2535086]
[5.1320524]
[5.2426596]
[5.1864734]
[5.1321845]
[5.257156]
[5.2056713]
[5.1966844]
[5.1897535]
[5.198589]
[5.1849866]
[5.056725]
[5.0943604]
[5.1354027]
[4.944999]
[5.0978847]
[5.1723943]
[5.049439]
[5.045725]
[5.036609]
[5.0408006]
[5.0367312]
[5.0280423]
[5.020183]
[5.022148]
[4.9853654]
[4.9017863]
[4.987839]
[5.136418]
[5.189793]
[7.947939]
[5.6268015]
[6.2927136]
[6.453554]
[5.20841]
[4.985085]
[4.9465065]
[4.897129]
[5.0881076]
[4.8686914]
[5.0677276]
[4.862879]
[5.053134]
[4.848785]
[6.5522366]
[5.3837514]
[4.9913316]
[4.978354]
[4.965886]
[4.9491997]
[4.932475]
[4.7562265]
[4.9175634]
[4.80165]
[6.625566]
[5.0758853]
[4.7494063]
[4.854857]
[4.6896224]
[4.7229896]
[4.814965]
[4.662659]
[4.7945247]
[4.7277203]
[4.646233]
[4.759364]
[4.6294923]
[4.657182]
[4.6366086]
[4.696822]
[4.583307]
[4.684956]
[4.5603657]
[4.6295996]
[4.619044]
[4.629083]
[4.4953027]
[4.596802]
[4.601504]
[4.4977684]
[4.576359]
[4.557903]
[4.4727626]
[4.576358]
[4.4594197]
[4.438717]
[7.1014237]
[7.2688985]
[7.611992]
[7.218447]
[7.5502086]
[7.5898814]
[7.5122294]
[7.4639587]
[8.019732]
[7.4568143]
[7.9337254]
[7.3704777]
[7.8473034]
[7.34633]
[7.898469]
[7.9902916]
[7.4988384]
[7.5434217]
[7.614149]
[7.6722326]
[7.7422695]
[7.7684975]
[7.696931]
[8.009491]
[7.7194996]
[8.258287]
[7.9907913]
[7.7386537]
[8.483724]
[8.44655]
[8.415811]
[10.070993]
[10.128985]
[10.0655775]
[10.540549]
[9.974512]
[10.406869]
[10.904538]
[10.8625555]
[13.577717]
[14.794049]
[13.139725]
[10.144756]
[10.36663]
[10.315337]
[10.710745]
[13.509584]
[10.723318]
[10.438207]
[10.409653]
[10.854057]
[9.986827]
[9.927558]
[10.174598]
[10.382258]
[10.519058]
[10.710938]
[10.640767]
[10.60584]
[10.7297945]
[10.788355]
[12.073969]
[12.780132]
[13.124289]
[13.4642]
[13.095159]
[13.381486]
[13.112362]
[13.198421]
[13.364432]
[12.95905]
[26.804564]
[16.354683]
[13.813578]
[14.051764]
[11.873851]
[14.176183]
[14.161639]
[14.07295]
[13.965391]
[13.942197]
[13.933187]
[13.87541]
[13.84815]
[13.838781]
[13.481929]
[13.729507]
[14.843142]
[13.386696]
[13.8764]
[13.728787]
[14.310693]
[12.5136795]
[11.471642]
[11.547335]
[11.305274]
[13.104372]
[11.412457]
[14.9615965]
[15.184178]
[14.989567]
[15.203311]
[15.309557]
[14.591867]
[15.031953]
[14.846492]
[15.035387]
[15.30483]
[15.386047]
[15.075248]
[15.323948]
[15.3559885]
[15.262368]
[15.190581]
[15.312021]
[14.946225]
[15.6119375]
[15.520004]
[15.216832]
[15.102652]
[14.848805]
[14.736756]
[14.465405]
[14.812696]
[14.899191]
[15.1136]
[15.719093]
[15.010034]
[14.758237]
[14.62806]
[14.63256]
[14.830528]
[14.775327]
[15.209007]
[17.718916]
[19.821793]
[18.568678]
[21.892593]
[25.925434]
[23.86856]
[20.60831]
[19.07897]
[5.258116]
[13.462413]
[16.899754]
[16.506935]
[19.156965]
[33.617985]
[38.691315]
[43.785522]
[49.56869]
[38.410263]
[39.519176]
[51.997032]
[61.155025]
[64.63118]
[62.319435]
[50.32111]
[55.81598]
[67.68121]
[93.979614]
[109.89118]
[103.26972]
[98.14055]
[102.525955]
[95.39123]
[96.623764]
[94.91253]
[90.047905]
[85.65443]
[79.61444]
[76.257835]
[54.824463]
[62.649406]
[84.658646]
[79.3025]
[76.84285]
[78.1001]
[53.97948]
[70.39505]
[108.56188]
[113.86955]
[112.30504]
[123.66962]
[124.48561]
[122.23682]
[119.37819]
[120.13991]
[94.87718]
[87.89013]
[91.25675]
[89.140396]
[85.169716]
[54.422195]
[46.31735]
[54.424847]
[49.4463]
[46.15273]
[35.92788]
[21.86174]
[18.153944]
[18.613575]
[26.794962]
[37.99667]
[33.09298]
[34.68531]
[28.112177]
[17.205761]
[13.454114]
[23.30447]
[16.63888]
[14.13426]
[13.277065]
[11.623678]
[10.681506]
[10.652499]
[12.293716]
[12.328151]
[11.440842]
[10.506641]
[11.117657]
[9.58063]
[9.242031]
[10.08434]
[10.140817]
[9.531705]
[9.672829]
[9.802423]
[9.925314]
[9.960194]
[11.424447]
[11.637078]
[9.605984]
[9.096969]
[9.523954]
[10.206308]
[10.252945]
[9.584113]
[9.576786]
[9.516665]
[9.085773]
[9.243003]
[8.374372]
[7.386481]
[8.062816]
[8.878202]
[10.769263]
[10.882444]
[12.673278]
[10.345452]
[9.960831]
[10.710055]
[9.1839905]
[7.8639917]
[8.773776]
[13.347386]
[8.620775]
[6.7639933]
[7.835813]
[7.8017855]
[10.428884]
[10.131819]
[9.380036]
[7.617629]
[7.9935365]
[15.986381]
[19.170712]
[18.438019]
[18.132551]
[14.235981]
[10.041745]
[8.971518]
[7.815417]
[6.1621075]
[5.227207]
[4.9134583]
[4.676104]
[4.3285675]
[3.9650865]
[4.2999773]
[4.3094153]
[4.2870097]
[3.9471834]
[4.1145935]
[3.977726]
[3.8365238][10.25]
[9.45]
[13.02]
[10.69]
[5.31]
[5.25]
[5.26]
[5.31]
[5.31]
[5.3]
[5.29]
[5.3]
[9.25]
[9.31]
[9.28]
[9.29]
[9.27]
[9.26]
[9.25]
[9.26]
[9.26]
[9.27]
[9.25]
[9.25]
[9.32]
[9.28]
[9.26]
[9.22]
[9.21]
[9.23]
[9.23]
[9.06]
[9.24]
[9.25]
[9.24]
[9.29]
[9.55]
[9.28]
[9.27]
[9.27]
[9.25]
[9.24]
[9.28]
[12.21]
[12.29]
[12.32]
[12.27]
[12.3]
[12.29]
[12.25]
[12.25]
[12.25]
[12.29]
[12.3]
[12.3]
[12.31]
[12.36]
[12.34]
[12.35]
[12.36]
[12.37]
[12.39]
[12.39]
[12.4]
[12.36]
[12.39]
[12.4]
[12.41]
[12.52]
[12.25]
[12.25]
[12.03]
[12.31]
[26.75]
[15.2]
[15.05]
[15.12]
[15.03]
[15.09]
[15.17]
[15.22]
[15.41]
[15.4]
[15.43]
[15.24]
[15.14]
[15.08]
[15.29]
[15.3]
[15.23]
[15.22]
[15.17]
[15.21]
[15.24]
[15.21]
[15.26]
[15.09]
[15.03]
[14.94]
[15.09]
[15.28]
[15.3]
[15.52]
[15.38]
[15.46]
[15.26]
[15.55]
[15.54]
[15.27]
[22.36]
[17.87]
[15.85]
[42.75]
[82.22]
[94.05]
[93.25]
[90.97]
[55.68]
[49.63]
[58.09]
[56.67]
[54.59]
[53.59]
[58.05]
[53.08]
[41.74]
[57.88]
[58.89]
[56.17]
[56.45]
[59.98]
[24.57]
[23.68]
[48.95]
[58.59]
[52.66]
[61.65]
[55.39]
[15.63]
[15.57]
[49.45]
[48.02]
[57.5]
[95.04]
[91.35]
[127.12]
[159.08]
[215.85]
[192.9]
[144.63]
[136.75]
[131.02]
[99.64]
[86.83]
[129.19]
[131.03]
[129.73]
[130.49]
[130.52]
[92.3]
[87.76]
[90.33]
[91.84]
[90.24]
[92.4]
[96.82]
[52.74]
[45.22]
[55.96]
[60.38]
[51.61]
[55.5]
[62.81]
[54.04]
[56.12]
[53.08]
[60.33]
[38.11]
[64.66]
[62.07]
[50.21]
[45.53]
[67.12]
[58.52]
[53.52]
[50.52]
[53.77]
[41.06]
[38.17]
[35.45]
[50.08]
[57.71]
[43.73]
[61.41]
[54.5]
[42.43]
[96.98]
[93.31]
[95.73]
[93.08]
[91.61]
[94.94]
[85.74]
[88.4]
[98.74]
[90.94]
[95.37]
[98.5]
[45.13]
[47.61]
[67.66]
[39.1]
[71.69]
[37.29]
[69.59]
[19.53]
[12.7]
[49.99]
[27.12]
[31.05]
[19.21]
[28.46]
[14.31]
[9.94]
[17.83]
[28.86]
[44.83]
[46.46]
[52.06]
[24.01]
[9.42]
[50.97]
[57.23]
[44.2]
[37.8]
[12.15]
[9.41]
[10.47]
[20.43]
[33.31]
[48.25]
[44.01]
[55.45]
[12.7]
[10.36]
[51.64]
[50.92]
[50.38]
[49.93]
[49.1]
[13.79]
[10.13]
[29.22]
[34.2]
[23.2]
[39.35]
[38.77]
[14.08]
[10.2]
[32.49]
[35.58]
[33.86]
[32.24]
[29.9]
[23.23]
[16.87]
[24.9]
[28.37]
[17.49]
[16.74]
[47.53]
[16.06]
[15.03]
[32.65]
[36.66]
[33.79]
[32.62]
[31.6]
[12.79]
[8.68]
[29.3]
[28.48]
[33.01]
[32.79]
[29.71]
[12.11]
[7.79]
[7.39]
[5.3]
[5.33]
[5.36]
[5.41]
[5.44]
[5.46]
[5.48]
[5.51]
[5.52]
[5.54]
[5.55]
[5.56]
[5.57]
[5.58]
[5.41]
[5.59]
[5.59]
[5.59]
[5.59]
[5.59]
[5.59]
[5.52]
[9.82]
[15.53]
[16.95]
[20.82]
[11.7]
[14.18]
[15.4]
[23.39]
[19.41]
[16.47]
[11.42]
[6.71]
[12.54]
[12.67]
[10.63]
[11.37]
[12.05]
[14.44]
[14.47]
[12.32]
[14.46]
[13.82]
[14.57]
[14.58]
[8.47]
[14.78]
[14.81]
[14.47]
[5.31]
[5.31]
[5.29]
[6.65]
[12.03]
[10.97]
[11.68]
[7.09]
[5.32]
[5.32]
[5.33]
[5.32]
[5.32]
[7.66]
[5.32]
[5.32]
[5.32]
[5.29]
[5.21]
[5.09]
[5.1]
[5.1]
[5.1]
[5.11]
[5.11]
[5.1]
[5.12]
[5.22]
[5.48]
[5.49]
[5.27]
[5.12]
[5.13]
[5.12]
[5.12]
[5.11]
[5.16]
[8.76]
[8.76]
[8.94]
[8.95]
[8.95]
[10.8]
[10.34]
[8.93]
[12.82]
[12.41]
[9.78]
[12.71]
[13.05]
[9.78]
[9.61]
[13.47]
[13.71]
[13.82]
[13.8]
[20.11]
[12.1]
[10.21]
[15.44]
[19.36]
[24.22]
[16.35]
[13.82]
[12.91]
[11.05]
[11.21]
[12.63]
[12.73]
[13.93]
[14.]
[12.75]
[12.72]
[14.06]
[13.64]
[13.18]
[14.13]
[14.47]
[12.97]
[12.08]
[13.53]
[13.92]
[14.]
[14.03]
[13.47]
[12.53]
[12.61]
[12.89]
[13.87]
[13.64]
[12.29]
[13.75]
[12.77]
[12.77]
[13.97]
[13.97]
[12.95]
[15.58]
[14.78]
[14.97]
[14.82]
[14.67]
[14.69]
[14.7]
[14.81]
[14.7]
[17.5]
[18.04]
[19.37]
[14.58]
[14.62]
[14.69]
[14.75]
[14.6]
[14.39]
[14.42]
[14.49]
[14.55]
[14.59]
[14.62]
[14.6]
[14.31]
[14.23]
[14.12]
[14.15]
[14.3]
[14.52]
[14.49]
[14.43]
[14.23]
[14.17]
[14.28]
[14.37]
[14.29]
[14.2]
[14.09]
[14.11]
[14.23]
[14.04]
[14.13]
[14.15]
[14.07]
[14.02]
[13.88]
[13.88]
[13.78]
[13.82]
[13.92]
[14.08]
[13.97]
[13.86]
[13.82]
[13.83]
[13.99]
[14.01]
[13.84]
[13.78]
[13.71]
[13.96]
[14.1]
[13.99]
[13.72]
[16.98]
[13.92]
[13.67]
[13.53]
[13.42]
[13.41]
[13.36]
[14.17]
[14.52]
[14.48]
[14.44]
[14.41]
[14.38]
[14.37]
[14.35]
[14.34]
[14.31]
[15.25]
[14.32]
[14.31]
[14.29]
[14.29]
[14.58]
[14.56]
[12.15]
[11.95]
[11.88]
[11.87]
[11.82]
[13.39]
[11.95]
[11.94]
[11.89]
[11.86]
[11.86]
[11.84]
[11.83]
[11.81]
[11.86]
[11.86]
[11.8]
[11.8]
[11.79]
[11.78]
[11.77]
[11.96]
[11.94]
[11.9]
[11.85]
[11.35]
[11.83]
[11.8]
[12.]
[12.06]
[12.03]
[9.66]
[9.6]
[9.59]
[9.63]
[9.74]
[9.73]
[9.68]
[9.68]
[9.7]
[9.68]
[9.68]
[9.67]
[9.67]
[9.73]
[9.77]
[9.75]
[9.77]
[9.77]
[9.77]
[9.74]
[9.74]
[9.73]
[9.72]
[9.75]
[9.75]
[9.79]
[9.77]
[9.77]
[9.78]
[9.77]
[9.09]
[9.09]
[8.91]
[8.69]
[8.69]
[8.66]
[8.69]
[8.7]
[8.7]
[8.66]
[8.67]
[8.77]
[8.78]
[8.78]
[8.77]
[8.78]
[8.77]
[8.74]
[8.74]
[8.77]
[8.77]
[8.77]
[8.76]
[8.77]
[8.76]
[8.77]
[8.77]
[8.76]
[8.76]
[8.77]
[8.71]
[8.26]
[8.23]
[8.06]
[8.02]
[8.01]
[8.04]
[8.06]
[8.04]
[8.05]
[8.06]
[8.05]
[8.05]
[8.07]
[8.07]
[8.06]
[8.04]
[8.08]
[8.07]
[8.07]
[8.03]
[8.1]
[8.09]
[8.1]
[8.11]
[8.1]
[8.11]
[8.12]
[8.11]
[8.11]
[8.13]
[6.13]
[6.11]
[5.91]
[5.29]
[5.35]
[5.29]
[5.31]
[5.3]
[5.3]
[5.3]
[5.31]
[5.3]
[5.27]
[5.29]
[5.29]
[5.29]
[5.3]
[5.3]
[5.34]
[5.31]
[5.31]
[5.32]
[5.32]
[5.31]
[5.33]
[5.32]
[5.32]
[5.31]
[5.33]
[5.32]
[5.34]
[5.34]
[5.89]
[5.74]
[5.51]
[5.5]
[7.49]
[7.16]
[5.55]
[5.56]
[5.48]
[5.43]
[5.41]
[5.42]
[5.48]
[5.44]
[5.44]
[5.44]
[7.99]
[5.37]
[5.4]
[5.41]
[5.38]
[5.38]
[5.39]
[5.38]
[5.38]
[5.43]
[5.4]
[5.41]
[5.42]
[5.41]
[5.41]
[5.41]
[5.41]
[5.42]
[5.44]
[5.44]
[5.45]
[5.47]
[5.47]
[5.4]
[5.42]
[5.44]
[5.46]
[5.47]
[5.46]
[5.46]
[5.47]
[5.47]
[5.42]
[5.48]
[5.49]
[5.48]
[5.46]
[5.46]
[5.5]
[5.51]
[5.48]
[5.46]
[9.04]
[9.13]
[9.13]
[9.16]
[9.17]
[9.17]
[9.19]
[9.21]
[9.24]
[9.24]
[9.22]
[9.2]
[9.27]
[9.28]
[9.28]
[9.29]
[9.32]
[9.33]
[9.33]
[9.34]
[9.36]
[9.37]
[9.38]
[9.41]
[9.41]
[9.41]
[9.41]
[9.42]
[9.83]
[9.49]
[9.52]
[12.18]
[12.29]
[12.29]
[12.33]
[12.37]
[12.42]
[12.45]
[12.39]
[15.27]
[16.55]
[14.11]
[12.06]
[12.15]
[12.22]
[12.2]
[14.89]
[12.24]
[12.29]
[12.3]
[12.82]
[12.19]
[12.16]
[12.29]
[12.32]
[12.3]
[12.41]
[12.47]
[12.46]
[12.66]
[12.65]
[14.68]
[15.59]
[15.66]
[15.62]
[15.61]
[15.62]
[15.55]
[15.55]
[15.53]
[15.48]
[15.58]
[15.63]
[15.67]
[15.73]
[15.76]
[15.69]
[15.74]
[15.74]
[15.7]
[15.75]
[15.81]
[15.74]
[15.69]
[15.67]
[15.67]
[15.69]
[15.71]
[15.78]
[15.82]
[15.85]
[15.84]
[15.82]
[15.81]
[15.68]
[15.65]
[15.45]
[15.76]
[15.72]
[15.72]
[15.72]
[15.86]
[15.62]
[15.55]
[15.84]
[15.47]
[15.85]
[15.91]
[15.89]
[15.6]
[15.96]
[15.99]
[15.84]
[15.77]
[15.99]
[15.57]
[15.56]
[15.78]
[15.69]
[15.67]
[15.63]
[15.75]
[15.5]
[15.92]
[15.96]
[15.99]
[16.2]
[15.99]
[15.99]
[15.96]
[15.93]
[15.94]
[15.96]
[15.89]
[15.75]
[15.57]
[14.85]
[16.98]
[17.18]
[17.15]
[16.64]
[16.94]
[16.89]
[16.85]
[16.85]
[16.82]
[22.09]
[48.14]
[54.09]
[52.25]
[50.82]
[26.21]
[24.32]
[46.38]
[54.6]
[55.32]
[58.59]
[42.22]
[59.61]
[52.27]
[91.07]
[134.99]
[99.13]
[93.08]
[89.49]
[90.15]
[90.7]
[92.91]
[90.54]
[92.41]
[91.17]
[89.85]
[54.37]
[55.31]
[91.98]
[89.63]
[92.51]
[92.65]
[53.92]
[58.15]
[118.86]
[121.02]
[128.01]
[129.11]
[130.04]
[130.07]
[129.96]
[130.52]
[93.73]
[94.19]
[93.43]
[94.32]
[94.03]
[49.04]
[42.92]
[63.69]
[56.03]
[54.7]
[38.34]
[11.79]
[11.72]
[12.96]
[33.11]
[57.23]
[47.44]
[52.93]
[38.46]
[13.38]
[10.84]
[32.12]
[12.86]
[13.04]
[11.96]
[9.06]
[9.09]
[9.87]
[13.99]
[13.87]
[12.77]
[11.54]
[13.62]
[10.08]
[9.89]
[11.66]
[11.41]
[10.97]
[12.27]
[12.58]
[13.52]
[14.11]
[18.19]
[19.12]
[13.6]
[13.55]
[13.48]
[13.43]
[13.64]
[13.07]
[13.76]
[13.75]
[12.85]
[13.71]
[11.22]
[9.92]
[11.7]
[12.05]
[15.5]
[15.5]
[20.41]
[11.86]
[11.21]
[12.16]
[10.03]
[8.58]
[11.93]
[24.96]
[9.81]
[9.12]
[11.89]
[11.97]
[19.72]
[18.14]
[16.04]
[11.71]
[13.74]
[39.18]
[46.43]
[42.22]
[40.7]
[29.17]
[11.6]
[7.7]
[7.77]
[5.18]
[5.21]
[5.24]
[5.27]
[5.28]
[5.29]
[5.31]
[5.33]
[5.34]
[5.35]
[5.36]
[5.37]
[5.38]
[5.39]