0.8921860524924832, 0.9003568617359377, -3.1619956289358147, 199.8756184414561[12.176338]
[9.320729]
[8.31195]
[10.315588]
[9.235988]
[5.833093]
[5.285634]
[5.3447003]
[5.299851]
[5.311279]
[5.283184]
[5.2247906]
[5.288808]
[7.668312]
[8.151958]
[8.107497]
[8.264671]
[8.932047]
[10.611769]
[10.580603]
[9.95624]
[8.960835]
[8.755389]
[8.693741]
[8.603827]
[8.641515]
[8.640039]
[8.601325]
[8.4806185]
[8.43857]
[8.391058]
[8.539265]
[8.617902]
[8.625199]
[8.581079]
[8.651032]
[8.596103]
[8.77904]
[12.628671]
[9.572393]
[9.279348]
[9.694413]
[9.71025]
[9.443448]
[11.067706]
[11.2852125]
[11.224882]
[11.269601]
[11.291793]
[11.752413]
[11.804708]
[11.583344]
[11.35425]
[11.383849]
[11.25056]
[11.223139]
[11.238213]
[11.273507]
[11.1868725]
[11.182448]
[11.206878]
[11.215907]
[11.156156]
[11.242398]
[11.276355]
[11.370069]
[11.780005]
[11.832364]
[11.561196]
[11.711459]
[14.181137]
[9.092813]
[10.731767]
[11.283849]
[37.720375]
[16.91529]
[13.192011]
[13.19118]
[13.1376705]
[13.162067]
[13.307363]
[13.42911]
[13.398223]
[13.466042]
[13.551225]
[13.330496]
[13.314558]
[13.45131]
[13.681294]
[13.5237055]
[13.550092]
[13.46848]
[13.955441]
[13.886487]
[13.598512]
[13.719292]
[13.76538]
[13.578594]
[13.537468]
[13.137389]
[13.680149]
[13.990156]
[14.079218]
[14.668838]
[14.89088]
[15.508925]
[18.516354]
[21.91481]
[22.135887]
[34.77236]
[54.285435]
[32.592068]
[74.51442]
[79.15217]
[85.84425]
[94.635]
[131.50063]
[95.25769]
[69.8822]
[60.37607]
[64.92621]
[61.372936]
[55.839798]
[51.469955]
[52.823177]
[49.217678]
[41.293205]
[49.05502]
[51.08391]
[48.78051]
[49.87056]
[52.493015]
[32.014248]
[29.014187]
[42.879574]
[48.67299]
[44.731148]
[48.52249]
[44.48732]
[23.508081]
[26.029758]
[46.042114]
[50.969288]
[68.52071]
[100.87641]
[140.7362]
[163.52469]
[180.03676]
[209.22346]
[172.23848]
[148.98404]
[141.24602]
[129.25319]
[104.48546]
[88.400604]
[114.843025]
[119.52912]
[122.693535]
[123.98607]
[131.29799]
[105.63382]
[96.38569]
[93.7958]
[93.49268]
[90.391556]
[90.34382]
[95.82866]
[69.7233]
[63.167606]
[69.20456]
[72.43846]
[66.34427]
[67.986435]
[70.32475]
[63.387543]
[60.132244]
[55.87133]
[57.650486]
[43.66853]
[55.702625]
[55.80638]
[49.682583]
[47.03389]
[57.463043]
[52.010437]
[46.922523]
[43.87329]
[45.25749]
[41.584755]
[43.530834]
[47.24569]
[61.669327]
[67.94883]
[59.363663]
[66.422455]
[59.46407]
[55.07165]
[95.104095]
[94.33592]
[91.02672]
[86.51329]
[82.14939]
[83.2657]
[82.033615]
[87.6455]
[93.97086]
[92.30117]
[98.549644]
[101.10726]
[66.12195]
[65.57052]
[75.62166]
[57.37157]
[73.696]
[53.241043]
[66.56022]
[38.34063]
[29.409372]
[48.36752]
[37.11377]
[36.292507]
[29.415907]
[32.72639]
[25.290287]
[20.947163]
[24.652779]
[30.238384]
[37.965897]
[38.826492]
[42.35433]
[30.774218]
[22.63882]
[44.106407]
[49.01673]
[41.67964]
[38.795795]
[26.413324]
[24.728468]
[24.860079]
[28.712267]
[33.930687]
[40.53002]
[38.431534]
[43.347958]
[22.46458]
[19.504091]
[40.817516]
[40.909122]
[40.253506]
[39.968765]
[38.480972]
[22.32853]
[20.68944]
[31.123241]
[33.508564]
[26.7261]
[33.070305]
[32.7492]
[19.578962]
[15.504101]
[27.037184]
[29.741047]
[28.32706]
[26.858786]
[25.167135]
[21.192635]
[17.419926]
[21.654232]
[24.28712]
[19.585052]
[20.826492]
[38.93464]
[23.011526]
[18.444983]
[27.009176]
[29.595606]
[27.772953]
[26.567673]
[25.294432]
[15.020194]
[11.086368]
[22.265917]
[22.484808]
[24.588558]
[25.19828]
[23.557428]
[13.631649]
[9.5365]
[8.978074]
[7.7116494]
[7.370548]
[7.791708]
[7.947319]
[7.8224936]
[7.5832386]
[7.313024]
[7.3922286]
[7.298004]
[7.292711]
[7.082871]
[6.994114]
[6.9315505]
[6.9429183]
[6.8245263]
[6.769898]
[6.6889524]
[6.6241493]
[6.6241493]
[6.6241493]
[6.6241493]
[6.4239006]
[8.484019]
[13.682297]
[13.485748]
[15.301675]
[10.712169]
[11.369166]
[12.205672]
[16.686577]
[15.131211]
[13.21005]
[10.027938]
[6.7627397]
[9.66581]
[10.230798]
[8.893939]
[9.111635]
[9.64693]
[11.211109]
[11.426794]
[10.038077]
[11.049809]
[18.642756]
[12.755068]
[11.600264]
[7.961569]
[11.398012]
[11.845562]
[11.574792]
[6.2419443]
[5.365649]
[5.3648963]
[6.1316085]
[9.410524]
[9.536639]
[9.616612]
[6.938121]
[5.4826055]
[5.3467207]
[5.3649516]
[5.3443565]
[5.285157]
[6.7953515]
[5.545954]
[5.310744]
[5.3866806]
[5.3156195]
[5.322442]
[5.3213654]
[5.8647447]
[5.758263]
[5.6191344]
[5.555177]
[5.39885]
[5.379]
[5.3936467]
[5.4441695]
[5.551854]
[5.602072]
[5.536031]
[5.582261]
[5.3706217]
[5.4290605]
[5.4385366]
[5.436937]
[5.453432]
[7.631146]
[8.028027]
[12.822242]
[9.037968]
[8.180708]
[9.501632]
[9.1752405]
[8.362309]
[11.43282]
[10.809407]
[9.078003]
[10.7916975]
[11.234108]
[9.288116]
[9.008077]
[11.523667]
[12.171874]
[12.072141]
[12.062803]
[16.878325]
[11.646131]
[9.557535]
[13.051516]
[16.57367]
[20.08989]
[14.555138]
[12.325812]
[11.563657]
[10.256469]
[10.317123]
[11.178296]
[11.375531]
[12.0739975]
[12.180602]
[11.537319]
[11.455798]
[12.06731]
[12.063227]
[11.853816]
[12.349619]
[12.484997]
[11.641632]
[11.090333]
[11.812381]
[11.994619]
[11.954644]
[11.88082]
[11.544792]
[10.966875]
[11.283547]
[12.149204]
[13.2901325]
[12.412484]
[11.697069]
[13.1538725]
[12.852127]
[11.856649]
[12.317396]
[12.233038]
[11.552637]
[12.983301]
[12.588059]
[12.57301]
[12.507246]
[12.29343]
[12.200611]
[12.258691]
[12.330034]
[12.263257]
[14.013474]
[17.220037]
[16.33408]
[12.637525]
[12.494602]
[12.740693]
[13.241761]
[13.2142725]
[12.838472]
[12.687182]
[12.651662]
[12.737848]
[12.789275]
[12.822847]
[12.83525]
[12.6423855]
[12.533511]
[12.467974]
[12.501023]
[12.629103]
[12.820033]
[12.831899]
[12.817344]
[12.714195]
[12.701898]
[12.791513]
[12.903955]
[12.903262]
[12.791628]
[12.660077]
[12.593158]
[12.623243]
[12.452653]
[12.414649]
[12.348084]
[12.263264]
[12.294643]
[11.928596]
[11.932993]
[11.90063]
[11.643153]
[11.734997]
[11.836936]
[11.652619]
[11.49631]
[11.374572]
[11.412096]
[11.609104]
[11.779909]
[11.816459]
[11.889672]
[11.922274]
[12.157726]
[12.454234]
[12.710886]
[11.268609]
[38.844875]
[50.28908]
[54.77782]
[10.810994]
[13.365844]
[14.70343]
[14.2488985]
[15.015541]
[15.214242]
[15.053896]
[15.104003]
[15.052738]
[15.041439]
[14.795321]
[14.667641]
[14.720221]
[14.662993]
[15.158261]
[14.4839735]
[14.351901]
[14.263588]
[14.236284]
[13.664704]
[14.223243]
[12.790059]
[12.488903]
[12.322713]
[12.600097]
[12.885984]
[13.932825]
[13.056511]
[12.664988]
[12.411924]
[12.272621]
[12.102354]
[12.071463]
[12.206968]
[12.021198]
[11.91342]
[11.774909]
[11.686453]
[11.563461]
[11.444593]
[11.385066]
[11.532368]
[12.192113]
[13.220923]
[13.934837]
[13.634975]
[13.345056]
[12.849635]
[12.5728855]
[12.279871]
[12.236705]
[12.6191435]
[11.610853]
[10.869909]
[10.162763]
[10.096196]
[10.177837]
[10.082924]
[10.088325]
[9.965091]
[10.003034]
[9.874646]
[9.857765]
[9.885242]
[9.743455]
[9.852579]
[9.759782]
[9.811558]
[9.762749]
[9.769337]
[9.705701]
[9.68021]
[9.604983]
[9.601771]
[9.521716]
[9.53164]
[9.537944]
[9.571623]
[9.49716]
[9.470939]
[9.557212]
[9.476611]
[9.1617365]
[9.061125]
[8.949588]
[8.709814]
[8.63456]
[8.743087]
[8.791061]
[8.746224]
[8.685788]
[8.55046]
[8.692166]
[9.182187]
[9.880098]
[9.582651]
[9.383795]
[9.181486]
[9.027716]
[8.924958]
[8.844244]
[8.785291]
[8.85213]
[8.724122]
[8.70143]
[8.708062]
[8.567114]
[8.612788]
[8.899453]
[8.999263]
[8.866824]
[9.065119]
[8.912843]
[8.455337]
[8.273]
[8.14392]
[8.088302]
[8.00599]
[8.084953]
[8.114482]
[8.0448475]
[7.966225]
[8.033525]
[7.9786263]
[7.9710746]
[7.982821]
[7.9923515]
[7.922706]
[7.9744616]
[7.940081]
[7.940695]
[7.884754]
[7.843305]
[7.974961]
[7.8682523]
[7.840009]
[7.9172654]
[7.95064]
[7.8781075]
[7.9448]
[7.921417]
[8.051895]
[8.088974]
[6.7961082]
[6.5775523]
[6.415469]
[5.901514]
[5.899037]
[5.798462]
[5.875408]
[5.8305364]
[5.7922397]
[5.876481]
[5.841125]
[5.8262525]
[5.809567]
[5.819085]
[5.857116]
[5.803309]
[5.770351]
[5.8933463]
[5.7900734]
[5.7881413]
[5.888587]
[5.85141]
[5.844811]
[5.8434625]
[5.859692]
[5.861458]
[5.8618965]
[5.862067]
[5.8747363]
[5.9176407]
[5.8381605]
[5.927585]
[6.2239985]
[6.2201133]
[9.590905]
[6.5875926]
[7.694386]
[7.8535]
[6.3204274]
[6.095185]
[6.064884]
[6.024358]
[6.296672]
[6.046521]
[6.245654]
[6.040247]
[6.2008953]
[6.0031543]
[7.9592648]
[6.4181023]
[6.115389]
[6.088539]
[6.062098]
[6.035712]
[6.009243]
[5.7983794]
[5.93743]
[5.944543]
[7.7419095]
[6.0290422]
[5.715812]
[5.8288426]
[5.6982713]
[5.6643]
[5.7615647]
[5.6534967]
[5.711111]
[5.6996427]
[5.610185]
[5.6427217]
[5.59593]
[5.5244775]
[5.5220566]
[5.5577607]
[5.5215707]
[5.51036]
[5.4855294]
[5.4628425]
[5.4621043]
[5.4304657]
[5.3853874]
[5.4099984]
[5.3766923]
[5.3792186]
[5.3555017]
[5.3092833]
[5.3371563]
[5.3023434]
[5.2636957]
[5.2545633]
[8.070748]
[7.9648185]
[8.292482]
[7.914973]
[8.202369]
[8.238132]
[8.15272]
[8.097994]
[8.686851]
[8.167567]
[8.669117]
[8.150889]
[8.651234]
[8.13424]
[8.6351]
[8.709307]
[8.192978]
[8.16645]
[8.195848]
[8.222892]
[8.26123]
[8.249273]
[8.250987]
[8.601868]
[8.357744]
[8.880606]
[8.670007]
[8.431021]
[9.170584]
[9.255805]
[9.238256]
[10.961721]
[11.183277]
[11.165725]
[11.720347]
[11.208005]
[11.682011]
[12.193589]
[12.128899]
[15.221185]
[17.008615]
[14.856936]
[11.247832]
[11.206719]
[11.136622]
[11.508351]
[14.975963]
[11.680406]
[11.053536]
[10.89701]
[11.231591]
[10.199354]
[10.099113]
[10.298687]
[10.496814]
[10.655803]
[10.845175]
[10.897369]
[10.844888]
[11.026814]
[10.987764]
[12.024565]
[12.219957]
[11.813697]
[11.404692]
[10.817392]
[10.40809]
[9.916913]
[10.26442]
[10.877626]
[11.08801]
[27.187073]
[18.83243]
[15.762445]
[14.710496]
[11.318493]
[14.343397]
[14.605509]
[14.529399]
[14.442582]
[14.467565]
[14.4837055]
[14.434533]
[14.444077]
[14.355026]
[14.153599]
[13.481247]
[13.962326]
[14.693639]
[15.023619]
[14.836555]
[14.870339]
[13.920807]
[13.757397]
[14.12589]
[11.607972]
[13.499373]
[15.151055]
[16.960024]
[16.87309]
[16.865913]
[17.290499]
[17.31495]
[17.111965]
[17.150415]
[16.509705]
[16.44122]
[16.226828]
[16.566721]
[16.157959]
[16.439295]
[16.404356]
[16.220009]
[16.130217]
[16.295496]
[15.418562]
[16.055677]
[17.006197]
[16.755375]
[16.521498]
[16.3024]
[16.214695]
[15.876807]
[16.266453]
[16.395285]
[16.37534]
[17.346615]
[16.788277]
[16.532225]
[16.419579]
[16.369806]
[16.694614]
[16.622168]
[17.147638]
[21.700937]
[23.427807]
[18.842909]
[30.037033]
[26.324953]
[24.198488]
[24.157755]
[21.58796]
[5.621205]
[15.966049]
[17.646595]
[17.222193]
[20.428392]
[36.852]
[43.526016]
[50.36673]
[55.48775]
[44.00962]
[38.933853]
[54.531876]
[63.24667]
[65.238464]
[64.46674]
[55.646183]
[66.148865]
[84.14179]
[97.32104]
[125.68282]
[108.55667]
[113.73557]
[103.6414]
[99.27195]
[96.44674]
[96.92048]
[94.6]
[92.05989]
[88.70984]
[88.61873]
[69.54723]
[70.48244]
[88.39424]
[86.94623]
[89.029045]
[92.25762]
[75.50798]
[80.59123]
[113.26499]
[120.45099]
[133.97328]
[133.70381]
[129.14359]
[129.53163]
[131.59464]
[129.24931]
[101.3068]
[98.99118]
[97.09462]
[96.06424]
[93.74684]
[62.986835]
[53.501644]
[63.160713]
[57.8194]
[53.945335]
[42.70782]
[26.150347]
[23.836088]
[24.090736]
[34.53749]
[47.465237]
[42.398727]
[44.18983]
[36.506054]
[22.016438]
[18.864334]
[30.83079]
[21.67474]
[19.51618]
[18.98433]
[16.875572]
[16.275812]
[16.20897]
[18.23352]
[18.103937]
[17.08547]
[16.108501]
[16.83694]
[15.12418]
[14.780513]
[15.961213]
[15.805614]
[15.10545]
[15.484918]
[15.509216]
[15.653676]
[15.874949]
[17.70424]
[18.158176]
[15.01773]
[14.647974]
[15.380009]
[15.920436]
[15.877798]
[15.180328]
[15.185884]
[15.120114]
[14.443528]
[14.855203]
[13.427598]
[12.386215]
[13.479002]
[14.541608]
[16.679098]
[16.915594]
[19.593534]
[16.038534]
[15.960891]
[16.373274]
[14.839364]
[13.23508]
[14.434766]
[20.967646]
[13.559259]
[11.808268]
[13.007055]
[13.045787]
[16.654]
[16.234037]
[14.820184]
[12.396578]
[12.885631]
[25.60467]
[30.242697]
[28.980818]
[27.970495]
[21.930098]
[14.686381]
[12.278785]
[12.639973]
[10.162976]
[9.467349]
[8.97399]
[8.628568]
[7.873286]
[8.013878]
[7.9973726]
[8.337393]
[7.8255024]
[7.932737]
[7.7772245]
[7.6299095]
[7.6310005][10.25]
[9.45]
[13.02]
[10.69]
[5.31]
[5.25]
[5.26]
[5.31]
[5.31]
[5.3]
[5.29]
[5.3]
[9.25]
[9.31]
[9.28]
[9.29]
[9.27]
[9.26]
[9.25]
[9.26]
[9.26]
[9.27]
[9.25]
[9.25]
[9.32]
[9.28]
[9.26]
[9.22]
[9.21]
[9.23]
[9.23]
[9.06]
[9.24]
[9.25]
[9.24]
[9.29]
[9.55]
[9.28]
[9.27]
[9.27]
[9.25]
[9.24]
[9.28]
[12.21]
[12.29]
[12.32]
[12.27]
[12.3]
[12.29]
[12.25]
[12.25]
[12.25]
[12.29]
[12.3]
[12.3]
[12.31]
[12.36]
[12.34]
[12.35]
[12.36]
[12.37]
[12.39]
[12.39]
[12.4]
[12.36]
[12.39]
[12.4]
[12.41]
[12.52]
[12.25]
[12.25]
[12.03]
[12.31]
[26.75]
[15.2]
[15.05]
[15.12]
[15.03]
[15.09]
[15.17]
[15.22]
[15.41]
[15.4]
[15.43]
[15.24]
[15.14]
[15.08]
[15.29]
[15.3]
[15.23]
[15.22]
[15.17]
[15.21]
[15.24]
[15.21]
[15.26]
[15.09]
[15.03]
[14.94]
[15.09]
[15.28]
[15.3]
[15.52]
[15.38]
[15.46]
[15.26]
[15.55]
[15.54]
[15.27]
[22.36]
[17.87]
[15.85]
[42.75]
[82.22]
[94.05]
[93.25]
[90.97]
[55.68]
[49.63]
[58.09]
[56.67]
[54.59]
[53.59]
[58.05]
[53.08]
[41.74]
[57.88]
[58.89]
[56.17]
[56.45]
[59.98]
[24.57]
[23.68]
[48.95]
[58.59]
[52.66]
[61.65]
[55.39]
[15.63]
[15.57]
[49.45]
[48.02]
[57.5]
[95.04]
[91.35]
[127.12]
[159.08]
[215.85]
[192.9]
[144.63]
[136.75]
[131.02]
[99.64]
[86.83]
[129.19]
[131.03]
[129.73]
[130.49]
[130.52]
[92.3]
[87.76]
[90.33]
[91.84]
[90.24]
[92.4]
[96.82]
[52.74]
[45.22]
[55.96]
[60.38]
[51.61]
[55.5]
[62.81]
[54.04]
[56.12]
[53.08]
[60.33]
[38.11]
[64.66]
[62.07]
[50.21]
[45.53]
[67.12]
[58.52]
[53.52]
[50.52]
[53.77]
[41.06]
[38.17]
[35.45]
[50.08]
[57.71]
[43.73]
[61.41]
[54.5]
[42.43]
[96.98]
[93.31]
[95.73]
[93.08]
[91.61]
[94.94]
[85.74]
[88.4]
[98.74]
[90.94]
[95.37]
[98.5]
[45.13]
[47.61]
[67.66]
[39.1]
[71.69]
[37.29]
[69.59]
[19.53]
[12.7]
[49.99]
[27.12]
[31.05]
[19.21]
[28.46]
[14.31]
[9.94]
[17.83]
[28.86]
[44.83]
[46.46]
[52.06]
[24.01]
[9.42]
[50.97]
[57.23]
[44.2]
[37.8]
[12.15]
[9.41]
[10.47]
[20.43]
[33.31]
[48.25]
[44.01]
[55.45]
[12.7]
[10.36]
[51.64]
[50.92]
[50.38]
[49.93]
[49.1]
[13.79]
[10.13]
[29.22]
[34.2]
[23.2]
[39.35]
[38.77]
[14.08]
[10.2]
[32.49]
[35.58]
[33.86]
[32.24]
[29.9]
[23.23]
[16.87]
[24.9]
[28.37]
[17.49]
[16.74]
[47.53]
[16.06]
[15.03]
[32.65]
[36.66]
[33.79]
[32.62]
[31.6]
[12.79]
[8.68]
[29.3]
[28.48]
[33.01]
[32.79]
[29.71]
[12.11]
[7.79]
[7.39]
[5.3]
[5.33]
[5.36]
[5.41]
[5.44]
[5.46]
[5.48]
[5.51]
[5.52]
[5.54]
[5.55]
[5.56]
[5.57]
[5.58]
[5.41]
[5.59]
[5.59]
[5.59]
[5.59]
[5.59]
[5.59]
[5.52]
[9.82]
[15.53]
[16.95]
[20.82]
[11.7]
[14.18]
[15.4]
[23.39]
[19.41]
[16.47]
[11.42]
[6.71]
[12.54]
[12.67]
[10.63]
[11.37]
[12.05]
[14.44]
[14.47]
[12.32]
[14.46]
[13.82]
[14.57]
[14.58]
[8.47]
[14.78]
[14.81]
[14.47]
[5.31]
[5.31]
[5.29]
[6.65]
[12.03]
[10.97]
[11.68]
[7.09]
[5.32]
[5.32]
[5.33]
[5.32]
[5.32]
[7.66]
[5.32]
[5.32]
[5.32]
[5.29]
[5.21]
[5.09]
[5.1]
[5.1]
[5.1]
[5.11]
[5.11]
[5.1]
[5.12]
[5.22]
[5.48]
[5.49]
[5.27]
[5.12]
[5.13]
[5.12]
[5.12]
[5.11]
[5.16]
[8.76]
[8.76]
[8.94]
[8.95]
[8.95]
[10.8]
[10.34]
[8.93]
[12.82]
[12.41]
[9.78]
[12.71]
[13.05]
[9.78]
[9.61]
[13.47]
[13.71]
[13.82]
[13.8]
[20.11]
[12.1]
[10.21]
[15.44]
[19.36]
[24.22]
[16.35]
[13.82]
[12.91]
[11.05]
[11.21]
[12.63]
[12.73]
[13.93]
[14.]
[12.75]
[12.72]
[14.06]
[13.64]
[13.18]
[14.13]
[14.47]
[12.97]
[12.08]
[13.53]
[13.92]
[14.]
[14.03]
[13.47]
[12.53]
[12.61]
[12.89]
[13.87]
[13.64]
[12.29]
[13.75]
[12.77]
[12.77]
[13.97]
[13.97]
[12.95]
[15.58]
[14.78]
[14.97]
[14.82]
[14.67]
[14.69]
[14.7]
[14.81]
[14.7]
[17.5]
[18.04]
[19.37]
[14.58]
[14.62]
[14.69]
[14.75]
[14.6]
[14.39]
[14.42]
[14.49]
[14.55]
[14.59]
[14.62]
[14.6]
[14.31]
[14.23]
[14.12]
[14.15]
[14.3]
[14.52]
[14.49]
[14.43]
[14.23]
[14.17]
[14.28]
[14.37]
[14.29]
[14.2]
[14.09]
[14.11]
[14.23]
[14.04]
[14.13]
[14.15]
[14.07]
[14.02]
[13.88]
[13.88]
[13.78]
[13.82]
[13.92]
[14.08]
[13.97]
[13.86]
[13.82]
[13.83]
[13.99]
[14.01]
[13.84]
[13.78]
[13.71]
[13.96]
[14.1]
[13.99]
[13.72]
[16.98]
[13.92]
[13.67]
[13.53]
[13.42]
[13.41]
[13.36]
[14.17]
[14.52]
[14.48]
[14.44]
[14.41]
[14.38]
[14.37]
[14.35]
[14.34]
[14.31]
[15.25]
[14.32]
[14.31]
[14.29]
[14.29]
[14.58]
[14.56]
[12.15]
[11.95]
[11.88]
[11.87]
[11.82]
[13.39]
[11.95]
[11.94]
[11.89]
[11.86]
[11.86]
[11.84]
[11.83]
[11.81]
[11.86]
[11.86]
[11.8]
[11.8]
[11.79]
[11.78]
[11.77]
[11.96]
[11.94]
[11.9]
[11.85]
[11.35]
[11.83]
[11.8]
[12.]
[12.06]
[12.03]
[9.66]
[9.6]
[9.59]
[9.63]
[9.74]
[9.73]
[9.68]
[9.68]
[9.7]
[9.68]
[9.68]
[9.67]
[9.67]
[9.73]
[9.77]
[9.75]
[9.77]
[9.77]
[9.77]
[9.74]
[9.74]
[9.73]
[9.72]
[9.75]
[9.75]
[9.79]
[9.77]
[9.77]
[9.78]
[9.77]
[9.09]
[9.09]
[8.91]
[8.69]
[8.69]
[8.66]
[8.69]
[8.7]
[8.7]
[8.66]
[8.67]
[8.77]
[8.78]
[8.78]
[8.77]
[8.78]
[8.77]
[8.74]
[8.74]
[8.77]
[8.77]
[8.77]
[8.76]
[8.77]
[8.76]
[8.77]
[8.77]
[8.76]
[8.76]
[8.77]
[8.71]
[8.26]
[8.23]
[8.06]
[8.02]
[8.01]
[8.04]
[8.06]
[8.04]
[8.05]
[8.06]
[8.05]
[8.05]
[8.07]
[8.07]
[8.06]
[8.04]
[8.08]
[8.07]
[8.07]
[8.03]
[8.1]
[8.09]
[8.1]
[8.11]
[8.1]
[8.11]
[8.12]
[8.11]
[8.11]
[8.13]
[6.13]
[6.11]
[5.91]
[5.29]
[5.35]
[5.29]
[5.31]
[5.3]
[5.3]
[5.3]
[5.31]
[5.3]
[5.27]
[5.29]
[5.29]
[5.29]
[5.3]
[5.3]
[5.34]
[5.31]
[5.31]
[5.32]
[5.32]
[5.31]
[5.33]
[5.32]
[5.32]
[5.31]
[5.33]
[5.32]
[5.34]
[5.34]
[5.89]
[5.74]
[5.51]
[5.5]
[7.49]
[7.16]
[5.55]
[5.56]
[5.48]
[5.43]
[5.41]
[5.42]
[5.48]
[5.44]
[5.44]
[5.44]
[7.99]
[5.37]
[5.4]
[5.41]
[5.38]
[5.38]
[5.39]
[5.38]
[5.38]
[5.43]
[5.4]
[5.41]
[5.42]
[5.41]
[5.41]
[5.41]
[5.41]
[5.42]
[5.44]
[5.44]
[5.45]
[5.47]
[5.47]
[5.4]
[5.42]
[5.44]
[5.46]
[5.47]
[5.46]
[5.46]
[5.47]
[5.47]
[5.42]
[5.48]
[5.49]
[5.48]
[5.46]
[5.46]
[5.5]
[5.51]
[5.48]
[5.46]
[9.04]
[9.13]
[9.13]
[9.16]
[9.17]
[9.17]
[9.19]
[9.21]
[9.24]
[9.24]
[9.22]
[9.2]
[9.27]
[9.28]
[9.28]
[9.29]
[9.32]
[9.33]
[9.33]
[9.34]
[9.36]
[9.37]
[9.38]
[9.41]
[9.41]
[9.41]
[9.41]
[9.42]
[9.83]
[9.49]
[9.52]
[12.18]
[12.29]
[12.29]
[12.33]
[12.37]
[12.42]
[12.45]
[12.39]
[15.27]
[16.55]
[14.11]
[12.06]
[12.15]
[12.22]
[12.2]
[14.89]
[12.24]
[12.29]
[12.3]
[12.82]
[12.19]
[12.16]
[12.29]
[12.32]
[12.3]
[12.41]
[12.47]
[12.46]
[12.66]
[12.65]
[14.68]
[15.59]
[15.66]
[15.62]
[15.61]
[15.62]
[15.55]
[15.55]
[15.53]
[15.48]
[15.58]
[15.63]
[15.67]
[15.73]
[15.76]
[15.69]
[15.74]
[15.74]
[15.7]
[15.75]
[15.81]
[15.74]
[15.69]
[15.67]
[15.67]
[15.69]
[15.71]
[15.78]
[15.82]
[15.85]
[15.84]
[15.82]
[15.81]
[15.68]
[15.65]
[15.45]
[15.76]
[15.72]
[15.72]
[15.72]
[15.86]
[15.62]
[15.55]
[15.84]
[15.47]
[15.85]
[15.91]
[15.89]
[15.6]
[15.96]
[15.99]
[15.84]
[15.77]
[15.99]
[15.57]
[15.56]
[15.78]
[15.69]
[15.67]
[15.63]
[15.75]
[15.5]
[15.92]
[15.96]
[15.99]
[16.2]
[15.99]
[15.99]
[15.96]
[15.93]
[15.94]
[15.96]
[15.89]
[15.75]
[15.57]
[14.85]
[16.98]
[17.18]
[17.15]
[16.64]
[16.94]
[16.89]
[16.85]
[16.85]
[16.82]
[22.09]
[48.14]
[54.09]
[52.25]
[50.82]
[26.21]
[24.32]
[46.38]
[54.6]
[55.32]
[58.59]
[42.22]
[59.61]
[52.27]
[91.07]
[134.99]
[99.13]
[93.08]
[89.49]
[90.15]
[90.7]
[92.91]
[90.54]
[92.41]
[91.17]
[89.85]
[54.37]
[55.31]
[91.98]
[89.63]
[92.51]
[92.65]
[53.92]
[58.15]
[118.86]
[121.02]
[128.01]
[129.11]
[130.04]
[130.07]
[129.96]
[130.52]
[93.73]
[94.19]
[93.43]
[94.32]
[94.03]
[49.04]
[42.92]
[63.69]
[56.03]
[54.7]
[38.34]
[11.79]
[11.72]
[12.96]
[33.11]
[57.23]
[47.44]
[52.93]
[38.46]
[13.38]
[10.84]
[32.12]
[12.86]
[13.04]
[11.96]
[9.06]
[9.09]
[9.87]
[13.99]
[13.87]
[12.77]
[11.54]
[13.62]
[10.08]
[9.89]
[11.66]
[11.41]
[10.97]
[12.27]
[12.58]
[13.52]
[14.11]
[18.19]
[19.12]
[13.6]
[13.55]
[13.48]
[13.43]
[13.64]
[13.07]
[13.76]
[13.75]
[12.85]
[13.71]
[11.22]
[9.92]
[11.7]
[12.05]
[15.5]
[15.5]
[20.41]
[11.86]
[11.21]
[12.16]
[10.03]
[8.58]
[11.93]
[24.96]
[9.81]
[9.12]
[11.89]
[11.97]
[19.72]
[18.14]
[16.04]
[11.71]
[13.74]
[39.18]
[46.43]
[42.22]
[40.7]
[29.17]
[11.6]
[7.7]
[7.77]
[5.18]
[5.21]
[5.24]
[5.27]
[5.28]
[5.29]
[5.31]
[5.33]
[5.34]
[5.35]
[5.36]
[5.37]
[5.38]
[5.39]