0.8904982127255099, 0.9003867252601266, -0.27885612182988195, 201.43408056724817[11.578261]
[9.27226]
[8.139659]
[9.843661]
[9.083351]
[5.9833064]
[5.3175473]
[5.3257594]
[5.328376]
[5.317148]
[5.272133]
[5.262575]
[5.2506447]
[7.343145]
[7.8770213]
[7.8884916]
[8.032732]
[8.960662]
[10.3592615]
[10.428453]
[9.438287]
[8.737045]
[8.537615]
[8.421096]
[8.359462]
[8.374594]
[8.369652]
[8.304775]
[8.214737]
[8.131648]
[8.13409]
[8.273104]
[8.27374]
[8.302578]
[8.296862]
[8.292648]
[8.251311]
[8.582941]
[11.821026]
[9.522499]
[9.027769]
[9.454943]
[9.5263815]
[9.258514]
[10.597863]
[10.846722]
[10.827033]
[10.80017]
[11.005476]
[11.369384]
[11.449168]
[11.183736]
[10.974244]
[10.897939]
[10.807051]
[10.758018]
[10.767176]
[10.764351]
[10.702238]
[10.684791]
[10.702111]
[10.676253]
[10.669333]
[10.716909]
[10.7855625]
[10.997509]
[11.349343]
[11.360624]
[11.182469]
[11.2076645]
[13.451454]
[9.049031]
[10.1017]
[10.786849]
[32.768337]
[17.768097]
[12.515208]
[12.521241]
[12.475509]
[12.5336075]
[12.666313]
[12.713248]
[12.742428]
[12.813019]
[12.852146]
[12.732696]
[12.765836]
[12.864339]
[13.002877]
[12.956561]
[13.005156]
[13.253476]
[13.371527]
[13.237751]
[13.073108]
[13.1373825]
[13.14593]
[12.983143]
[12.905181]
[12.980362]
[13.584432]
[13.84481]
[13.974563]
[14.499748]
[14.731395]
[15.274474]
[19.927565]
[22.470999]
[21.043282]
[35.566402]
[57.602806]
[28.661366]
[66.476326]
[77.44352]
[80.110596]
[93.22449]
[135.37079]
[97.200645]
[73.582535]
[59.03527]
[61.600494]
[59.58981]
[54.438488]
[50.79602]
[51.97987]
[49.015133]
[40.676994]
[47.910183]
[50.88745]
[48.25632]
[49.297512]
[51.976215]
[31.93158]
[27.058392]
[41.001648]
[47.29605]
[44.222095]
[47.086502]
[43.529686]
[24.001982]
[23.709719]
[43.765568]
[49.255455]
[75.747]
[104.543335]
[143.74426]
[164.53804]
[176.67972]
[208.06483]
[181.23549]
[150.63876]
[145.36723]
[131.27864]
[107.690346]
[88.7667]
[110.94892]
[117.462036]
[119.29226]
[121.75699]
[130.30843]
[111.54604]
[99.70707]
[94.85065]
[94.08148]
[90.48395]
[89.425224]
[93.476006]
[73.62719]
[66.07622]
[73.004715]
[73.75971]
[70.43229]
[68.943886]
[69.153305]
[61.06773]
[57.88795]
[54.249565]
[56.191845]
[43.27407]
[53.85319]
[55.553814]
[49.56931]
[46.29798]
[55.91777]
[51.599503]
[46.27915]
[43.060204]
[44.4758]
[41.538853]
[42.27232]
[45.638805]
[61.75664]
[67.18078]
[58.994648]
[64.37686]
[57.605206]
[56.744522]
[93.854996]
[95.416664]
[90.87632]
[84.550644]
[80.40011]
[81.23267]
[79.940796]
[84.49922]
[92.17839]
[90.255356]
[98.30431]
[101.91104]
[73.50417]
[68.803314]
[75.835976]
[58.424713]
[70.67887]
[52.229454]
[63.02345]
[37.646038]
[25.328772]
[45.169178]
[35.82911]
[33.72881]
[26.685356]
[29.595453]
[22.282291]
[17.187561]
[20.650373]
[26.944887]
[35.41754]
[37.301445]
[41.30509]
[30.449162]
[19.404102]
[40.677544]
[47.644417]
[41.151096]
[38.067596]
[24.096468]
[20.625467]
[20.510841]
[24.324541]
[30.51668]
[38.08585]
[37.170376]
[41.496117]
[21.519884]
[16.230015]
[37.20525]
[39.119522]
[39.332623]
[38.700832]
[36.932053]
[21.881134]
[17.448675]
[27.456543]
[30.964388]
[24.626348]
[30.364508]
[31.051449]
[18.070404]
[12.82301]
[23.931633]
[27.832115]
[26.563438]
[25.165997]
[23.493275]
[19.537525]
[15.702235]
[19.48341]
[22.376001]
[18.118328]
[18.764204]
[36.56702]
[21.67066]
[15.858716]
[24.30481]
[27.75817]
[26.285408]
[25.0421]
[23.64732]
[14.095512]
[9.674612]
[19.680498]
[20.783516]
[23.131212]
[23.944796]
[22.27348]
[13.052896]
[8.609797]
[7.881425]
[6.7447214]
[6.38153]
[6.6867433]
[6.827396]
[6.642983]
[6.468123]
[6.3027945]
[6.355796]
[6.3034096]
[6.2669806]
[6.1262817]
[6.054344]
[6.0292435]
[6.03549]
[5.9334116]
[5.890128]
[5.839038]
[5.8113003]
[5.8113003]
[5.8113003]
[5.8113003]
[5.656759]
[7.4324574]
[12.204929]
[12.5431795]
[14.18927]
[10.296093]
[10.47461]
[11.27509]
[15.343066]
[14.406199]
[12.594187]
[9.685789]
[6.712616]
[9.003179]
[9.714144]
[8.67496]
[8.797869]
[9.300767]
[10.70227]
[10.979016]
[9.828248]
[10.661704]
[17.335682]
[12.803348]
[11.239582]
[8.112862]
[10.746607]
[11.468483]
[11.267772]
[6.528052]
[5.396575]
[5.4138484]
[6.0292363]
[8.947643]
[9.2536955]
[9.306663]
[6.9793777]
[5.5128946]
[5.325418]
[5.345347]
[5.3059173]
[5.296305]
[6.525518]
[5.5828886]
[5.2872963]
[5.301156]
[5.2983155]
[5.2357345]
[5.395611]
[5.6659985]
[5.727875]
[5.6007013]
[5.4707594]
[5.373021]
[5.3165727]
[5.3267465]
[5.3507323]
[5.472289]
[5.500858]
[5.496688]
[5.4147034]
[5.355575]
[5.320895]
[5.3439956]
[5.339896]
[5.333542]
[7.2402534]
[7.694121]
[12.000227]
[8.908051]
[7.8660536]
[8.9303]
[8.830205]
[8.011513]
[10.648072]
[10.367353]
[8.767583]
[10.091813]
[10.663894]
[8.975071]
[8.557539]
[10.814917]
[11.481043]
[11.43587]
[11.351895]
[15.659498]
[11.467141]
[9.194833]
[12.105039]
[15.456736]
[18.93267]
[14.436008]
[11.760832]
[10.972257]
[9.802148]
[9.73902]
[10.566782]
[10.791839]
[11.5363245]
[11.733131]
[11.045827]
[10.952181]
[11.594349]
[11.574104]
[11.365756]
[11.933457]
[12.049601]
[11.337232]
[10.769186]
[11.372058]
[11.576707]
[11.583196]
[11.541317]
[11.257545]
[10.836707]
[11.33054]
[12.022534]
[13.066738]
[12.429266]
[11.682972]
[12.8539]
[12.720866]
[11.858032]
[12.253502]
[12.260844]
[11.688997]
[12.902268]
[12.624888]
[12.701304]
[12.648884]
[12.445737]
[12.30944]
[12.377338]
[12.46994]
[12.378626]
[13.898303]
[16.49518]
[15.839214]
[12.949351]
[12.554893]
[12.764291]
[13.128881]
[13.174936]
[12.704179]
[12.487721]
[12.372085]
[12.369115]
[12.409915]
[12.2481165]
[12.215164]
[11.963289]
[11.722319]
[11.60309]
[11.611361]
[11.615664]
[11.729962]
[11.671221]
[11.644291]
[11.580853]
[11.497394]
[11.464901]
[11.574373]
[11.47099]
[11.318557]
[11.259579]
[11.252426]
[11.340526]
[11.244031]
[11.2613325]
[11.349922]
[11.409862]
[11.311767]
[11.102779]
[11.182212]
[11.031081]
[10.947406]
[11.124039]
[11.193838]
[11.097005]
[11.063283]
[11.070267]
[11.089538]
[11.208507]
[11.398403]
[11.402316]
[11.428628]
[11.421187]
[11.546068]
[11.913822]
[12.244319]
[12.907854]
[29.733137]
[21.647331]
[18.07384]
[13.69505]
[12.318459]
[14.779073]
[14.565223]
[14.827067]
[14.875466]
[14.690892]
[14.587338]
[14.50866]
[14.50501]
[14.304582]
[14.198888]
[14.243046]
[14.193084]
[14.635383]
[14.101324]
[13.934178]
[13.86303]
[13.843255]
[13.338791]
[13.825934]
[12.556752]
[12.169252]
[12.012536]
[12.167014]
[12.502039]
[13.542447]
[12.831689]
[12.459862]
[12.232315]
[12.0992985]
[11.956392]
[11.904093]
[12.024434]
[11.9094515]
[11.812703]
[11.693982]
[11.609588]
[11.508356]
[11.404854]
[11.347738]
[11.454183]
[11.9517565]
[12.905161]
[13.506249]
[13.64483]
[13.484109]
[12.892104]
[12.629139]
[12.40773]
[12.310234]
[12.574775]
[11.567666]
[11.13139]
[10.591053]
[10.321552]
[10.195847]
[10.063233]
[9.8758745]
[9.781983]
[9.739674]
[9.642989]
[9.595207]
[9.578139]
[9.4904785]
[9.503783]
[9.481785]
[9.466797]
[9.45125]
[9.418562]
[9.371852]
[9.309472]
[9.250377]
[9.208309]
[9.145755]
[9.13936]
[9.145596]
[9.153778]
[9.097677]
[9.0818815]
[9.125247]
[9.122628]
[8.789727]
[8.708384]
[8.573976]
[8.361622]
[8.309916]
[8.379258]
[8.434614]
[8.385557]
[8.306701]
[8.243243]
[8.393467]
[9.278628]
[9.782547]
[9.609709]
[9.247592]
[8.980445]
[8.778461]
[8.635426]
[8.532133]
[8.491865]
[8.483455]
[8.40658]
[8.3520155]
[8.315354]
[8.231057]
[8.308771]
[8.557944]
[8.673]
[8.653405]
[8.726352]
[8.625661]
[8.170089]
[7.96625]
[7.8237767]
[7.7482314]
[7.701128]
[7.741869]
[7.7661376]
[7.6961913]
[7.6405377]
[7.6523204]
[7.6304655]
[7.607668]
[7.6171556]
[7.605523]
[7.574905]
[7.5730686]
[7.568243]
[7.535032]
[7.498039]
[7.4665203]
[7.52922]
[7.4750204]
[7.446049]
[7.499029]
[7.521162]
[7.489077]
[7.523052]
[7.549665]
[7.6376987]
[7.695408]
[6.56733]
[6.282498]
[6.1408052]
[5.6961045]
[5.6373587]
[5.5806627]
[5.6096277]
[5.5975885]
[5.561581]
[5.6109924]
[5.607346]
[5.581964]
[5.5676394]
[5.5754433]
[5.598283]
[5.5665383]
[5.5371456]
[5.6088724]
[5.5716105]
[5.544802]
[5.6187196]
[5.6128683]
[5.596882]
[5.5965486]
[5.611324]
[5.6141844]
[5.615392]
[5.6162014]
[5.627949]
[5.6271806]
[5.614199]
[5.6161838]
[5.9276223]
[5.9154077]
[8.823274]
[6.501322]
[7.0472856]
[7.316837]
[5.9679885]
[5.643187]
[5.585166]
[5.5243573]
[5.7371798]
[5.5357604]
[5.696815]
[5.5162835]
[5.6617937]
[5.485777]
[7.3144727]
[6.061016]
[5.611619]
[5.5887184]
[5.5665054]
[5.544309]
[5.522059]
[5.3173866]
[5.4436073]
[5.420031]
[7.159251]
[5.698574]
[5.2386413]
[5.356097]
[5.235168]
[5.1990986]
[5.300982]
[5.1992116]
[5.263603]
[5.2583137]
[5.168728]
[5.210266]
[5.154894]
[5.094747]
[5.085186]
[5.1355224]
[5.0936627]
[5.103996]
[5.09204]
[5.1168323]
[5.119528]
[5.078125]
[5.0654197]
[5.1373663]
[5.08368]
[5.116457]
[5.1461473]
[5.0713525]
[5.1307125]
[5.122521]
[5.0694327]
[5.126691]
[7.8226]
[7.9999213]
[8.3214035]
[8.046508]
[8.313239]
[8.412385]
[8.375737]
[8.350137]
[8.875918]
[8.452814]
[8.844081]
[8.422237]
[8.8120165]
[8.391634]
[8.781438]
[8.821839]
[8.334186]
[8.270284]
[8.202541]
[8.165594]
[8.139388]
[8.057211]
[7.9410067]
[8.191498]
[7.9327135]
[8.309855]
[8.098902]
[7.868218]
[8.430418]
[8.467617]
[8.438538]
[9.758443]
[9.995643]
[9.939301]
[10.319194]
[9.919271]
[10.201617]
[10.663662]
[10.68757]
[13.00616]
[14.398343]
[13.108608]
[10.386993]
[10.203296]
[10.2284355]
[10.573129]
[13.224556]
[11.081274]
[10.427125]
[10.37925]
[10.753753]
[10.0445385]
[9.864686]
[10.01298]
[10.222967]
[10.31183]
[10.461858]
[10.351691]
[10.252981]
[10.426044]
[10.428716]
[11.429053]
[11.95564]
[12.145778]
[12.251365]
[11.89064]
[11.885772]
[11.593746]
[11.607823]
[11.745487]
[12.257717]
[17.908459]
[18.600779]
[6.5907145]
[13.549951]
[11.194187]
[12.734967]
[13.189713]
[13.156956]
[13.014685]
[12.931029]
[12.804996]
[12.727645]
[12.638953]
[12.517605]
[12.765794]
[12.860871]
[13.8173685]
[14.059555]
[14.226356]
[13.923417]
[14.695729]
[15.41612]
[15.222105]
[15.663948]
[14.595958]
[15.004414]
[17.07897]
[16.91957]
[16.814308]
[16.72961]
[17.039427]
[15.788271]
[16.453648]
[16.48717]
[16.600386]
[16.654148]
[16.56527]
[16.594225]
[16.202925]
[16.244022]
[16.182741]
[15.978726]
[15.850563]
[15.929557]
[15.954382]
[16.88653]
[16.843746]
[16.606588]
[16.063194]
[15.725959]
[15.642299]
[15.365639]
[15.703636]
[15.860049]
[15.932199]
[16.72035]
[16.369402]
[16.089823]
[15.981198]
[15.945082]
[16.23922]
[16.22238]
[16.64915]
[22.002655]
[26.893059]
[19.35316]
[27.400204]
[27.858656]
[24.000383]
[22.565735]
[20.738033]
[6.8880143]
[15.036559]
[17.450695]
[16.85326]
[19.770298]
[34.5211]
[41.276302]
[49.251785]
[55.03244]
[46.370914]
[41.297974]
[56.246376]
[66.62877]
[65.496735]
[64.51477]
[55.261524]
[71.47354]
[90.99396]
[93.170235]
[122.49081]
[116.348694]
[121.07937]
[103.789116]
[101.64557]
[100.08868]
[101.15621]
[96.418015]
[92.90476]
[88.37046]
[86.317154]
[72.71722]
[72.620544]
[87.46804]
[87.17037]
[86.55791]
[89.14802]
[84.46405]
[89.03973]
[110.73362]
[125.21587]
[138.10725]
[136.67085]
[133.01865]
[133.1999]
[134.57715]
[130.29517]
[104.4828]
[102.46506]
[98.338135]
[96.538]
[94.10833]
[63.480747]
[51.4711]
[60.32301]
[56.743492]
[52.846607]
[42.282066]
[24.173344]
[20.104773]
[20.306904]
[31.293087]
[45.321156]
[41.794655]
[43.14581]
[36.03513]
[20.512484]
[15.933722]
[27.88349]
[19.571213]
[16.445196]
[15.89026]
[13.770364]
[13.000091]
[13.003175]
[15.046219]
[15.172481]
[14.212193]
[13.254115]
[13.913703]
[12.371974]
[11.874616]
[12.923847]
[12.837306]
[12.15962]
[12.569269]
[12.696832]
[12.865977]
[13.191467]
[15.013267]
[15.6991005]
[12.821398]
[12.244112]
[12.928189]
[13.310766]
[13.142077]
[12.534479]
[12.598503]
[12.601235]
[11.978935]
[12.353457]
[11.053134]
[9.970203]
[10.956908]
[11.996305]
[13.941238]
[14.28581]
[16.982882]
[13.734314]
[13.114188]
[13.301874]
[11.841358]
[10.3634205]
[11.46835]
[17.984898]
[11.616459]
[9.380233]
[10.422687]
[10.616496]
[14.0881195]
[14.152392]
[12.818965]
[10.462087]
[10.737042]
[22.631111]
[28.276293]
[27.79056]
[26.323265]
[20.973055]
[14.149241]
[10.450689]
[10.059028]
[8.06052]
[7.3227963]
[6.993709]
[6.73392]
[6.15811]
[6.3023796]
[6.347367]
[6.528589]
[6.139931]
[6.204119]
[6.146557]
[5.974234]
[6.004441][10.25]
[9.45]
[13.02]
[10.69]
[5.31]
[5.25]
[5.26]
[5.31]
[5.31]
[5.3]
[5.29]
[5.3]
[9.25]
[9.31]
[9.28]
[9.29]
[9.27]
[9.26]
[9.25]
[9.26]
[9.26]
[9.27]
[9.25]
[9.25]
[9.32]
[9.28]
[9.26]
[9.22]
[9.21]
[9.23]
[9.23]
[9.06]
[9.24]
[9.25]
[9.24]
[9.29]
[9.55]
[9.28]
[9.27]
[9.27]
[9.25]
[9.24]
[9.28]
[12.21]
[12.29]
[12.32]
[12.27]
[12.3]
[12.29]
[12.25]
[12.25]
[12.25]
[12.29]
[12.3]
[12.3]
[12.31]
[12.36]
[12.34]
[12.35]
[12.36]
[12.37]
[12.39]
[12.39]
[12.4]
[12.36]
[12.39]
[12.4]
[12.41]
[12.52]
[12.25]
[12.25]
[12.03]
[12.31]
[26.75]
[15.2]
[15.05]
[15.12]
[15.03]
[15.09]
[15.17]
[15.22]
[15.41]
[15.4]
[15.43]
[15.24]
[15.14]
[15.08]
[15.29]
[15.3]
[15.23]
[15.22]
[15.17]
[15.21]
[15.24]
[15.21]
[15.26]
[15.09]
[15.03]
[14.94]
[15.09]
[15.28]
[15.3]
[15.52]
[15.38]
[15.46]
[15.26]
[15.55]
[15.54]
[15.27]
[22.36]
[17.87]
[15.85]
[42.75]
[82.22]
[94.05]
[93.25]
[90.97]
[55.68]
[49.63]
[58.09]
[56.67]
[54.59]
[53.59]
[58.05]
[53.08]
[41.74]
[57.88]
[58.89]
[56.17]
[56.45]
[59.98]
[24.57]
[23.68]
[48.95]
[58.59]
[52.66]
[61.65]
[55.39]
[15.63]
[15.57]
[49.45]
[48.02]
[57.5]
[95.04]
[91.35]
[127.12]
[159.08]
[215.85]
[192.9]
[144.63]
[136.75]
[131.02]
[99.64]
[86.83]
[129.19]
[131.03]
[129.73]
[130.49]
[130.52]
[92.3]
[87.76]
[90.33]
[91.84]
[90.24]
[92.4]
[96.82]
[52.74]
[45.22]
[55.96]
[60.38]
[51.61]
[55.5]
[62.81]
[54.04]
[56.12]
[53.08]
[60.33]
[38.11]
[64.66]
[62.07]
[50.21]
[45.53]
[67.12]
[58.52]
[53.52]
[50.52]
[53.77]
[41.06]
[38.17]
[35.45]
[50.08]
[57.71]
[43.73]
[61.41]
[54.5]
[42.43]
[96.98]
[93.31]
[95.73]
[93.08]
[91.61]
[94.94]
[85.74]
[88.4]
[98.74]
[90.94]
[95.37]
[98.5]
[45.13]
[47.61]
[67.66]
[39.1]
[71.69]
[37.29]
[69.59]
[19.53]
[12.7]
[49.99]
[27.12]
[31.05]
[19.21]
[28.46]
[14.31]
[9.94]
[17.83]
[28.86]
[44.83]
[46.46]
[52.06]
[24.01]
[9.42]
[50.97]
[57.23]
[44.2]
[37.8]
[12.15]
[9.41]
[10.47]
[20.43]
[33.31]
[48.25]
[44.01]
[55.45]
[12.7]
[10.36]
[51.64]
[50.92]
[50.38]
[49.93]
[49.1]
[13.79]
[10.13]
[29.22]
[34.2]
[23.2]
[39.35]
[38.77]
[14.08]
[10.2]
[32.49]
[35.58]
[33.86]
[32.24]
[29.9]
[23.23]
[16.87]
[24.9]
[28.37]
[17.49]
[16.74]
[47.53]
[16.06]
[15.03]
[32.65]
[36.66]
[33.79]
[32.62]
[31.6]
[12.79]
[8.68]
[29.3]
[28.48]
[33.01]
[32.79]
[29.71]
[12.11]
[7.79]
[7.39]
[5.3]
[5.33]
[5.36]
[5.41]
[5.44]
[5.46]
[5.48]
[5.51]
[5.52]
[5.54]
[5.55]
[5.56]
[5.57]
[5.58]
[5.41]
[5.59]
[5.59]
[5.59]
[5.59]
[5.59]
[5.59]
[5.52]
[9.82]
[15.53]
[16.95]
[20.82]
[11.7]
[14.18]
[15.4]
[23.39]
[19.41]
[16.47]
[11.42]
[6.71]
[12.54]
[12.67]
[10.63]
[11.37]
[12.05]
[14.44]
[14.47]
[12.32]
[14.46]
[13.82]
[14.57]
[14.58]
[8.47]
[14.78]
[14.81]
[14.47]
[5.31]
[5.31]
[5.29]
[6.65]
[12.03]
[10.97]
[11.68]
[7.09]
[5.32]
[5.32]
[5.33]
[5.32]
[5.32]
[7.66]
[5.32]
[5.32]
[5.32]
[5.29]
[5.21]
[5.09]
[5.1]
[5.1]
[5.1]
[5.11]
[5.11]
[5.1]
[5.12]
[5.22]
[5.48]
[5.49]
[5.27]
[5.12]
[5.13]
[5.12]
[5.12]
[5.11]
[5.16]
[8.76]
[8.76]
[8.94]
[8.95]
[8.95]
[10.8]
[10.34]
[8.93]
[12.82]
[12.41]
[9.78]
[12.71]
[13.05]
[9.78]
[9.61]
[13.47]
[13.71]
[13.82]
[13.8]
[20.11]
[12.1]
[10.21]
[15.44]
[19.36]
[24.22]
[16.35]
[13.82]
[12.91]
[11.05]
[11.21]
[12.63]
[12.73]
[13.93]
[14.]
[12.75]
[12.72]
[14.06]
[13.64]
[13.18]
[14.13]
[14.47]
[12.97]
[12.08]
[13.53]
[13.92]
[14.]
[14.03]
[13.47]
[12.53]
[12.61]
[12.89]
[13.87]
[13.64]
[12.29]
[13.75]
[12.77]
[12.77]
[13.97]
[13.97]
[12.95]
[15.58]
[14.78]
[14.97]
[14.82]
[14.67]
[14.69]
[14.7]
[14.81]
[14.7]
[17.5]
[18.04]
[19.37]
[14.58]
[14.62]
[14.69]
[14.75]
[14.6]
[14.39]
[14.42]
[14.49]
[14.55]
[14.59]
[14.62]
[14.6]
[14.31]
[14.23]
[14.12]
[14.15]
[14.3]
[14.52]
[14.49]
[14.43]
[14.23]
[14.17]
[14.28]
[14.37]
[14.29]
[14.2]
[14.09]
[14.11]
[14.23]
[14.04]
[14.13]
[14.15]
[14.07]
[14.02]
[13.88]
[13.88]
[13.78]
[13.82]
[13.92]
[14.08]
[13.97]
[13.86]
[13.82]
[13.83]
[13.99]
[14.01]
[13.84]
[13.78]
[13.71]
[13.96]
[14.1]
[13.99]
[13.72]
[16.98]
[13.92]
[13.67]
[13.53]
[13.42]
[13.41]
[13.36]
[14.17]
[14.52]
[14.48]
[14.44]
[14.41]
[14.38]
[14.37]
[14.35]
[14.34]
[14.31]
[15.25]
[14.32]
[14.31]
[14.29]
[14.29]
[14.58]
[14.56]
[12.15]
[11.95]
[11.88]
[11.87]
[11.82]
[13.39]
[11.95]
[11.94]
[11.89]
[11.86]
[11.86]
[11.84]
[11.83]
[11.81]
[11.86]
[11.86]
[11.8]
[11.8]
[11.79]
[11.78]
[11.77]
[11.96]
[11.94]
[11.9]
[11.85]
[11.35]
[11.83]
[11.8]
[12.]
[12.06]
[12.03]
[9.66]
[9.6]
[9.59]
[9.63]
[9.74]
[9.73]
[9.68]
[9.68]
[9.7]
[9.68]
[9.68]
[9.67]
[9.67]
[9.73]
[9.77]
[9.75]
[9.77]
[9.77]
[9.77]
[9.74]
[9.74]
[9.73]
[9.72]
[9.75]
[9.75]
[9.79]
[9.77]
[9.77]
[9.78]
[9.77]
[9.09]
[9.09]
[8.91]
[8.69]
[8.69]
[8.66]
[8.69]
[8.7]
[8.7]
[8.66]
[8.67]
[8.77]
[8.78]
[8.78]
[8.77]
[8.78]
[8.77]
[8.74]
[8.74]
[8.77]
[8.77]
[8.77]
[8.76]
[8.77]
[8.76]
[8.77]
[8.77]
[8.76]
[8.76]
[8.77]
[8.71]
[8.26]
[8.23]
[8.06]
[8.02]
[8.01]
[8.04]
[8.06]
[8.04]
[8.05]
[8.06]
[8.05]
[8.05]
[8.07]
[8.07]
[8.06]
[8.04]
[8.08]
[8.07]
[8.07]
[8.03]
[8.1]
[8.09]
[8.1]
[8.11]
[8.1]
[8.11]
[8.12]
[8.11]
[8.11]
[8.13]
[6.13]
[6.11]
[5.91]
[5.29]
[5.35]
[5.29]
[5.31]
[5.3]
[5.3]
[5.3]
[5.31]
[5.3]
[5.27]
[5.29]
[5.29]
[5.29]
[5.3]
[5.3]
[5.34]
[5.31]
[5.31]
[5.32]
[5.32]
[5.31]
[5.33]
[5.32]
[5.32]
[5.31]
[5.33]
[5.32]
[5.34]
[5.34]
[5.89]
[5.74]
[5.51]
[5.5]
[7.49]
[7.16]
[5.55]
[5.56]
[5.48]
[5.43]
[5.41]
[5.42]
[5.48]
[5.44]
[5.44]
[5.44]
[7.99]
[5.37]
[5.4]
[5.41]
[5.38]
[5.38]
[5.39]
[5.38]
[5.38]
[5.43]
[5.4]
[5.41]
[5.42]
[5.41]
[5.41]
[5.41]
[5.41]
[5.42]
[5.44]
[5.44]
[5.45]
[5.47]
[5.47]
[5.4]
[5.42]
[5.44]
[5.46]
[5.47]
[5.46]
[5.46]
[5.47]
[5.47]
[5.42]
[5.48]
[5.49]
[5.48]
[5.46]
[5.46]
[5.5]
[5.51]
[5.48]
[5.46]
[9.04]
[9.13]
[9.13]
[9.16]
[9.17]
[9.17]
[9.19]
[9.21]
[9.24]
[9.24]
[9.22]
[9.2]
[9.27]
[9.28]
[9.28]
[9.29]
[9.32]
[9.33]
[9.33]
[9.34]
[9.36]
[9.37]
[9.38]
[9.41]
[9.41]
[9.41]
[9.41]
[9.42]
[9.83]
[9.49]
[9.52]
[12.18]
[12.29]
[12.29]
[12.33]
[12.37]
[12.42]
[12.45]
[12.39]
[15.27]
[16.55]
[14.11]
[12.06]
[12.15]
[12.22]
[12.2]
[14.89]
[12.24]
[12.29]
[12.3]
[12.82]
[12.19]
[12.16]
[12.29]
[12.32]
[12.3]
[12.41]
[12.47]
[12.46]
[12.66]
[12.65]
[14.68]
[15.59]
[15.66]
[15.62]
[15.61]
[15.62]
[15.55]
[15.55]
[15.53]
[15.48]
[15.58]
[15.63]
[15.67]
[15.73]
[15.76]
[15.69]
[15.74]
[15.74]
[15.7]
[15.75]
[15.81]
[15.74]
[15.69]
[15.67]
[15.67]
[15.69]
[15.71]
[15.78]
[15.82]
[15.85]
[15.84]
[15.82]
[15.81]
[15.68]
[15.65]
[15.45]
[15.76]
[15.72]
[15.72]
[15.72]
[15.86]
[15.62]
[15.55]
[15.84]
[15.47]
[15.85]
[15.91]
[15.89]
[15.6]
[15.96]
[15.99]
[15.84]
[15.77]
[15.99]
[15.57]
[15.56]
[15.78]
[15.69]
[15.67]
[15.63]
[15.75]
[15.5]
[15.92]
[15.96]
[15.99]
[16.2]
[15.99]
[15.99]
[15.96]
[15.93]
[15.94]
[15.96]
[15.89]
[15.75]
[15.57]
[14.85]
[16.98]
[17.18]
[17.15]
[16.64]
[16.94]
[16.89]
[16.85]
[16.85]
[16.82]
[22.09]
[48.14]
[54.09]
[52.25]
[50.82]
[26.21]
[24.32]
[46.38]
[54.6]
[55.32]
[58.59]
[42.22]
[59.61]
[52.27]
[91.07]
[134.99]
[99.13]
[93.08]
[89.49]
[90.15]
[90.7]
[92.91]
[90.54]
[92.41]
[91.17]
[89.85]
[54.37]
[55.31]
[91.98]
[89.63]
[92.51]
[92.65]
[53.92]
[58.15]
[118.86]
[121.02]
[128.01]
[129.11]
[130.04]
[130.07]
[129.96]
[130.52]
[93.73]
[94.19]
[93.43]
[94.32]
[94.03]
[49.04]
[42.92]
[63.69]
[56.03]
[54.7]
[38.34]
[11.79]
[11.72]
[12.96]
[33.11]
[57.23]
[47.44]
[52.93]
[38.46]
[13.38]
[10.84]
[32.12]
[12.86]
[13.04]
[11.96]
[9.06]
[9.09]
[9.87]
[13.99]
[13.87]
[12.77]
[11.54]
[13.62]
[10.08]
[9.89]
[11.66]
[11.41]
[10.97]
[12.27]
[12.58]
[13.52]
[14.11]
[18.19]
[19.12]
[13.6]
[13.55]
[13.48]
[13.43]
[13.64]
[13.07]
[13.76]
[13.75]
[12.85]
[13.71]
[11.22]
[9.92]
[11.7]
[12.05]
[15.5]
[15.5]
[20.41]
[11.86]
[11.21]
[12.16]
[10.03]
[8.58]
[11.93]
[24.96]
[9.81]
[9.12]
[11.89]
[11.97]
[19.72]
[18.14]
[16.04]
[11.71]
[13.74]
[39.18]
[46.43]
[42.22]
[40.7]
[29.17]
[11.6]
[7.7]
[7.77]
[5.18]
[5.21]
[5.24]
[5.27]
[5.28]
[5.29]
[5.31]
[5.33]
[5.34]
[5.35]
[5.36]
[5.37]
[5.38]
[5.39]