0.8963629256711187, 0.8987658670357392, -2.8982122105664954, 195.96563489846608[13.48533]
[10.854175]
[9.742362]
[11.819735]
[10.810456]
[7.2012033]
[6.5288363]
[6.4887986]
[6.4536786]
[6.4857726]
[6.408641]
[6.4223127]
[6.4251013]
[8.869614]
[9.434817]
[9.411795]
[9.603534]
[10.879725]
[12.251932]
[10.9138155]
[9.866575]
[9.877755]
[9.829112]
[9.790967]
[9.7264385]
[9.79091]
[9.776251]
[9.693517]
[9.593495]
[9.543445]
[9.546386]
[9.741419]
[9.664765]
[9.611173]
[9.656516]
[9.6796]
[9.586197]
[10.014446]
[13.849158]
[10.647809]
[10.413158]
[10.701343]
[10.466079]
[10.14242]
[11.941724]
[12.319532]
[12.3440075]
[12.361275]
[12.487505]
[12.931974]
[12.77329]
[12.471003]
[12.333591]
[12.409213]
[12.256057]
[12.28566]
[12.288928]
[12.293695]
[12.211588]
[12.227578]
[12.239472]
[12.216581]
[12.177843]
[12.272911]
[12.281234]
[12.462563]
[12.822132]
[12.633873]
[12.404152]
[12.648497]
[15.166162]
[9.97067]
[11.494948]
[12.1707325]
[34.0334]
[18.318802]
[14.276394]
[14.160296]
[14.136538]
[14.15157]
[14.3133955]
[14.371903]
[14.290151]
[14.455407]
[14.47591]
[14.230746]
[14.296442]
[14.388557]
[14.525853]
[14.339898]
[14.482885]
[14.391409]
[14.859207]
[14.510632]
[14.358728]
[14.584601]
[14.518909]
[14.339477]
[14.312428]
[13.935429]
[14.468602]
[14.755464]
[14.479279]
[14.988463]
[15.1899]
[16.053984]
[21.432207]
[22.863756]
[20.95793]
[36.82231]
[65.8805]
[38.8105]
[69.016525]
[81.4144]
[79.49473]
[88.67313]
[135.8492]
[90.32254]
[64.01272]
[55.75494]
[58.630333]
[56.66583]
[51.553177]
[48.259254]
[49.37491]
[46.843796]
[39.49273]
[46.02246]
[48.77831]
[46.23513]
[46.864403]
[50.200848]
[31.682373]
[28.321852]
[40.991116]
[45.497395]
[42.51865]
[45.81927]
[42.158684]
[24.665827]
[26.156837]
[44.063526]
[46.73209]
[77.75866]
[107.10925]
[146.75916]
[168.16286]
[173.64113]
[199.77696]
[173.11096]
[141.08673]
[140.09239]
[122.280174]
[97.91618]
[82.334724]
[104.22397]
[109.78492]
[112.465485]
[116.07936]
[125.9917]
[108.75754]
[97.064896]
[88.00994]
[87.01419]
[84.82101]
[84.43813]
[88.81523]
[70.85403]
[63.718983]
[71.42886]
[69.15124]
[66.81567]
[64.863464]
[65.07118]
[57.578156]
[54.983578]
[51.512558]
[53.288773]
[41.61614]
[51.493702]
[52.42435]
[47.13831]
[44.820793]
[53.463165]
[48.556416]
[44.23106]
[41.46312]
[42.80823]
[40.212193]
[42.111553]
[45.372856]
[60.7631]
[63.16402]
[56.32426]
[61.64464]
[54.13593]
[54.970474]
[91.91621]
[88.24871]
[84.11301]
[78.63805]
[75.14944]
[76.40788]
[75.24333]
[80.95046]
[87.931786]
[85.471565]
[95.37564]
[96.78057]
[71.30373]
[67.863174]
[71.03247]
[54.32003]
[67.483696]
[49.70713]
[60.14797]
[37.078426]
[26.314775]
[44.706005]
[35.430576]
[34.413376]
[27.572361]
[30.953487]
[23.315004]
[17.963495]
[22.34806]
[28.788414]
[35.511036]
[36.656578]
[39.93111]
[31.267036]
[20.72884]
[40.695553]
[45.500156]
[39.575558]
[37.67538]
[25.265701]
[21.522593]
[20.562492]
[25.06316]
[31.659983]
[37.627926]
[36.40154]
[40.454174]
[22.777668]
[18.255768]
[37.94963]
[37.711933]
[38.091465]
[38.05394]
[36.17007]
[23.426458]
[19.727776]
[29.265678]
[31.602406]
[26.215427]
[31.578878]
[31.521263]
[19.92154]
[14.680313]
[26.521038]
[29.040115]
[28.13835]
[26.745108]
[25.572723]
[21.922262]
[18.184938]
[22.24662]
[24.65781]
[20.311388]
[21.297264]
[37.39626]
[22.620895]
[17.533075]
[26.640078]
[28.82777]
[27.734922]
[26.587128]
[25.617342]
[16.068232]
[11.582335]
[22.597324]
[23.014162]
[24.827705]
[25.776974]
[24.162142]
[15.026259]
[10.296083]
[9.426084]
[8.119912]
[7.749944]
[8.197406]
[8.286686]
[7.8793163]
[7.8190155]
[7.7289786]
[7.8527718]
[7.7945333]
[7.730897]
[7.6081963]
[7.5636]
[7.59596]
[7.603808]
[7.484015]
[7.425028]
[7.401733]
[7.4215794]
[7.4215794]
[7.4215794]
[7.4215794]
[7.219493]
[9.351102]
[15.07154]
[15.3096285]
[17.093174]
[12.598074]
[12.9894085]
[13.793579]
[18.219828]
[17.0119]
[15.154936]
[11.805066]
[8.3331375]
[11.200493]
[11.858008]
[10.697645]
[10.878175]
[11.424581]
[13.059382]
[13.289896]
[11.908764]
[12.983479]
[19.914974]
[14.9177265]
[13.475162]
[9.688875]
[13.066817]
[13.614006]
[13.419401]
[7.802733]
[6.6324306]
[6.593989]
[7.285038]
[10.78247]
[11.077918]
[11.153784]
[8.356535]
[6.72486]
[6.4951153]
[6.491253]
[6.4229493]
[6.4352965]
[7.906803]
[6.6753097]
[6.452562]
[6.4385977]
[6.4065423]
[6.351125]
[6.6402874]
[6.913392]
[6.5902963]
[6.5250044]
[6.435346]
[6.34615]
[6.3797626]
[6.3893323]
[6.3960757]
[6.544121]
[6.6090403]
[6.642574]
[6.4583087]
[6.304762]
[6.409058]
[6.382294]
[6.3752465]
[6.346957]
[8.600336]
[9.075705]
[14.121742]
[10.302561]
[9.213964]
[10.545212]
[10.284341]
[9.414005]
[12.548702]
[12.026213]
[10.196774]
[11.848074]
[12.327093]
[10.332322]
[9.914095]
[12.480304]
[13.16514]
[13.022457]
[13.07428]
[17.69584]
[12.878512]
[10.5055685]
[14.031485]
[17.366344]
[20.603224]
[15.933711]
[13.283589]
[12.4500065]
[11.039547]
[11.038506]
[11.96179]
[12.147938]
[13.076806]
[13.183056]
[12.338942]
[12.301319]
[13.268802]
[12.783232]
[12.707153]
[13.497758]
[13.587879]
[12.511085]
[11.861667]
[12.910937]
[13.2317505]
[13.220133]
[13.339172]
[12.807814]
[12.187365]
[11.7440605]
[12.354993]
[13.44226]
[13.176522]
[11.539323]
[13.355034]
[12.759639]
[12.30948]
[13.157397]
[13.314985]
[12.489309]
[14.463829]
[13.936785]
[14.007543]
[13.956338]
[13.90911]
[13.871533]
[13.716679]
[13.972552]
[13.828729]
[15.716969]
[18.135538]
[17.50228]
[14.174195]
[13.479626]
[13.786691]
[13.624464]
[14.209264]
[13.695812]
[13.574842]
[13.66328]
[13.533639]
[13.54443]
[13.267481]
[13.146298]
[12.8118]
[12.580781]
[12.540291]
[12.604445]
[12.604627]
[12.756577]
[12.697155]
[12.716241]
[12.706402]
[12.665506]
[12.625602]
[12.795268]
[12.701832]
[12.5407]
[12.532249]
[12.56539]
[12.699993]
[12.63845]
[12.686981]
[12.850925]
[13.014289]
[12.8339815]
[12.678824]
[12.866704]
[12.450649]
[12.467321]
[12.735458]
[12.697835]
[12.574018]
[12.504536]
[12.4504795]
[12.309956]
[12.384643]
[12.787667]
[12.934582]
[13.0935335]
[13.030986]
[13.202037]
[13.868484]
[14.425581]
[17.412119]
[27.715918]
[35.60155]
[39.4985]
[17.023617]
[12.874042]
[14.20402]
[14.761513]
[14.862937]
[14.847062]
[14.867385]
[14.872176]
[14.789443]
[14.701145]
[14.45993]
[14.468026]
[14.529958]
[14.36635]
[14.877312]
[14.283063]
[14.127271]
[14.032954]
[14.000826]
[13.386575]
[14.120585]
[12.748737]
[12.231333]
[12.21084]
[12.691604]
[12.7138405]
[13.785671]
[12.897923]
[12.380049]
[12.179757]
[12.041737]
[11.879026]
[12.033453]
[12.102298]
[11.831856]
[11.703852]
[11.607698]
[11.546673]
[11.529431]
[11.538776]
[11.462514]
[11.555101]
[12.572336]
[13.879596]
[14.419438]
[13.610787]
[13.323235]
[13.095965]
[12.620157]
[12.354007]
[12.385083]
[13.14208]
[12.25108]
[10.9950285]
[10.366247]
[10.490392]
[10.563567]
[10.540261]
[10.522516]
[10.43477]
[10.469917]
[10.375923]
[10.424429]
[10.390334]
[10.313111]
[10.410941]
[10.353781]
[10.422305]
[10.361018]
[10.370465]
[10.321656]
[10.296145]
[10.23328]
[10.233673]
[10.1634865]
[10.20398]
[10.209787]
[10.216696]
[10.150416]
[10.17599]
[10.224598]
[10.173794]
[9.829442]
[9.662]
[9.531379]
[9.291912]
[9.307701]
[9.393277]
[9.354392]
[9.29618]
[9.248861]
[9.239796]
[9.508297]
[10.255042]
[10.48453]
[9.886765]
[9.790421]
[9.654184]
[9.587052]
[9.524687]
[9.458537]
[9.477135]
[9.496771]
[9.369851]
[9.40301]
[9.35214]
[9.262713]
[9.469057]
[9.70359]
[9.609316]
[9.582326]
[9.726669]
[9.461601]
[9.041608]
[8.928258]
[8.830696]
[8.741068]
[8.706043]
[8.798498]
[8.76843]
[8.681831]
[8.671204]
[8.721482]
[8.647734]
[8.6649685]
[8.672446]
[8.65003]
[8.615157]
[8.64994]
[8.594892]
[8.594652]
[8.544187]
[8.549519]
[8.614466]
[8.495386]
[8.542507]
[8.60038]
[8.5703335]
[8.524163]
[8.604143]
[8.590725]
[8.690856]
[8.662044]
[7.3461075]
[7.0527334]
[6.863448]
[6.410165]
[6.387829]
[6.32271]
[6.371511]
[6.312124]
[6.332874]
[6.361121]
[6.310187]
[6.319738]
[6.2973595]
[6.3032026]
[6.3036056]
[6.260275]
[6.2847424]
[6.320406]
[6.2456574]
[6.315343]
[6.329413]
[6.273524]
[6.2915344]
[6.2837915]
[6.294822]
[6.2908583]
[6.284687]
[6.279268]
[6.286737]
[6.2920885]
[6.252524]
[6.321098]
[6.6114726]
[6.630963]
[10.132379]
[7.101725]
[8.101106]
[8.32536]
[6.744023]
[6.455929]
[6.397269]
[6.3473725]
[6.6585975]
[6.3756423]
[6.652675]
[6.3790526]
[6.640984]
[6.3711357]
[8.594866]
[7.0367165]
[6.6353974]
[6.6249657]
[6.615247]
[6.60542]
[6.5955706]
[6.319081]
[6.5509543]
[6.26206]
[8.5904045]
[6.667146]
[6.3100424]
[6.509053]
[6.3039365]
[6.3042564]
[6.4865904]
[6.300374]
[6.485652]
[6.465152]
[6.3180757]
[6.467647]
[6.311192]
[6.2921767]
[6.2763066]
[6.42131]
[6.29276]
[6.4274497]
[6.284124]
[6.314446]
[6.3037367]
[6.3851104]
[6.2416763]
[6.314651]
[6.3764634]
[6.2723966]
[6.3093877]
[6.350579]
[6.2706327]
[6.3961687]
[6.3276615]
[6.260864]
[9.448126]
[9.445471]
[9.861147]
[9.462405]
[9.826658]
[9.889852]
[9.845525]
[9.804717]
[10.381571]
[9.863526]
[10.317817]
[9.802061]
[10.253702]
[9.740522]
[10.19081]
[10.270647]
[9.560069]
[9.505911]
[9.493908]
[9.496192]
[9.440579]
[9.351832]
[9.126555]
[9.3041525]
[8.851491]
[9.257287]
[9.020769]
[8.754138]
[9.380722]
[9.387806]
[9.398473]
[10.81365]
[11.0090065]
[10.988338]
[11.414929]
[11.016064]
[11.331319]
[11.7120495]
[11.720201]
[13.616489]
[14.477708]
[13.424683]
[11.414292]
[11.394791]
[11.405626]
[11.649185]
[13.535809]
[11.789131]
[11.419975]
[11.339957]
[11.550971]
[10.925708]
[10.759523]
[11.071856]
[11.575768]
[11.891751]
[11.981673]
[11.293611]
[10.906866]
[11.032273]
[10.931442]
[11.690875]
[11.883455]
[11.803358]
[11.659544]
[11.221817]
[10.987674]
[10.540989]
[10.673781]
[11.151366]
[14.869105]
[19.490566]
[26.025274]
[11.51881]
[15.558536]
[13.188611]
[14.829793]
[15.207152]
[15.204434]
[14.943722]
[14.6047735]
[14.252949]
[14.105646]
[13.891252]
[13.668678]
[14.272721]
[16.473911]
[16.877926]
[15.960176]
[15.893668]
[16.163559]
[16.895401]
[17.155058]
[17.38585]
[17.201199]
[19.799805]
[18.280142]
[16.779854]
[17.362804]
[17.908827]
[19.525639]
[20.519014]
[18.713238]
[19.261946]
[19.344292]
[18.419926]
[18.64684]
[18.780512]
[18.277006]
[17.531649]
[17.497454]
[17.277725]
[17.032501]
[16.837303]
[16.748014]
[17.911543]
[19.146477]
[17.670654]
[16.534138]
[16.178526]
[16.02606]
[15.991247]
[15.771089]
[16.249363]
[16.368248]
[16.669003]
[17.460552]
[16.624151]
[16.486128]
[16.427334]
[16.558258]
[16.845842]
[16.908577]
[17.580597]
[24.734163]
[27.994225]
[18.841478]
[27.679813]
[26.978046]
[22.6238]
[21.600742]
[20.838867]
[6.5794835]
[15.404714]
[18.0327]
[17.777266]
[21.177036]
[35.698395]
[40.782394]
[47.19012]
[53.763367]
[44.396908]
[40.722218]
[53.921574]
[63.482086]
[61.05446]
[60.151424]
[52.449474]
[71.11699]
[95.67434]
[95.46712]
[118.30358]
[110.28507]
[122.31672]
[106.5044]
[99.21435]
[93.76778]
[94.75871]
[89.922806]
[86.07433]
[82.631325]
[81.27713]
[69.83975]
[69.83259]
[81.821815]
[80.75715]
[81.45607]
[84.622574]
[83.55045]
[91.64832]
[105.86141]
[116.87381]
[137.09277]
[135.30176]
[126.06155]
[125.16631]
[128.69415]
[123.084755]
[96.16871]
[97.522316]
[92.425514]
[89.74899]
[87.934006]
[59.20188]
[49.663403]
[57.565136]
[53.69961]
[50.382133]
[40.901096]
[24.39522]
[20.720364]
[20.740978]
[32.419964]
[43.994274]
[40.220425]
[41.738533]
[35.56019]
[21.641573]
[17.320934]
[29.78759]
[20.597754]
[17.77716]
[17.26897]
[14.908407]
[14.153648]
[14.361684]
[16.854465]
[17.045982]
[16.075169]
[15.127419]
[15.985894]
[14.2308655]
[13.782722]
[14.924909]
[14.770839]
[14.040326]
[14.700768]
[14.916224]
[15.1623]
[15.635098]
[17.790773]
[18.479887]
[15.345555]
[14.8306]
[15.5572]
[15.794032]
[15.415357]
[14.809681]
[15.049474]
[15.086229]
[14.397129]
[14.885314]
[13.353314]
[12.146127]
[13.399669]
[14.492381]
[16.533987]
[16.756788]
[19.807741]
[16.029104]
[15.3880005]
[15.272618]
[13.577486]
[12.1768875]
[13.618749]
[21.02861]
[13.765673]
[11.647313]
[12.804618]
[13.040624]
[17.216192]
[17.106203]
[15.762824]
[13.022717]
[13.464523]
[25.34798]
[28.94764]
[28.555101]
[27.606977]
[22.871346]
[16.782751]
[12.381045]
[11.214561]
[9.308045]
[8.603273]
[8.455196]
[8.250602]
[7.6289597]
[8.0800495]
[8.165446]
[8.255733]
[7.751354]
[7.957525]
[7.96927]
[7.666134]
[7.8399115][10.25]
[9.45]
[13.02]
[10.69]
[5.31]
[5.25]
[5.26]
[5.31]
[5.31]
[5.3]
[5.29]
[5.3]
[9.25]
[9.31]
[9.28]
[9.29]
[9.27]
[9.26]
[9.25]
[9.26]
[9.26]
[9.27]
[9.25]
[9.25]
[9.32]
[9.28]
[9.26]
[9.22]
[9.21]
[9.23]
[9.23]
[9.06]
[9.24]
[9.25]
[9.24]
[9.29]
[9.55]
[9.28]
[9.27]
[9.27]
[9.25]
[9.24]
[9.28]
[12.21]
[12.29]
[12.32]
[12.27]
[12.3]
[12.29]
[12.25]
[12.25]
[12.25]
[12.29]
[12.3]
[12.3]
[12.31]
[12.36]
[12.34]
[12.35]
[12.36]
[12.37]
[12.39]
[12.39]
[12.4]
[12.36]
[12.39]
[12.4]
[12.41]
[12.52]
[12.25]
[12.25]
[12.03]
[12.31]
[26.75]
[15.2]
[15.05]
[15.12]
[15.03]
[15.09]
[15.17]
[15.22]
[15.41]
[15.4]
[15.43]
[15.24]
[15.14]
[15.08]
[15.29]
[15.3]
[15.23]
[15.22]
[15.17]
[15.21]
[15.24]
[15.21]
[15.26]
[15.09]
[15.03]
[14.94]
[15.09]
[15.28]
[15.3]
[15.52]
[15.38]
[15.46]
[15.26]
[15.55]
[15.54]
[15.27]
[22.36]
[17.87]
[15.85]
[42.75]
[82.22]
[94.05]
[93.25]
[90.97]
[55.68]
[49.63]
[58.09]
[56.67]
[54.59]
[53.59]
[58.05]
[53.08]
[41.74]
[57.88]
[58.89]
[56.17]
[56.45]
[59.98]
[24.57]
[23.68]
[48.95]
[58.59]
[52.66]
[61.65]
[55.39]
[15.63]
[15.57]
[49.45]
[48.02]
[57.5]
[95.04]
[91.35]
[127.12]
[159.08]
[215.85]
[192.9]
[144.63]
[136.75]
[131.02]
[99.64]
[86.83]
[129.19]
[131.03]
[129.73]
[130.49]
[130.52]
[92.3]
[87.76]
[90.33]
[91.84]
[90.24]
[92.4]
[96.82]
[52.74]
[45.22]
[55.96]
[60.38]
[51.61]
[55.5]
[62.81]
[54.04]
[56.12]
[53.08]
[60.33]
[38.11]
[64.66]
[62.07]
[50.21]
[45.53]
[67.12]
[58.52]
[53.52]
[50.52]
[53.77]
[41.06]
[38.17]
[35.45]
[50.08]
[57.71]
[43.73]
[61.41]
[54.5]
[42.43]
[96.98]
[93.31]
[95.73]
[93.08]
[91.61]
[94.94]
[85.74]
[88.4]
[98.74]
[90.94]
[95.37]
[98.5]
[45.13]
[47.61]
[67.66]
[39.1]
[71.69]
[37.29]
[69.59]
[19.53]
[12.7]
[49.99]
[27.12]
[31.05]
[19.21]
[28.46]
[14.31]
[9.94]
[17.83]
[28.86]
[44.83]
[46.46]
[52.06]
[24.01]
[9.42]
[50.97]
[57.23]
[44.2]
[37.8]
[12.15]
[9.41]
[10.47]
[20.43]
[33.31]
[48.25]
[44.01]
[55.45]
[12.7]
[10.36]
[51.64]
[50.92]
[50.38]
[49.93]
[49.1]
[13.79]
[10.13]
[29.22]
[34.2]
[23.2]
[39.35]
[38.77]
[14.08]
[10.2]
[32.49]
[35.58]
[33.86]
[32.24]
[29.9]
[23.23]
[16.87]
[24.9]
[28.37]
[17.49]
[16.74]
[47.53]
[16.06]
[15.03]
[32.65]
[36.66]
[33.79]
[32.62]
[31.6]
[12.79]
[8.68]
[29.3]
[28.48]
[33.01]
[32.79]
[29.71]
[12.11]
[7.79]
[7.39]
[5.3]
[5.33]
[5.36]
[5.41]
[5.44]
[5.46]
[5.48]
[5.51]
[5.52]
[5.54]
[5.55]
[5.56]
[5.57]
[5.58]
[5.41]
[5.59]
[5.59]
[5.59]
[5.59]
[5.59]
[5.59]
[5.52]
[9.82]
[15.53]
[16.95]
[20.82]
[11.7]
[14.18]
[15.4]
[23.39]
[19.41]
[16.47]
[11.42]
[6.71]
[12.54]
[12.67]
[10.63]
[11.37]
[12.05]
[14.44]
[14.47]
[12.32]
[14.46]
[13.82]
[14.57]
[14.58]
[8.47]
[14.78]
[14.81]
[14.47]
[5.31]
[5.31]
[5.29]
[6.65]
[12.03]
[10.97]
[11.68]
[7.09]
[5.32]
[5.32]
[5.33]
[5.32]
[5.32]
[7.66]
[5.32]
[5.32]
[5.32]
[5.29]
[5.21]
[5.09]
[5.1]
[5.1]
[5.1]
[5.11]
[5.11]
[5.1]
[5.12]
[5.22]
[5.48]
[5.49]
[5.27]
[5.12]
[5.13]
[5.12]
[5.12]
[5.11]
[5.16]
[8.76]
[8.76]
[8.94]
[8.95]
[8.95]
[10.8]
[10.34]
[8.93]
[12.82]
[12.41]
[9.78]
[12.71]
[13.05]
[9.78]
[9.61]
[13.47]
[13.71]
[13.82]
[13.8]
[20.11]
[12.1]
[10.21]
[15.44]
[19.36]
[24.22]
[16.35]
[13.82]
[12.91]
[11.05]
[11.21]
[12.63]
[12.73]
[13.93]
[14.]
[12.75]
[12.72]
[14.06]
[13.64]
[13.18]
[14.13]
[14.47]
[12.97]
[12.08]
[13.53]
[13.92]
[14.]
[14.03]
[13.47]
[12.53]
[12.61]
[12.89]
[13.87]
[13.64]
[12.29]
[13.75]
[12.77]
[12.77]
[13.97]
[13.97]
[12.95]
[15.58]
[14.78]
[14.97]
[14.82]
[14.67]
[14.69]
[14.7]
[14.81]
[14.7]
[17.5]
[18.04]
[19.37]
[14.58]
[14.62]
[14.69]
[14.75]
[14.6]
[14.39]
[14.42]
[14.49]
[14.55]
[14.59]
[14.62]
[14.6]
[14.31]
[14.23]
[14.12]
[14.15]
[14.3]
[14.52]
[14.49]
[14.43]
[14.23]
[14.17]
[14.28]
[14.37]
[14.29]
[14.2]
[14.09]
[14.11]
[14.23]
[14.04]
[14.13]
[14.15]
[14.07]
[14.02]
[13.88]
[13.88]
[13.78]
[13.82]
[13.92]
[14.08]
[13.97]
[13.86]
[13.82]
[13.83]
[13.99]
[14.01]
[13.84]
[13.78]
[13.71]
[13.96]
[14.1]
[13.99]
[13.72]
[16.98]
[13.92]
[13.67]
[13.53]
[13.42]
[13.41]
[13.36]
[14.17]
[14.52]
[14.48]
[14.44]
[14.41]
[14.38]
[14.37]
[14.35]
[14.34]
[14.31]
[15.25]
[14.32]
[14.31]
[14.29]
[14.29]
[14.58]
[14.56]
[12.15]
[11.95]
[11.88]
[11.87]
[11.82]
[13.39]
[11.95]
[11.94]
[11.89]
[11.86]
[11.86]
[11.84]
[11.83]
[11.81]
[11.86]
[11.86]
[11.8]
[11.8]
[11.79]
[11.78]
[11.77]
[11.96]
[11.94]
[11.9]
[11.85]
[11.35]
[11.83]
[11.8]
[12.]
[12.06]
[12.03]
[9.66]
[9.6]
[9.59]
[9.63]
[9.74]
[9.73]
[9.68]
[9.68]
[9.7]
[9.68]
[9.68]
[9.67]
[9.67]
[9.73]
[9.77]
[9.75]
[9.77]
[9.77]
[9.77]
[9.74]
[9.74]
[9.73]
[9.72]
[9.75]
[9.75]
[9.79]
[9.77]
[9.77]
[9.78]
[9.77]
[9.09]
[9.09]
[8.91]
[8.69]
[8.69]
[8.66]
[8.69]
[8.7]
[8.7]
[8.66]
[8.67]
[8.77]
[8.78]
[8.78]
[8.77]
[8.78]
[8.77]
[8.74]
[8.74]
[8.77]
[8.77]
[8.77]
[8.76]
[8.77]
[8.76]
[8.77]
[8.77]
[8.76]
[8.76]
[8.77]
[8.71]
[8.26]
[8.23]
[8.06]
[8.02]
[8.01]
[8.04]
[8.06]
[8.04]
[8.05]
[8.06]
[8.05]
[8.05]
[8.07]
[8.07]
[8.06]
[8.04]
[8.08]
[8.07]
[8.07]
[8.03]
[8.1]
[8.09]
[8.1]
[8.11]
[8.1]
[8.11]
[8.12]
[8.11]
[8.11]
[8.13]
[6.13]
[6.11]
[5.91]
[5.29]
[5.35]
[5.29]
[5.31]
[5.3]
[5.3]
[5.3]
[5.31]
[5.3]
[5.27]
[5.29]
[5.29]
[5.29]
[5.3]
[5.3]
[5.34]
[5.31]
[5.31]
[5.32]
[5.32]
[5.31]
[5.33]
[5.32]
[5.32]
[5.31]
[5.33]
[5.32]
[5.34]
[5.34]
[5.89]
[5.74]
[5.51]
[5.5]
[7.49]
[7.16]
[5.55]
[5.56]
[5.48]
[5.43]
[5.41]
[5.42]
[5.48]
[5.44]
[5.44]
[5.44]
[7.99]
[5.37]
[5.4]
[5.41]
[5.38]
[5.38]
[5.39]
[5.38]
[5.38]
[5.43]
[5.4]
[5.41]
[5.42]
[5.41]
[5.41]
[5.41]
[5.41]
[5.42]
[5.44]
[5.44]
[5.45]
[5.47]
[5.47]
[5.4]
[5.42]
[5.44]
[5.46]
[5.47]
[5.46]
[5.46]
[5.47]
[5.47]
[5.42]
[5.48]
[5.49]
[5.48]
[5.46]
[5.46]
[5.5]
[5.51]
[5.48]
[5.46]
[9.04]
[9.13]
[9.13]
[9.16]
[9.17]
[9.17]
[9.19]
[9.21]
[9.24]
[9.24]
[9.22]
[9.2]
[9.27]
[9.28]
[9.28]
[9.29]
[9.32]
[9.33]
[9.33]
[9.34]
[9.36]
[9.37]
[9.38]
[9.41]
[9.41]
[9.41]
[9.41]
[9.42]
[9.83]
[9.49]
[9.52]
[12.18]
[12.29]
[12.29]
[12.33]
[12.37]
[12.42]
[12.45]
[12.39]
[15.27]
[16.55]
[14.11]
[12.06]
[12.15]
[12.22]
[12.2]
[14.89]
[12.24]
[12.29]
[12.3]
[12.82]
[12.19]
[12.16]
[12.29]
[12.32]
[12.3]
[12.41]
[12.47]
[12.46]
[12.66]
[12.65]
[14.68]
[15.59]
[15.66]
[15.62]
[15.61]
[15.62]
[15.55]
[15.55]
[15.53]
[15.48]
[15.58]
[15.63]
[15.67]
[15.73]
[15.76]
[15.69]
[15.74]
[15.74]
[15.7]
[15.75]
[15.81]
[15.74]
[15.69]
[15.67]
[15.67]
[15.69]
[15.71]
[15.78]
[15.82]
[15.85]
[15.84]
[15.82]
[15.81]
[15.68]
[15.65]
[15.45]
[15.76]
[15.72]
[15.72]
[15.72]
[15.86]
[15.62]
[15.55]
[15.84]
[15.47]
[15.85]
[15.91]
[15.89]
[15.6]
[15.96]
[15.99]
[15.84]
[15.77]
[15.99]
[15.57]
[15.56]
[15.78]
[15.69]
[15.67]
[15.63]
[15.75]
[15.5]
[15.92]
[15.96]
[15.99]
[16.2]
[15.99]
[15.99]
[15.96]
[15.93]
[15.94]
[15.96]
[15.89]
[15.75]
[15.57]
[14.85]
[16.98]
[17.18]
[17.15]
[16.64]
[16.94]
[16.89]
[16.85]
[16.85]
[16.82]
[22.09]
[48.14]
[54.09]
[52.25]
[50.82]
[26.21]
[24.32]
[46.38]
[54.6]
[55.32]
[58.59]
[42.22]
[59.61]
[52.27]
[91.07]
[134.99]
[99.13]
[93.08]
[89.49]
[90.15]
[90.7]
[92.91]
[90.54]
[92.41]
[91.17]
[89.85]
[54.37]
[55.31]
[91.98]
[89.63]
[92.51]
[92.65]
[53.92]
[58.15]
[118.86]
[121.02]
[128.01]
[129.11]
[130.04]
[130.07]
[129.96]
[130.52]
[93.73]
[94.19]
[93.43]
[94.32]
[94.03]
[49.04]
[42.92]
[63.69]
[56.03]
[54.7]
[38.34]
[11.79]
[11.72]
[12.96]
[33.11]
[57.23]
[47.44]
[52.93]
[38.46]
[13.38]
[10.84]
[32.12]
[12.86]
[13.04]
[11.96]
[9.06]
[9.09]
[9.87]
[13.99]
[13.87]
[12.77]
[11.54]
[13.62]
[10.08]
[9.89]
[11.66]
[11.41]
[10.97]
[12.27]
[12.58]
[13.52]
[14.11]
[18.19]
[19.12]
[13.6]
[13.55]
[13.48]
[13.43]
[13.64]
[13.07]
[13.76]
[13.75]
[12.85]
[13.71]
[11.22]
[9.92]
[11.7]
[12.05]
[15.5]
[15.5]
[20.41]
[11.86]
[11.21]
[12.16]
[10.03]
[8.58]
[11.93]
[24.96]
[9.81]
[9.12]
[11.89]
[11.97]
[19.72]
[18.14]
[16.04]
[11.71]
[13.74]
[39.18]
[46.43]
[42.22]
[40.7]
[29.17]
[11.6]
[7.7]
[7.77]
[5.18]
[5.21]
[5.24]
[5.27]
[5.28]
[5.29]
[5.31]
[5.33]
[5.34]
[5.35]
[5.36]
[5.37]
[5.38]
[5.39]