0.8981010495924514, 0.8992695146003975, 2.753589149521745, 194.3153915475503[10.958392]
[8.982592]
[7.7587814]
[9.318685]
[8.829786]
[5.975703]
[5.31123]
[5.243796]
[5.357981]
[5.3251114]
[5.2766194]
[5.3635416]
[5.251099]
[7.1861634]
[7.6947713]
[7.8397474]
[7.9227443]
[8.852869]
[10.023276]
[9.047477]
[8.747527]
[8.469474]
[8.333285]
[8.125034]
[8.160424]
[8.149827]
[8.153803]
[8.078952]
[8.090256]
[7.972152]
[8.090226]
[8.167078]
[8.03463]
[8.2079525]
[8.26765]
[8.148901]
[8.220641]
[8.664141]
[11.079088]
[9.462996]
[8.801638]
[9.010095]
[8.926897]
[8.801478]
[10.233067]
[10.649993]
[10.683524]
[10.54953]
[10.759791]
[10.963005]
[10.926708]
[10.782644]
[10.735302]
[10.63749]
[10.729583]
[10.662889]
[10.688549]
[10.671005]
[10.712931]
[10.681288]
[10.710998]
[10.6591]
[10.779673]
[10.700416]
[10.857702]
[10.926446]
[11.068533]
[11.053011]
[11.040925]
[11.058725]
[13.348876]
[9.224425]
[10.011284]
[10.865645]
[33.914726]
[19.327024]
[12.614806]
[12.824263]
[12.7406225]
[12.862141]
[12.942761]
[12.9899435]
[13.224448]
[13.161127]
[13.250028]
[13.279935]
[13.261601]
[13.315098]
[13.481897]
[13.50591]
[13.531238]
[13.593687]
[13.706923]
[13.728003]
[13.647026]
[13.688773]
[13.691358]
[13.54255]
[13.4272375]
[13.436684]
[13.797258]
[14.077803]
[14.114018]
[14.455336]
[14.56053]
[14.863249]
[18.136457]
[18.147154]
[19.275381]
[36.43743]
[56.25412]
[34.64725]
[68.47925]
[68.29205]
[77.38365]
[88.433014]
[130.66512]
[89.69545]
[70.252655]
[56.79713]
[57.925568]
[56.3753]
[51.97794]
[48.249332]
[48.6794]
[46.232548]
[39.315422]
[44.524937]
[47.451065]
[45.276592]
[45.79704]
[48.79908]
[32.850883]
[29.020084]
[39.493763]
[44.372612]
[41.569405]
[43.87151]
[40.754593]
[25.394783]
[26.757086]
[42.57108]
[46.481937]
[67.268654]
[93.57365]
[138.01048]
[154.79272]
[165.06033]
[193.18536]
[164.69304]
[142.9137]
[136.791]
[122.00987]
[102.24684]
[83.72278]
[104.13975]
[111.42872]
[113.534325]
[115.57411]
[123.72374]
[104.32729]
[92.30602]
[87.69765]
[88.92675]
[85.19006]
[84.19781]
[87.96188]
[68.709915]
[60.70666]
[68.19246]
[67.41469]
[66.64374]
[63.768517]
[65.49112]
[58.0572]
[54.917774]
[51.54584]
[52.62115]
[42.19763]
[49.75849]
[51.338352]
[46.554104]
[44.373474]
[51.80643]
[47.91226]
[43.095608]
[40.173267]
[41.190865]
[39.53333]
[41.469093]
[44.41063]
[57.201202]
[62.086155]
[56.598305]
[60.39882]
[55.078873]
[52.95062]
[86.319786]
[88.67077]
[86.08101]
[79.559715]
[75.17379]
[75.64291]
[74.18058]
[78.19133]
[86.18639]
[85.04245]
[91.848595]
[93.910576]
[69.77716]
[63.41732]
[69.235214]
[56.808044]
[65.94138]
[51.10649]
[58.9393]
[39.686638]
[31.258928]
[43.955902]
[36.92634]
[34.791275]
[29.313494]
[30.903608]
[25.10388]
[19.87742]
[22.850819]
[27.255413]
[33.039032]
[34.129017]
[37.24632]
[30.777782]
[23.146372]
[38.61784]
[43.74662]
[38.435562]
[36.635796]
[27.844543]
[26.008778]
[24.798828]
[26.808022]
[30.46758]
[35.13624]
[34.14407]
[37.283493]
[22.45101]
[18.677176]
[34.536663]
[35.24433]
[35.219448]
[35.139267]
[33.337574]
[23.095415]
[20.912743]
[28.092367]
[30.38782]
[24.871454]
[28.626495]
[28.863058]
[18.108122]
[13.090479]
[22.546112]
[25.940495]
[24.632523]
[23.34104]
[21.771193]
[18.260094]
[14.900037]
[18.271988]
[20.98501]
[17.861319]
[19.984007]
[34.62492]
[22.006042]
[15.802588]
[22.80618]
[25.842638]
[24.46723]
[23.30343]
[21.846178]
[13.375017]
[8.90283]
[17.766949]
[19.116953]
[21.256887]
[22.054403]
[20.774576]
[12.337317]
[7.8896766]
[7.166301]
[6.205996]
[5.722319]
[6.2573395]
[6.177448]
[5.997218]
[5.8919363]
[5.578357]
[5.751376]
[5.531327]
[5.5910306]
[5.3403573]
[5.327538]
[5.2694135]
[5.2743115]
[5.1753354]
[5.064486]
[5.064575]
[5.011046]
[5.011046]
[5.011046]
[5.011046]
[4.790317]
[6.171549]
[10.540374]
[11.0268755]
[12.522042]
[9.231159]
[9.053941]
[9.929997]
[13.681207]
[13.114251]
[11.37719]
[8.711425]
[6.099658]
[7.7992597]
[8.799768]
[7.8360615]
[7.8846316]
[8.436618]
[9.678047]
[10.007703]
[9.087109]
[9.75604]
[16.111158]
[12.237481]
[10.453834]
[7.8164864]
[9.788105]
[10.94075]
[10.754826]
[6.457187]
[5.245332]
[5.299107]
[5.7827487]
[8.517917]
[8.914941]
[9.017674]
[6.9763207]
[5.5564537]
[5.3600183]
[5.4001346]
[5.35653]
[5.4426184]
[6.3984265]
[5.7620206]
[5.4541354]
[5.3876305]
[5.5078464]
[5.3550696]
[5.6617947]
[5.4284024]
[5.714402]
[5.705922]
[5.488209]
[5.5522456]
[5.4542503]
[5.4699874]
[5.478222]
[5.666937]
[5.662612]
[5.696515]
[5.382687]
[5.6496444]
[5.4835124]
[5.540332]
[5.5429797]
[5.5275674]
[7.272951]
[7.725636]
[11.80283]
[9.068088]
[8.073338]
[8.876823]
[9.106064]
[8.107661]
[10.590876]
[10.601723]
[8.978851]
[9.9937935]
[10.841363]
[9.202808]
[8.608159]
[10.794501]
[11.476938]
[11.712393]
[11.449768]
[16.026888]
[11.981464]
[9.43945]
[11.852867]
[16.029966]
[19.952473]
[15.261772]
[12.1747465]
[11.271228]
[10.130752]
[9.92041]
[10.843213]
[11.165582]
[11.748713]
[12.05397]
[11.430803]
[11.199204]
[11.869799]
[12.042752]
[11.734823]
[12.196805]
[12.58218]
[11.749061]
[11.019238]
[11.7013855]
[12.135689]
[12.118084]
[12.016849]
[11.77612]
[11.14643]
[11.213442]
[11.859538]
[12.701959]
[12.493896]
[11.452261]
[12.661856]
[12.243487]
[11.79769]
[12.364355]
[12.466943]
[11.795685]
[13.239817]
[13.075616]
[13.0471735]
[12.999385]
[12.873148]
[12.807753]
[12.7741375]
[12.847256]
[12.824025]
[14.441128]
[17.457012]
[16.985432]
[13.509853]
[12.738809]
[12.988673]
[13.042565]
[13.309032]
[13.0807495]
[12.948896]
[12.952634]
[12.958301]
[13.065499]
[13.090385]
[13.252969]
[13.230161]
[13.01717]
[12.911853]
[12.920781]
[12.942196]
[13.057799]
[13.001335]
[12.963727]
[12.903427]
[12.857748]
[12.828562]
[12.926278]
[12.858929]
[12.6888]
[12.608247]
[12.608156]
[12.709023]
[12.641776]
[12.668769]
[12.768155]
[12.882058]
[12.873807]
[12.635358]
[12.69976]
[12.602825]
[12.454433]
[12.62809]
[12.753996]
[12.655919]
[12.5805855]
[12.5494995]
[12.547089]
[12.622212]
[12.874916]
[12.9974985]
[13.1214695]
[13.185174]
[13.357332]
[13.837967]
[14.454694]
[16.568583]
[16.622541]
[19.710886]
[17.393919]
[19.42009]
[12.138285]
[13.787779]
[14.862557]
[14.989014]
[14.989809]
[14.8541355]
[14.665049]
[14.429998]
[14.03805]
[13.854922]
[13.814073]
[13.837653]
[13.719747]
[14.240165]
[13.71532]
[13.515378]
[13.45101]
[13.410393]
[12.903695]
[13.4649935]
[12.175028]
[11.632332]
[11.615459]
[11.971158]
[12.039975]
[13.120551]
[12.371137]
[11.918815]
[11.769304]
[11.670629]
[11.577125]
[11.631236]
[11.691312]
[11.585863]
[11.534756]
[11.479517]
[11.43006]
[11.358461]
[11.298262]
[11.27366]
[11.375228]
[11.658772]
[12.276611]
[12.680894]
[12.343697]
[12.486367]
[12.048526]
[11.731256]
[11.732193]
[11.709986]
[11.849112]
[10.611822]
[9.913093]
[9.7638855]
[9.663124]
[9.658617]
[9.609539]
[9.528502]
[9.46099]
[9.425546]
[9.372622]
[9.349308]
[9.314947]
[9.281223]
[9.285479]
[9.308534]
[9.295435]
[9.296862]
[9.28376]
[9.271112]
[9.229572]
[9.21234]
[9.190252]
[9.174873]
[9.183475]
[9.189651]
[9.199344]
[9.19429]
[9.172718]
[9.183819]
[9.179918]
[8.821442]
[8.737627]
[8.622259]
[8.470494]
[8.400118]
[8.416915]
[8.449844]
[8.449851]
[8.432708]
[8.362057]
[8.40971]
[8.830857]
[8.874432]
[8.89737]
[8.743644]
[8.646771]
[8.5767355]
[8.519352]
[8.484796]
[8.472283]
[8.4585]
[8.468797]
[8.4472065]
[8.338703]
[8.418323]
[8.396895]
[8.499968]
[8.512715]
[8.509255]
[8.516716]
[8.498052]
[8.205835]
[8.088822]
[7.939661]
[7.831634]
[7.8836775]
[7.8236976]
[7.844313]
[7.818467]
[7.8284626]
[7.6955414]
[7.7974834]
[7.7353983]
[7.7459397]
[7.6962557]
[7.7733626]
[7.626054]
[7.744558]
[7.6317115]
[7.676295]
[7.6412964]
[7.555674]
[7.693878]
[7.6227207]
[7.601084]
[7.6269403]
[7.7066016]
[7.6302047]
[7.764392]
[7.7300763]
[7.8703165]
[6.8050823]
[6.4194126]
[6.3056927]
[5.9354386]
[5.7482376]
[5.8083315]
[5.6966925]
[5.792417]
[5.755875]
[5.6928573]
[5.79933]
[5.732581]
[5.717755]
[5.7252736]
[5.698582]
[5.7362003]
[5.708428]
[5.620082]
[5.790419]
[5.6745577]
[5.6720285]
[5.7719193]
[5.714858]
[5.7129436]
[5.7271824]
[5.72705]
[5.728073]
[5.7272673]
[5.7383714]
[5.71563]
[5.7802873]
[5.676032]
[6.0827723]
[6.0201755]
[8.9079485]
[6.82332]
[7.136174]
[7.621348]
[6.2685037]
[5.861616]
[5.8350997]
[5.7802987]
[5.9818945]
[5.8228197]
[5.9140396]
[5.8014975]
[5.8780518]
[5.771788]
[7.443699]
[6.4074264]
[5.8673806]
[5.8453507]
[5.823887]
[5.8027773]
[5.7817955]
[5.58309]
[5.669197]
[5.67231]
[7.2184076]
[6.150778]
[5.4740305]
[5.621524]
[5.5437765]
[5.4408274]
[5.575312]
[5.5158763]
[5.510907]
[5.5805335]
[5.461334]
[5.4672885]
[5.4908094]
[5.3617916]
[5.3953]
[5.4432163]
[5.445245]
[5.3842125]
[5.427414]
[5.344447]
[5.3855996]
[5.374211]
[5.363762]
[5.323298]
[5.3472896]
[5.3812118]
[5.302958]
[5.3119593]
[5.3654876]
[5.2869954]
[5.327186]
[5.2864594]
[7.9002404]
[8.315793]
[8.535308]
[8.286333]
[8.505201]
[8.643329]
[8.580926]
[8.55037]
[9.065987]
[8.663412]
[9.020358]
[8.6192465]
[8.977248]
[8.577739]
[8.938258]
[9.077519]
[8.558844]
[8.4227085]
[8.48682]
[8.508513]
[8.540744]
[8.559684]
[8.577235]
[8.869657]
[8.818673]
[9.267794]
[9.117371]
[8.902814]
[9.428501]
[9.547584]
[9.496539]
[10.828694]
[11.133392]
[11.085698]
[11.471366]
[11.098493]
[11.37425]
[11.851314]
[11.89644]
[14.160946]
[15.554654]
[14.328718]
[11.709984]
[11.480624]
[11.527333]
[11.86606]
[14.376618]
[12.432765]
[11.775968]
[11.723436]
[12.036014]
[11.337205]
[11.113511]
[11.318782]
[11.641449]
[11.887072]
[12.124254]
[12.023021]
[11.798074]
[11.903777]
[11.914672]
[12.879293]
[13.399861]
[13.598934]
[13.7467785]
[13.42919]
[13.471635]
[13.24897]
[13.339025]
[13.726042]
[16.468777]
[16.24245]
[17.354885]
[13.78658]
[16.16087]
[12.802613]
[15.38274]
[15.886059]
[15.766846]
[15.612427]
[15.478822]
[15.3376255]
[15.199296]
[15.052846]
[14.906878]
[15.341726]
[16.625347]
[15.13396]
[15.728704]
[15.771394]
[16.207617]
[15.854383]
[16.193155]
[16.5059]
[16.28893]
[18.86768]
[14.924616]
[16.187752]
[16.703985]
[17.464693]
[18.897171]
[19.044794]
[15.87011]
[18.272966]
[17.219994]
[17.083748]
[17.865194]
[17.840405]
[17.620274]
[17.07917]
[17.035225]
[16.905592]
[16.637835]
[16.44842]
[16.447586]
[16.992584]
[17.748852]
[17.224857]
[16.895771]
[16.214178]
[15.63223]
[15.337757]
[15.135175]
[15.504029]
[15.65514]
[16.399094]
[16.449425]
[16.011896]
[15.810783]
[15.71861]
[15.864479]
[15.983815]
[16.238182]
[16.494421]
[21.132833]
[19.725054]
[14.835524]
[29.25274]
[24.474766]
[21.328941]
[23.128428]
[20.224792]
[6.183204]
[13.851048]
[16.87133]
[16.267487]
[19.403517]
[34.722088]
[41.010193]
[45.95577]
[51.839607]
[44.906193]
[38.611137]
[51.934204]
[59.9695]
[59.350925]
[60.34404]
[52.990047]
[65.43058]
[88.23028]
[86.66774]
[114.70607]
[107.78032]
[115.46762]
[95.15671]
[93.05196]
[92.84011]
[94.39428]
[89.53951]
[87.20975]
[83.55037]
[81.19702]
[67.44601]
[66.19447]
[80.677895]
[83.07978]
[81.441376]
[83.516495]
[78.36928]
[78.24495]
[102.57843]
[116.92994]
[130.11215]
[127.363]
[123.71811]
[124.94095]
[126.42658]
[121.68203]
[98.56629]
[95.59386]
[90.375496]
[90.68434]
[88.66647]
[60.362213]
[50.064903]
[56.76607]
[53.832592]
[50.382523]
[41.762978]
[28.275932]
[24.600777]
[24.02037]
[32.17658]
[42.240868]
[39.227894]
[40.035038]
[34.58021]
[21.969007]
[17.799093]
[27.999756]
[21.165674]
[17.549252]
[17.265045]
[14.831315]
[13.891477]
[13.616817]
[15.38508]
[15.355995]
[14.291284]
[13.365133]
[13.719863]
[12.522657]
[12.01227]
[13.072531]
[12.851941]
[12.005925]
[12.332727]
[12.347554]
[12.29774]
[12.640622]
[13.942447]
[14.616222]
[11.978387]
[11.480335]
[12.52076]
[12.946505]
[12.553171]
[11.941485]
[11.900889]
[11.90514]
[11.199675]
[11.640362]
[10.2822]
[9.319335]
[10.353308]
[11.66676]
[13.265396]
[13.676659]
[16.167109]
[13.705574]
[13.522858]
[13.172176]
[11.805079]
[10.20876]
[10.957862]
[16.45438]
[11.036918]
[8.7467165]
[9.336764]
[9.682874]
[12.271094]
[12.691292]
[11.252531]
[9.310448]
[9.173825]
[19.316727]
[24.125628]
[24.10187]
[23.083166]
[18.723616]
[14.181713]
[9.218174]
[9.86374]
[7.6330414]
[6.8746214]
[6.5224495]
[6.1645174]
[5.252717]
[5.7952757]
[5.4806876]
[5.95503]
[5.1376467]
[5.6012554]
[5.2332897]
[5.1127462]
[5.2357206][10.25]
[9.45]
[13.02]
[10.69]
[5.31]
[5.25]
[5.26]
[5.31]
[5.31]
[5.3]
[5.29]
[5.3]
[9.25]
[9.31]
[9.28]
[9.29]
[9.27]
[9.26]
[9.25]
[9.26]
[9.26]
[9.27]
[9.25]
[9.25]
[9.32]
[9.28]
[9.26]
[9.22]
[9.21]
[9.23]
[9.23]
[9.06]
[9.24]
[9.25]
[9.24]
[9.29]
[9.55]
[9.28]
[9.27]
[9.27]
[9.25]
[9.24]
[9.28]
[12.21]
[12.29]
[12.32]
[12.27]
[12.3]
[12.29]
[12.25]
[12.25]
[12.25]
[12.29]
[12.3]
[12.3]
[12.31]
[12.36]
[12.34]
[12.35]
[12.36]
[12.37]
[12.39]
[12.39]
[12.4]
[12.36]
[12.39]
[12.4]
[12.41]
[12.52]
[12.25]
[12.25]
[12.03]
[12.31]
[26.75]
[15.2]
[15.05]
[15.12]
[15.03]
[15.09]
[15.17]
[15.22]
[15.41]
[15.4]
[15.43]
[15.24]
[15.14]
[15.08]
[15.29]
[15.3]
[15.23]
[15.22]
[15.17]
[15.21]
[15.24]
[15.21]
[15.26]
[15.09]
[15.03]
[14.94]
[15.09]
[15.28]
[15.3]
[15.52]
[15.38]
[15.46]
[15.26]
[15.55]
[15.54]
[15.27]
[22.36]
[17.87]
[15.85]
[42.75]
[82.22]
[94.05]
[93.25]
[90.97]
[55.68]
[49.63]
[58.09]
[56.67]
[54.59]
[53.59]
[58.05]
[53.08]
[41.74]
[57.88]
[58.89]
[56.17]
[56.45]
[59.98]
[24.57]
[23.68]
[48.95]
[58.59]
[52.66]
[61.65]
[55.39]
[15.63]
[15.57]
[49.45]
[48.02]
[57.5]
[95.04]
[91.35]
[127.12]
[159.08]
[215.85]
[192.9]
[144.63]
[136.75]
[131.02]
[99.64]
[86.83]
[129.19]
[131.03]
[129.73]
[130.49]
[130.52]
[92.3]
[87.76]
[90.33]
[91.84]
[90.24]
[92.4]
[96.82]
[52.74]
[45.22]
[55.96]
[60.38]
[51.61]
[55.5]
[62.81]
[54.04]
[56.12]
[53.08]
[60.33]
[38.11]
[64.66]
[62.07]
[50.21]
[45.53]
[67.12]
[58.52]
[53.52]
[50.52]
[53.77]
[41.06]
[38.17]
[35.45]
[50.08]
[57.71]
[43.73]
[61.41]
[54.5]
[42.43]
[96.98]
[93.31]
[95.73]
[93.08]
[91.61]
[94.94]
[85.74]
[88.4]
[98.74]
[90.94]
[95.37]
[98.5]
[45.13]
[47.61]
[67.66]
[39.1]
[71.69]
[37.29]
[69.59]
[19.53]
[12.7]
[49.99]
[27.12]
[31.05]
[19.21]
[28.46]
[14.31]
[9.94]
[17.83]
[28.86]
[44.83]
[46.46]
[52.06]
[24.01]
[9.42]
[50.97]
[57.23]
[44.2]
[37.8]
[12.15]
[9.41]
[10.47]
[20.43]
[33.31]
[48.25]
[44.01]
[55.45]
[12.7]
[10.36]
[51.64]
[50.92]
[50.38]
[49.93]
[49.1]
[13.79]
[10.13]
[29.22]
[34.2]
[23.2]
[39.35]
[38.77]
[14.08]
[10.2]
[32.49]
[35.58]
[33.86]
[32.24]
[29.9]
[23.23]
[16.87]
[24.9]
[28.37]
[17.49]
[16.74]
[47.53]
[16.06]
[15.03]
[32.65]
[36.66]
[33.79]
[32.62]
[31.6]
[12.79]
[8.68]
[29.3]
[28.48]
[33.01]
[32.79]
[29.71]
[12.11]
[7.79]
[7.39]
[5.3]
[5.33]
[5.36]
[5.41]
[5.44]
[5.46]
[5.48]
[5.51]
[5.52]
[5.54]
[5.55]
[5.56]
[5.57]
[5.58]
[5.41]
[5.59]
[5.59]
[5.59]
[5.59]
[5.59]
[5.59]
[5.52]
[9.82]
[15.53]
[16.95]
[20.82]
[11.7]
[14.18]
[15.4]
[23.39]
[19.41]
[16.47]
[11.42]
[6.71]
[12.54]
[12.67]
[10.63]
[11.37]
[12.05]
[14.44]
[14.47]
[12.32]
[14.46]
[13.82]
[14.57]
[14.58]
[8.47]
[14.78]
[14.81]
[14.47]
[5.31]
[5.31]
[5.29]
[6.65]
[12.03]
[10.97]
[11.68]
[7.09]
[5.32]
[5.32]
[5.33]
[5.32]
[5.32]
[7.66]
[5.32]
[5.32]
[5.32]
[5.29]
[5.21]
[5.09]
[5.1]
[5.1]
[5.1]
[5.11]
[5.11]
[5.1]
[5.12]
[5.22]
[5.48]
[5.49]
[5.27]
[5.12]
[5.13]
[5.12]
[5.12]
[5.11]
[5.16]
[8.76]
[8.76]
[8.94]
[8.95]
[8.95]
[10.8]
[10.34]
[8.93]
[12.82]
[12.41]
[9.78]
[12.71]
[13.05]
[9.78]
[9.61]
[13.47]
[13.71]
[13.82]
[13.8]
[20.11]
[12.1]
[10.21]
[15.44]
[19.36]
[24.22]
[16.35]
[13.82]
[12.91]
[11.05]
[11.21]
[12.63]
[12.73]
[13.93]
[14.]
[12.75]
[12.72]
[14.06]
[13.64]
[13.18]
[14.13]
[14.47]
[12.97]
[12.08]
[13.53]
[13.92]
[14.]
[14.03]
[13.47]
[12.53]
[12.61]
[12.89]
[13.87]
[13.64]
[12.29]
[13.75]
[12.77]
[12.77]
[13.97]
[13.97]
[12.95]
[15.58]
[14.78]
[14.97]
[14.82]
[14.67]
[14.69]
[14.7]
[14.81]
[14.7]
[17.5]
[18.04]
[19.37]
[14.58]
[14.62]
[14.69]
[14.75]
[14.6]
[14.39]
[14.42]
[14.49]
[14.55]
[14.59]
[14.62]
[14.6]
[14.31]
[14.23]
[14.12]
[14.15]
[14.3]
[14.52]
[14.49]
[14.43]
[14.23]
[14.17]
[14.28]
[14.37]
[14.29]
[14.2]
[14.09]
[14.11]
[14.23]
[14.04]
[14.13]
[14.15]
[14.07]
[14.02]
[13.88]
[13.88]
[13.78]
[13.82]
[13.92]
[14.08]
[13.97]
[13.86]
[13.82]
[13.83]
[13.99]
[14.01]
[13.84]
[13.78]
[13.71]
[13.96]
[14.1]
[13.99]
[13.72]
[16.98]
[13.92]
[13.67]
[13.53]
[13.42]
[13.41]
[13.36]
[14.17]
[14.52]
[14.48]
[14.44]
[14.41]
[14.38]
[14.37]
[14.35]
[14.34]
[14.31]
[15.25]
[14.32]
[14.31]
[14.29]
[14.29]
[14.58]
[14.56]
[12.15]
[11.95]
[11.88]
[11.87]
[11.82]
[13.39]
[11.95]
[11.94]
[11.89]
[11.86]
[11.86]
[11.84]
[11.83]
[11.81]
[11.86]
[11.86]
[11.8]
[11.8]
[11.79]
[11.78]
[11.77]
[11.96]
[11.94]
[11.9]
[11.85]
[11.35]
[11.83]
[11.8]
[12.]
[12.06]
[12.03]
[9.66]
[9.6]
[9.59]
[9.63]
[9.74]
[9.73]
[9.68]
[9.68]
[9.7]
[9.68]
[9.68]
[9.67]
[9.67]
[9.73]
[9.77]
[9.75]
[9.77]
[9.77]
[9.77]
[9.74]
[9.74]
[9.73]
[9.72]
[9.75]
[9.75]
[9.79]
[9.77]
[9.77]
[9.78]
[9.77]
[9.09]
[9.09]
[8.91]
[8.69]
[8.69]
[8.66]
[8.69]
[8.7]
[8.7]
[8.66]
[8.67]
[8.77]
[8.78]
[8.78]
[8.77]
[8.78]
[8.77]
[8.74]
[8.74]
[8.77]
[8.77]
[8.77]
[8.76]
[8.77]
[8.76]
[8.77]
[8.77]
[8.76]
[8.76]
[8.77]
[8.71]
[8.26]
[8.23]
[8.06]
[8.02]
[8.01]
[8.04]
[8.06]
[8.04]
[8.05]
[8.06]
[8.05]
[8.05]
[8.07]
[8.07]
[8.06]
[8.04]
[8.08]
[8.07]
[8.07]
[8.03]
[8.1]
[8.09]
[8.1]
[8.11]
[8.1]
[8.11]
[8.12]
[8.11]
[8.11]
[8.13]
[6.13]
[6.11]
[5.91]
[5.29]
[5.35]
[5.29]
[5.31]
[5.3]
[5.3]
[5.3]
[5.31]
[5.3]
[5.27]
[5.29]
[5.29]
[5.29]
[5.3]
[5.3]
[5.34]
[5.31]
[5.31]
[5.32]
[5.32]
[5.31]
[5.33]
[5.32]
[5.32]
[5.31]
[5.33]
[5.32]
[5.34]
[5.34]
[5.89]
[5.74]
[5.51]
[5.5]
[7.49]
[7.16]
[5.55]
[5.56]
[5.48]
[5.43]
[5.41]
[5.42]
[5.48]
[5.44]
[5.44]
[5.44]
[7.99]
[5.37]
[5.4]
[5.41]
[5.38]
[5.38]
[5.39]
[5.38]
[5.38]
[5.43]
[5.4]
[5.41]
[5.42]
[5.41]
[5.41]
[5.41]
[5.41]
[5.42]
[5.44]
[5.44]
[5.45]
[5.47]
[5.47]
[5.4]
[5.42]
[5.44]
[5.46]
[5.47]
[5.46]
[5.46]
[5.47]
[5.47]
[5.42]
[5.48]
[5.49]
[5.48]
[5.46]
[5.46]
[5.5]
[5.51]
[5.48]
[5.46]
[9.04]
[9.13]
[9.13]
[9.16]
[9.17]
[9.17]
[9.19]
[9.21]
[9.24]
[9.24]
[9.22]
[9.2]
[9.27]
[9.28]
[9.28]
[9.29]
[9.32]
[9.33]
[9.33]
[9.34]
[9.36]
[9.37]
[9.38]
[9.41]
[9.41]
[9.41]
[9.41]
[9.42]
[9.83]
[9.49]
[9.52]
[12.18]
[12.29]
[12.29]
[12.33]
[12.37]
[12.42]
[12.45]
[12.39]
[15.27]
[16.55]
[14.11]
[12.06]
[12.15]
[12.22]
[12.2]
[14.89]
[12.24]
[12.29]
[12.3]
[12.82]
[12.19]
[12.16]
[12.29]
[12.32]
[12.3]
[12.41]
[12.47]
[12.46]
[12.66]
[12.65]
[14.68]
[15.59]
[15.66]
[15.62]
[15.61]
[15.62]
[15.55]
[15.55]
[15.53]
[15.48]
[15.58]
[15.63]
[15.67]
[15.73]
[15.76]
[15.69]
[15.74]
[15.74]
[15.7]
[15.75]
[15.81]
[15.74]
[15.69]
[15.67]
[15.67]
[15.69]
[15.71]
[15.78]
[15.82]
[15.85]
[15.84]
[15.82]
[15.81]
[15.68]
[15.65]
[15.45]
[15.76]
[15.72]
[15.72]
[15.72]
[15.86]
[15.62]
[15.55]
[15.84]
[15.47]
[15.85]
[15.91]
[15.89]
[15.6]
[15.96]
[15.99]
[15.84]
[15.77]
[15.99]
[15.57]
[15.56]
[15.78]
[15.69]
[15.67]
[15.63]
[15.75]
[15.5]
[15.92]
[15.96]
[15.99]
[16.2]
[15.99]
[15.99]
[15.96]
[15.93]
[15.94]
[15.96]
[15.89]
[15.75]
[15.57]
[14.85]
[16.98]
[17.18]
[17.15]
[16.64]
[16.94]
[16.89]
[16.85]
[16.85]
[16.82]
[22.09]
[48.14]
[54.09]
[52.25]
[50.82]
[26.21]
[24.32]
[46.38]
[54.6]
[55.32]
[58.59]
[42.22]
[59.61]
[52.27]
[91.07]
[134.99]
[99.13]
[93.08]
[89.49]
[90.15]
[90.7]
[92.91]
[90.54]
[92.41]
[91.17]
[89.85]
[54.37]
[55.31]
[91.98]
[89.63]
[92.51]
[92.65]
[53.92]
[58.15]
[118.86]
[121.02]
[128.01]
[129.11]
[130.04]
[130.07]
[129.96]
[130.52]
[93.73]
[94.19]
[93.43]
[94.32]
[94.03]
[49.04]
[42.92]
[63.69]
[56.03]
[54.7]
[38.34]
[11.79]
[11.72]
[12.96]
[33.11]
[57.23]
[47.44]
[52.93]
[38.46]
[13.38]
[10.84]
[32.12]
[12.86]
[13.04]
[11.96]
[9.06]
[9.09]
[9.87]
[13.99]
[13.87]
[12.77]
[11.54]
[13.62]
[10.08]
[9.89]
[11.66]
[11.41]
[10.97]
[12.27]
[12.58]
[13.52]
[14.11]
[18.19]
[19.12]
[13.6]
[13.55]
[13.48]
[13.43]
[13.64]
[13.07]
[13.76]
[13.75]
[12.85]
[13.71]
[11.22]
[9.92]
[11.7]
[12.05]
[15.5]
[15.5]
[20.41]
[11.86]
[11.21]
[12.16]
[10.03]
[8.58]
[11.93]
[24.96]
[9.81]
[9.12]
[11.89]
[11.97]
[19.72]
[18.14]
[16.04]
[11.71]
[13.74]
[39.18]
[46.43]
[42.22]
[40.7]
[29.17]
[11.6]
[7.7]
[7.77]
[5.18]
[5.21]
[5.24]
[5.27]
[5.28]
[5.29]
[5.31]
[5.33]
[5.34]
[5.35]
[5.36]
[5.37]
[5.38]
[5.39]