0.8953408063041363, 0.8994033328158724, 3.6699704283050227, 196.92961823989137[10.828149]
[8.261854]
[7.3139796]
[9.202254]
[8.240271]
[5.066236]
[4.5912676]
[4.5990443]
[4.5825787]
[4.6031556]
[4.5569024]
[4.5597143]
[4.5808296]
[6.813597]
[7.233024]
[7.2437525]
[7.4167047]
[8.403751]
[9.824067]
[9.558914]
[8.454315]
[7.944299]
[7.786603]
[7.709588]
[7.6527433]
[7.6931825]
[7.6936016]
[7.642123]
[7.557706]
[7.5064754]
[7.513243]
[7.6717257]
[7.676309]
[7.6952305]
[7.6983147]
[7.725752]
[7.6822624]
[7.995637]
[11.364979]
[8.645323]
[8.412852]
[8.804226]
[8.825494]
[8.550526]
[10.007019]
[10.169859]
[10.146189]
[10.149725]
[10.273783]
[10.639027]
[10.717658]
[10.494901]
[10.280245]
[10.265823]
[10.167498]
[10.139183]
[10.156217]
[10.176995]
[10.117774]
[10.1164665]
[10.142325]
[10.141147]
[10.123257]
[10.188683]
[10.242104]
[10.373375]
[10.737018]
[10.794516]
[10.567225]
[10.662713]
[12.951965]
[8.282141]
[9.798757]
[10.29115]
[35.18464]
[15.698519]
[12.050235]
[12.070187]
[12.033258]
[12.081881]
[12.232635]
[12.345948]
[12.326437]
[12.431639]
[12.463129]
[12.309265]
[12.366722]
[12.49842]
[12.71239]
[12.586918]
[12.637625]
[12.566178]
[13.021551]
[12.946189]
[12.705533]
[12.837778]
[12.882546]
[12.725573]
[12.6701]
[12.3513365]
[12.684342]
[13.142112]
[12.908873]
[13.447827]
[13.686374]
[14.246911]
[18.817902]
[23.04767]
[21.326641]
[30.30842]
[58.59991]
[38.398193]
[67.853584]
[82.08938]
[89.64253]
[90.83502]
[122.9778]
[95.725685]
[68.20477]
[56.26654]
[58.13092]
[55.45235]
[51.220795]
[47.74401]
[48.955154]
[45.694206]
[37.524715]
[45.506245]
[47.842148]
[45.56569]
[46.16762]
[49.076366]
[28.075352]
[24.587797]
[39.20464]
[45.47162]
[41.742626]
[45.52655]
[41.609604]
[20.123419]
[20.950026]
[41.97422]
[45.211308]
[68.13557]
[102.215805]
[134.40659]
[163.01086]
[178.50208]
[205.02325]
[179.24261]
[139.82875]
[134.73639]
[123.374214]
[98.837494]
[82.87734]
[106.34828]
[112.31193]
[114.208534]
[117.58082]
[126.01708]
[105.37418]
[96.13302]
[91.34648]
[89.12151]
[86.47377]
[85.86486]
[89.916756]
[68.68903]
[64.67582]
[71.44519]
[72.46956]
[66.330345]
[67.17305]
[66.40808]
[56.80876]
[54.11838]
[50.543396]
[52.82369]
[39.255894]
[51.395844]
[51.876774]
[45.417664]
[42.474644]
[53.498867]
[48.413387]
[43.31955]
[40.281635]
[41.78926]
[37.40241]
[37.992115]
[42.000996]
[58.41961]
[64.65303]
[55.58407]
[61.28806]
[54.14532]
[52.268864]
[91.73182]
[90.227715]
[86.11233]
[79.969376]
[76.40535]
[77.70653]
[74.887596]
[80.38163]
[89.11279]
[86.34224]
[95.81443]
[98.36382]
[69.069496]
[68.223335]
[75.251526]
[56.665962]
[68.60332]
[47.4905]
[60.34929]
[32.41082]
[23.09343]
[43.579422]
[32.11978]
[31.139034]
[23.80921]
[27.396414]
[19.50954]
[14.857711]
[18.809988]
[24.922207]
[33.37512]
[34.65864]
[38.451912]
[26.389027]
[16.893217]
[39.191677]
[44.817017]
[37.6493]
[34.466732]
[20.794067]
[18.455969]
[18.18916]
[22.234522]
[28.496412]
[35.88157]
[34.196262]
[39.084526]
[17.724035]
[14.183469]
[35.94231]
[36.749756]
[36.48777]
[36.031708]
[34.6162]
[18.310509]
[15.869622]
[25.82447]
[28.790499]
[21.929071]
[28.634638]
[28.733772]
[15.193117]
[10.861825]
[22.622492]
[25.753895]
[24.40489]
[23.092245]
[21.440556]
[17.485968]
[13.741578]
[17.913616]
[20.572813]
[15.859691]
[16.855474]
[34.93301]
[18.502619]
[13.987341]
[23.00754]
[25.955942]
[24.271639]
[23.163088]
[21.921324]
[11.865471]
[8.001025]
[18.848282]
[19.278967]
[21.646198]
[22.265226]
[20.650526]
[11.038156]
[7.0336843]
[6.370247]
[5.0946975]
[4.7679176]
[5.145946]
[5.2641935]
[4.9514136]
[4.808537]
[4.662364]
[4.746479]
[4.682691]
[4.6239214]
[4.477931]
[4.4107738]
[4.410171]
[4.415103]
[4.294219]
[4.2429423]
[4.1957583]
[4.1903887]
[4.1903887]
[4.1903887]
[4.1903887]
[3.999436]
[6.044677]
[11.21645]
[11.231071]
[13.05016]
[8.728791]
[9.321939]
[10.099532]
[14.443145]
[13.106708]
[11.359814]
[8.359452]
[5.276866]
[8.067112]
[8.604178]
[7.493145]
[7.7337294]
[8.263084]
[9.775263]
[9.991872]
[8.758223]
[9.79333]
[16.788715]
[11.457834]
[10.367941]
[6.992421]
[10.157767]
[10.642654]
[10.432852]
[5.417004]
[4.597173]
[4.5935235]
[5.266063]
[8.373899]
[8.495245]
[8.600132]
[6.1332874]
[4.7912374]
[4.658945]
[4.677732]
[4.638923]
[4.640377]
[5.992127]
[4.860052]
[4.691232]
[4.7164326]
[4.6986403]
[4.6671176]
[4.851466]
[5.190673]
[5.0639534]
[4.9444723]
[4.8492894]
[4.7410426]
[4.736831]
[4.7538486]
[4.781083]
[4.9108405]
[4.9602]
[4.966977]
[4.8945704]
[4.7645435]
[4.815746]
[4.821197]
[4.822788]
[4.8188305]
[6.8382797]
[7.1779733]
[11.655401]
[8.116743]
[7.386835]
[8.540416]
[8.32282]
[7.557942]
[10.354689]
[9.827958]
[8.277036]
[9.784874]
[10.226396]
[8.487188]
[8.230166]
[10.503579]
[11.058466]
[11.000564]
[10.958954]
[15.278567]
[10.596861]
[8.8486805]
[11.963098]
[15.075893]
[18.525099]
[13.351004]
[11.028754]
[10.361104]
[9.250047]
[9.301513]
[10.064794]
[10.223128]
[11.018593]
[11.126862]
[10.44991]
[10.500168]
[11.283246]
[10.955383]
[10.959765]
[11.702102]
[11.729212]
[10.767412]
[10.321685]
[11.262673]
[11.427553]
[11.313562]
[11.332351]
[10.92034]
[10.426244]
[10.382666]
[11.495435]
[12.83429]
[12.267214]
[11.022006]
[12.467794]
[12.511353]
[11.71854]
[11.986283]
[11.890587]
[11.122613]
[12.772157]
[12.269136]
[12.260101]
[12.220173]
[12.14427]
[12.0653]
[11.945477]
[12.1843605]
[12.11204]
[13.880724]
[16.807716]
[16.079412]
[12.630505]
[12.399801]
[12.89732]
[13.067312]
[13.706026]
[13.301843]
[13.047845]
[13.011861]
[13.001161]
[13.209814]
[13.203359]
[13.251049]
[13.117133]
[13.060564]
[12.908704]
[13.072431]
[13.142676]
[13.392825]
[13.384144]
[13.399469]
[13.305926]
[13.41009]
[13.43171]
[13.509877]
[13.449204]
[13.291314]
[13.200055]
[13.175128]
[13.23827]
[13.116334]
[13.119233]
[13.126099]
[13.115394]
[13.109237]
[12.847197]
[12.873335]
[12.793435]
[12.614754]
[12.728238]
[12.8019705]
[12.645795]
[12.523323]
[12.434617]
[12.456881]
[12.632387]
[12.862531]
[12.942903]
[13.051255]
[13.067208]
[13.298212]
[13.77303]
[14.157629]
[13.631786]
[24.443474]
[32.168205]
[43.482395]
[15.077007]
[14.177347]
[13.706712]
[14.220776]
[15.006215]
[15.311901]
[14.989259]
[15.030227]
[14.934629]
[14.917374]
[14.551495]
[14.353053]
[14.419702]
[14.367849]
[14.739859]
[14.0793705]
[13.959113]
[13.842067]
[13.857629]
[13.254617]
[13.702566]
[12.442556]
[12.232291]
[11.957202]
[12.435887]
[12.676731]
[13.51844]
[12.723167]
[12.306668]
[11.957173]
[11.789401]
[11.568525]
[11.439476]
[11.646777]
[11.434639]
[11.313135]
[11.119248]
[11.038843]
[10.907522]
[10.782115]
[10.680892]
[10.777428]
[11.444322]
[12.769529]
[13.597625]
[13.284148]
[12.766996]
[12.027981]
[11.817866]
[11.406822]
[11.264927]
[11.4854355]
[10.851681]
[10.3481045]
[9.745101]
[9.576014]
[9.603417]
[9.494264]
[9.461223]
[9.3403425]
[9.336911]
[9.214996]
[9.180721]
[9.184462]
[9.0626]
[9.125727]
[9.057773]
[9.078028]
[9.041915]
[9.02993]
[8.974202]
[8.934892]
[8.870545]
[8.853126]
[8.785559]
[8.791526]
[8.797923]
[8.820739]
[8.759587]
[8.744097]
[8.809825]
[8.765366]
[8.467611]
[8.393214]
[8.280113]
[8.071167]
[8.022929]
[8.109142]
[8.150075]
[8.103185]
[8.040782]
[7.9528165]
[8.095172]
[8.615817]
[9.227323]
[9.0416565]
[8.751955]
[8.513734]
[8.3412075]
[8.2241]
[8.136598]
[8.092452]
[8.1215925]
[8.018816]
[7.992139]
[7.9773455]
[7.874188]
[7.9496856]
[8.199543]
[8.284054]
[8.204061]
[8.338776]
[8.200078]
[7.767083]
[7.6045623]
[7.4850426]
[7.426419]
[7.371896]
[7.4378214]
[7.456106]
[7.3888264]
[7.3383]
[7.383893]
[7.3453403]
[7.3425717]
[7.357864]
[7.359233]
[7.320306]
[7.3540945]
[7.33562]
[7.3304963]
[7.294293]
[7.2776184]
[7.373562]
[7.297388]
[7.296928]
[7.3672256]
[7.3923354]
[7.3546433]
[7.416991]
[7.4225926]
[7.5303044]
[7.5675898]
[6.442864]
[6.256956]
[6.111246]
[5.686258]
[5.681727]
[5.615592]
[5.670791]
[5.610529]
[5.627515]
[5.685228]
[5.6067233]
[5.5820374]
[5.5605345]
[5.563804]
[5.5142007]
[5.405444]
[5.4452853]
[5.4431653]
[5.3231125]
[5.440905]
[5.503689]
[5.415793]
[5.399254]
[5.3916116]
[5.401063]
[5.397238]
[5.3911877]
[5.385066]
[5.391209]
[5.3425984]
[5.293484]
[5.3369436]
[5.579262]
[5.583557]
[8.514605]
[5.8930454]
[6.825642]
[6.9263034]
[5.5600777]
[5.391251]
[5.35471]
[5.3045964]
[5.540078]
[5.2787724]
[5.5153294]
[5.2807384]
[5.503716]
[5.2725277]
[7.1774664]
[5.7665024]
[5.449029]
[5.4381576]
[5.428028]
[5.4179506]
[5.407795]
[5.1973596]
[5.410287]
[5.266792]
[7.283716]
[5.5312524]
[5.2328444]
[5.3895707]
[5.1988273]
[5.2254105]
[5.367263]
[5.1939135]
[5.3435483]
[5.296526]
[5.1867733]
[5.3252697]
[5.203515]
[5.210404]
[5.218373]
[5.301424]
[5.1829324]
[5.283531]
[5.175064]
[5.2285094]
[5.24473]
[5.267738]
[5.131763]
[5.225259]
[5.257728]
[5.162049]
[5.2207937]
[5.233109]
[5.1588063]
[5.248632]
[5.159439]
[5.1214986]
[7.934044]
[7.8572807]
[8.205855]
[7.857378]
[8.182183]
[8.233735]
[8.195226]
[8.200978]
[8.777157]
[8.336356]
[8.813178]
[8.371622]
[8.847531]
[8.40546]
[8.881883]
[8.995702]
[8.480555]
[8.538001]
[8.594449]
[8.642283]
[8.700406]
[8.761505]
[8.707931]
[9.07811]
[8.829968]
[9.375969]
[9.233425]
[8.955686]
[9.747514]
[9.822933]
[9.825839]
[11.4648075]
[11.742483]
[11.748933]
[12.281197]
[11.847159]
[12.238931]
[12.708863]
[12.682406]
[15.180894]
[16.426292]
[14.835358]
[12.035705]
[12.029659]
[11.983279]
[12.301785]
[14.92966]
[12.418452]
[11.958699]
[11.838727]
[12.110686]
[11.324942]
[11.233672]
[11.46237]
[11.733463]
[11.9359255]
[12.101127]
[11.96565]
[11.839381]
[11.980466]
[12.005943]
[13.021745]
[13.516659]
[13.6981]
[13.842179]
[13.530794]
[13.6204605]
[13.2246475]
[13.194099]
[13.258034]
[11.248004]
[18.11912]
[20.024883]
[14.437341]
[15.533899]
[13.083589]
[15.367352]
[15.586405]
[15.505187]
[15.321682]
[15.195269]
[15.034238]
[14.914608]
[14.785114]
[14.625691]
[14.611834]
[13.710893]
[15.0995865]
[15.682868]
[16.028414]
[15.590276]
[15.714221]
[14.96666]
[14.726874]
[15.054184]
[14.130018]
[15.532728]
[15.078424]
[16.029356]
[15.9673815]
[16.508116]
[17.311596]
[15.727063]
[15.910608]
[15.843258]
[15.573149]
[15.770609]
[16.0789]
[16.258652]
[15.989171]
[16.339008]
[16.382816]
[16.301485]
[16.209738]
[16.426258]
[15.664229]
[16.97891]
[16.79855]
[16.528595]
[16.498167]
[16.163193]
[15.957908]
[15.51356]
[15.886205]
[16.000025]
[16.180742]
[17.112606]
[16.463177]
[16.032433]
[15.858205]
[15.694549]
[16.134027]
[15.987543]
[16.714085]
[20.774769]
[24.628538]
[22.23539]
[25.75274]
[28.435665]
[25.111038]
[21.917542]
[19.43962]
[5.1213913]
[14.477322]
[16.024416]
[15.686635]
[18.707497]
[35.065895]
[41.059555]
[48.417747]
[54.853497]
[42.64391]
[40.819817]
[56.0813]
[65.1875]
[65.47189]
[63.695393]
[54.009556]
[68.821976]
[87.21554]
[95.44223]
[120.282166]
[106.91377]
[113.48303]
[103.01407]
[97.519485]
[94.80218]
[95.36221]
[92.07983]
[88.14736]
[84.33915]
[82.07277]
[67.54394]
[71.162155]
[85.429855]
[82.881874]
[82.49677]
[84.979645]
[74.03448]
[84.56084]
[108.20041]
[115.94092]
[130.80782]
[131.03409]
[125.64105]
[124.96435]
[127.10321]
[124.14395]
[97.07251]
[97.49164]
[94.45579]
[91.6935]
[89.59544]
[58.660496]
[47.939915]
[57.343884]
[52.693214]
[49.58305]
[38.629444]
[20.857882]
[18.232674]
[18.39386]
[29.65366]
[43.55296]
[38.83526]
[40.6686]
[32.89512]
[17.47241]
[14.024551]
[26.345812]
[16.782032]
[14.545947]
[13.960053]
[11.785]
[11.0925]
[11.132481]
[13.289705]
[13.252804]
[12.2728405]
[11.336979]
[12.101678]
[10.389179]
[10.026793]
[11.118967]
[10.9266615]
[10.21483]
[10.722312]
[10.819574]
[10.997689]
[11.342973]
[13.267148]
[13.855027]
[10.799562]
[10.441862]
[11.154228]
[11.484913]
[11.254217]
[10.632951]
[10.770923]
[10.761376]
[10.105806]
[10.563416]
[9.127246]
[8.067816]
[9.225693]
[10.239184]
[12.203537]
[12.405021]
[15.241944]
[11.60412]
[11.305636]
[11.407555]
[9.796727]
[8.368058]
[9.653507]
[16.50631]
[9.225744]
[7.525115]
[8.632444]
[8.755002]
[12.528776]
[12.307491]
[10.980542]
[8.547083]
[9.028458]
[21.686907]
[26.692373]
[25.734062]
[24.555138]
[18.966473]
[12.095487]
[8.7886915]
[8.192272]
[6.097764]
[5.3874516]
[5.1077724]
[4.840665]
[4.173916]
[4.4960804]
[4.5609164]
[4.6986256]
[4.202379]
[4.345835]
[4.3162622]
[4.046717]
[4.1584234][10.25]
[9.45]
[13.02]
[10.69]
[5.31]
[5.25]
[5.26]
[5.31]
[5.31]
[5.3]
[5.29]
[5.3]
[9.25]
[9.31]
[9.28]
[9.29]
[9.27]
[9.26]
[9.25]
[9.26]
[9.26]
[9.27]
[9.25]
[9.25]
[9.32]
[9.28]
[9.26]
[9.22]
[9.21]
[9.23]
[9.23]
[9.06]
[9.24]
[9.25]
[9.24]
[9.29]
[9.55]
[9.28]
[9.27]
[9.27]
[9.25]
[9.24]
[9.28]
[12.21]
[12.29]
[12.32]
[12.27]
[12.3]
[12.29]
[12.25]
[12.25]
[12.25]
[12.29]
[12.3]
[12.3]
[12.31]
[12.36]
[12.34]
[12.35]
[12.36]
[12.37]
[12.39]
[12.39]
[12.4]
[12.36]
[12.39]
[12.4]
[12.41]
[12.52]
[12.25]
[12.25]
[12.03]
[12.31]
[26.75]
[15.2]
[15.05]
[15.12]
[15.03]
[15.09]
[15.17]
[15.22]
[15.41]
[15.4]
[15.43]
[15.24]
[15.14]
[15.08]
[15.29]
[15.3]
[15.23]
[15.22]
[15.17]
[15.21]
[15.24]
[15.21]
[15.26]
[15.09]
[15.03]
[14.94]
[15.09]
[15.28]
[15.3]
[15.52]
[15.38]
[15.46]
[15.26]
[15.55]
[15.54]
[15.27]
[22.36]
[17.87]
[15.85]
[42.75]
[82.22]
[94.05]
[93.25]
[90.97]
[55.68]
[49.63]
[58.09]
[56.67]
[54.59]
[53.59]
[58.05]
[53.08]
[41.74]
[57.88]
[58.89]
[56.17]
[56.45]
[59.98]
[24.57]
[23.68]
[48.95]
[58.59]
[52.66]
[61.65]
[55.39]
[15.63]
[15.57]
[49.45]
[48.02]
[57.5]
[95.04]
[91.35]
[127.12]
[159.08]
[215.85]
[192.9]
[144.63]
[136.75]
[131.02]
[99.64]
[86.83]
[129.19]
[131.03]
[129.73]
[130.49]
[130.52]
[92.3]
[87.76]
[90.33]
[91.84]
[90.24]
[92.4]
[96.82]
[52.74]
[45.22]
[55.96]
[60.38]
[51.61]
[55.5]
[62.81]
[54.04]
[56.12]
[53.08]
[60.33]
[38.11]
[64.66]
[62.07]
[50.21]
[45.53]
[67.12]
[58.52]
[53.52]
[50.52]
[53.77]
[41.06]
[38.17]
[35.45]
[50.08]
[57.71]
[43.73]
[61.41]
[54.5]
[42.43]
[96.98]
[93.31]
[95.73]
[93.08]
[91.61]
[94.94]
[85.74]
[88.4]
[98.74]
[90.94]
[95.37]
[98.5]
[45.13]
[47.61]
[67.66]
[39.1]
[71.69]
[37.29]
[69.59]
[19.53]
[12.7]
[49.99]
[27.12]
[31.05]
[19.21]
[28.46]
[14.31]
[9.94]
[17.83]
[28.86]
[44.83]
[46.46]
[52.06]
[24.01]
[9.42]
[50.97]
[57.23]
[44.2]
[37.8]
[12.15]
[9.41]
[10.47]
[20.43]
[33.31]
[48.25]
[44.01]
[55.45]
[12.7]
[10.36]
[51.64]
[50.92]
[50.38]
[49.93]
[49.1]
[13.79]
[10.13]
[29.22]
[34.2]
[23.2]
[39.35]
[38.77]
[14.08]
[10.2]
[32.49]
[35.58]
[33.86]
[32.24]
[29.9]
[23.23]
[16.87]
[24.9]
[28.37]
[17.49]
[16.74]
[47.53]
[16.06]
[15.03]
[32.65]
[36.66]
[33.79]
[32.62]
[31.6]
[12.79]
[8.68]
[29.3]
[28.48]
[33.01]
[32.79]
[29.71]
[12.11]
[7.79]
[7.39]
[5.3]
[5.33]
[5.36]
[5.41]
[5.44]
[5.46]
[5.48]
[5.51]
[5.52]
[5.54]
[5.55]
[5.56]
[5.57]
[5.58]
[5.41]
[5.59]
[5.59]
[5.59]
[5.59]
[5.59]
[5.59]
[5.52]
[9.82]
[15.53]
[16.95]
[20.82]
[11.7]
[14.18]
[15.4]
[23.39]
[19.41]
[16.47]
[11.42]
[6.71]
[12.54]
[12.67]
[10.63]
[11.37]
[12.05]
[14.44]
[14.47]
[12.32]
[14.46]
[13.82]
[14.57]
[14.58]
[8.47]
[14.78]
[14.81]
[14.47]
[5.31]
[5.31]
[5.29]
[6.65]
[12.03]
[10.97]
[11.68]
[7.09]
[5.32]
[5.32]
[5.33]
[5.32]
[5.32]
[7.66]
[5.32]
[5.32]
[5.32]
[5.29]
[5.21]
[5.09]
[5.1]
[5.1]
[5.1]
[5.11]
[5.11]
[5.1]
[5.12]
[5.22]
[5.48]
[5.49]
[5.27]
[5.12]
[5.13]
[5.12]
[5.12]
[5.11]
[5.16]
[8.76]
[8.76]
[8.94]
[8.95]
[8.95]
[10.8]
[10.34]
[8.93]
[12.82]
[12.41]
[9.78]
[12.71]
[13.05]
[9.78]
[9.61]
[13.47]
[13.71]
[13.82]
[13.8]
[20.11]
[12.1]
[10.21]
[15.44]
[19.36]
[24.22]
[16.35]
[13.82]
[12.91]
[11.05]
[11.21]
[12.63]
[12.73]
[13.93]
[14.]
[12.75]
[12.72]
[14.06]
[13.64]
[13.18]
[14.13]
[14.47]
[12.97]
[12.08]
[13.53]
[13.92]
[14.]
[14.03]
[13.47]
[12.53]
[12.61]
[12.89]
[13.87]
[13.64]
[12.29]
[13.75]
[12.77]
[12.77]
[13.97]
[13.97]
[12.95]
[15.58]
[14.78]
[14.97]
[14.82]
[14.67]
[14.69]
[14.7]
[14.81]
[14.7]
[17.5]
[18.04]
[19.37]
[14.58]
[14.62]
[14.69]
[14.75]
[14.6]
[14.39]
[14.42]
[14.49]
[14.55]
[14.59]
[14.62]
[14.6]
[14.31]
[14.23]
[14.12]
[14.15]
[14.3]
[14.52]
[14.49]
[14.43]
[14.23]
[14.17]
[14.28]
[14.37]
[14.29]
[14.2]
[14.09]
[14.11]
[14.23]
[14.04]
[14.13]
[14.15]
[14.07]
[14.02]
[13.88]
[13.88]
[13.78]
[13.82]
[13.92]
[14.08]
[13.97]
[13.86]
[13.82]
[13.83]
[13.99]
[14.01]
[13.84]
[13.78]
[13.71]
[13.96]
[14.1]
[13.99]
[13.72]
[16.98]
[13.92]
[13.67]
[13.53]
[13.42]
[13.41]
[13.36]
[14.17]
[14.52]
[14.48]
[14.44]
[14.41]
[14.38]
[14.37]
[14.35]
[14.34]
[14.31]
[15.25]
[14.32]
[14.31]
[14.29]
[14.29]
[14.58]
[14.56]
[12.15]
[11.95]
[11.88]
[11.87]
[11.82]
[13.39]
[11.95]
[11.94]
[11.89]
[11.86]
[11.86]
[11.84]
[11.83]
[11.81]
[11.86]
[11.86]
[11.8]
[11.8]
[11.79]
[11.78]
[11.77]
[11.96]
[11.94]
[11.9]
[11.85]
[11.35]
[11.83]
[11.8]
[12.]
[12.06]
[12.03]
[9.66]
[9.6]
[9.59]
[9.63]
[9.74]
[9.73]
[9.68]
[9.68]
[9.7]
[9.68]
[9.68]
[9.67]
[9.67]
[9.73]
[9.77]
[9.75]
[9.77]
[9.77]
[9.77]
[9.74]
[9.74]
[9.73]
[9.72]
[9.75]
[9.75]
[9.79]
[9.77]
[9.77]
[9.78]
[9.77]
[9.09]
[9.09]
[8.91]
[8.69]
[8.69]
[8.66]
[8.69]
[8.7]
[8.7]
[8.66]
[8.67]
[8.77]
[8.78]
[8.78]
[8.77]
[8.78]
[8.77]
[8.74]
[8.74]
[8.77]
[8.77]
[8.77]
[8.76]
[8.77]
[8.76]
[8.77]
[8.77]
[8.76]
[8.76]
[8.77]
[8.71]
[8.26]
[8.23]
[8.06]
[8.02]
[8.01]
[8.04]
[8.06]
[8.04]
[8.05]
[8.06]
[8.05]
[8.05]
[8.07]
[8.07]
[8.06]
[8.04]
[8.08]
[8.07]
[8.07]
[8.03]
[8.1]
[8.09]
[8.1]
[8.11]
[8.1]
[8.11]
[8.12]
[8.11]
[8.11]
[8.13]
[6.13]
[6.11]
[5.91]
[5.29]
[5.35]
[5.29]
[5.31]
[5.3]
[5.3]
[5.3]
[5.31]
[5.3]
[5.27]
[5.29]
[5.29]
[5.29]
[5.3]
[5.3]
[5.34]
[5.31]
[5.31]
[5.32]
[5.32]
[5.31]
[5.33]
[5.32]
[5.32]
[5.31]
[5.33]
[5.32]
[5.34]
[5.34]
[5.89]
[5.74]
[5.51]
[5.5]
[7.49]
[7.16]
[5.55]
[5.56]
[5.48]
[5.43]
[5.41]
[5.42]
[5.48]
[5.44]
[5.44]
[5.44]
[7.99]
[5.37]
[5.4]
[5.41]
[5.38]
[5.38]
[5.39]
[5.38]
[5.38]
[5.43]
[5.4]
[5.41]
[5.42]
[5.41]
[5.41]
[5.41]
[5.41]
[5.42]
[5.44]
[5.44]
[5.45]
[5.47]
[5.47]
[5.4]
[5.42]
[5.44]
[5.46]
[5.47]
[5.46]
[5.46]
[5.47]
[5.47]
[5.42]
[5.48]
[5.49]
[5.48]
[5.46]
[5.46]
[5.5]
[5.51]
[5.48]
[5.46]
[9.04]
[9.13]
[9.13]
[9.16]
[9.17]
[9.17]
[9.19]
[9.21]
[9.24]
[9.24]
[9.22]
[9.2]
[9.27]
[9.28]
[9.28]
[9.29]
[9.32]
[9.33]
[9.33]
[9.34]
[9.36]
[9.37]
[9.38]
[9.41]
[9.41]
[9.41]
[9.41]
[9.42]
[9.83]
[9.49]
[9.52]
[12.18]
[12.29]
[12.29]
[12.33]
[12.37]
[12.42]
[12.45]
[12.39]
[15.27]
[16.55]
[14.11]
[12.06]
[12.15]
[12.22]
[12.2]
[14.89]
[12.24]
[12.29]
[12.3]
[12.82]
[12.19]
[12.16]
[12.29]
[12.32]
[12.3]
[12.41]
[12.47]
[12.46]
[12.66]
[12.65]
[14.68]
[15.59]
[15.66]
[15.62]
[15.61]
[15.62]
[15.55]
[15.55]
[15.53]
[15.48]
[15.58]
[15.63]
[15.67]
[15.73]
[15.76]
[15.69]
[15.74]
[15.74]
[15.7]
[15.75]
[15.81]
[15.74]
[15.69]
[15.67]
[15.67]
[15.69]
[15.71]
[15.78]
[15.82]
[15.85]
[15.84]
[15.82]
[15.81]
[15.68]
[15.65]
[15.45]
[15.76]
[15.72]
[15.72]
[15.72]
[15.86]
[15.62]
[15.55]
[15.84]
[15.47]
[15.85]
[15.91]
[15.89]
[15.6]
[15.96]
[15.99]
[15.84]
[15.77]
[15.99]
[15.57]
[15.56]
[15.78]
[15.69]
[15.67]
[15.63]
[15.75]
[15.5]
[15.92]
[15.96]
[15.99]
[16.2]
[15.99]
[15.99]
[15.96]
[15.93]
[15.94]
[15.96]
[15.89]
[15.75]
[15.57]
[14.85]
[16.98]
[17.18]
[17.15]
[16.64]
[16.94]
[16.89]
[16.85]
[16.85]
[16.82]
[22.09]
[48.14]
[54.09]
[52.25]
[50.82]
[26.21]
[24.32]
[46.38]
[54.6]
[55.32]
[58.59]
[42.22]
[59.61]
[52.27]
[91.07]
[134.99]
[99.13]
[93.08]
[89.49]
[90.15]
[90.7]
[92.91]
[90.54]
[92.41]
[91.17]
[89.85]
[54.37]
[55.31]
[91.98]
[89.63]
[92.51]
[92.65]
[53.92]
[58.15]
[118.86]
[121.02]
[128.01]
[129.11]
[130.04]
[130.07]
[129.96]
[130.52]
[93.73]
[94.19]
[93.43]
[94.32]
[94.03]
[49.04]
[42.92]
[63.69]
[56.03]
[54.7]
[38.34]
[11.79]
[11.72]
[12.96]
[33.11]
[57.23]
[47.44]
[52.93]
[38.46]
[13.38]
[10.84]
[32.12]
[12.86]
[13.04]
[11.96]
[9.06]
[9.09]
[9.87]
[13.99]
[13.87]
[12.77]
[11.54]
[13.62]
[10.08]
[9.89]
[11.66]
[11.41]
[10.97]
[12.27]
[12.58]
[13.52]
[14.11]
[18.19]
[19.12]
[13.6]
[13.55]
[13.48]
[13.43]
[13.64]
[13.07]
[13.76]
[13.75]
[12.85]
[13.71]
[11.22]
[9.92]
[11.7]
[12.05]
[15.5]
[15.5]
[20.41]
[11.86]
[11.21]
[12.16]
[10.03]
[8.58]
[11.93]
[24.96]
[9.81]
[9.12]
[11.89]
[11.97]
[19.72]
[18.14]
[16.04]
[11.71]
[13.74]
[39.18]
[46.43]
[42.22]
[40.7]
[29.17]
[11.6]
[7.7]
[7.77]
[5.18]
[5.21]
[5.24]
[5.27]
[5.28]
[5.29]
[5.31]
[5.33]
[5.34]
[5.35]
[5.36]
[5.37]
[5.38]
[5.39]