0.8785576036749071, 0.894866013159752, 14.072458776287547, 212.132646842872[7.9787602]
[5.561154]
[4.4867706]
[6.1319847]
[5.40576]
[2.504233]
[1.8752316]
[1.959023]
[1.8708174]
[1.8987054]
[1.8497769]
[1.7918053]
[1.8867078]
[3.8896234]
[4.5255737]
[4.5116463]
[4.8369412]
[6.260381]
[8.277002]
[7.207482]
[6.0519786]
[5.9067764]
[5.5610003]
[5.471058]
[5.335968]
[5.389574]
[5.418024]
[5.3613834]
[5.205168]
[5.145637]
[5.106696]
[5.420421]
[5.6156926]
[5.5253863]
[5.4980764]
[5.612396]
[5.484055]
[5.864747]
[9.550434]
[7.0415387]
[6.7328405]
[7.029348]
[6.803739]
[6.4491425]
[7.9698286]
[8.357339]
[8.414787]
[8.405163]
[8.65603]
[9.040995]
[8.892073]
[8.56849]
[8.477094]
[8.481505]
[8.377116]
[8.403004]
[8.419611]
[8.414332]
[8.366159]
[8.3891945]
[8.416621]
[8.388369]
[8.408227]
[8.491741]
[8.548304]
[8.8218775]
[9.1203575]
[8.910758]
[8.784325]
[8.91819]
[11.220497]
[6.7150955]
[7.7871327]
[8.524455]
[34.20752]
[16.32232]
[10.591998]
[10.577378]
[10.570667]
[10.648791]
[10.799241]
[10.844312]
[10.907802]
[11.0317745]
[11.075499]
[10.966412]
[11.024914]
[11.097835]
[11.229767]
[11.201858]
[11.291859]
[11.337846]
[11.5814495]
[11.379977]
[11.326327]
[11.441877]
[11.435993]
[11.303867]
[11.262547]
[11.1014]
[11.471193]
[11.741109]
[11.639877]
[12.022921]
[12.256518]
[12.871842]
[17.415108]
[21.391462]
[18.080612]
[27.277592]
[48.54849]
[20.554804]
[63.691883]
[70.54432]
[73.29273]
[90.961426]
[125.21974]
[84.90483]
[68.307106]
[55.316788]
[57.601875]
[54.9931]
[49.856453]
[46.47281]
[47.91962]
[44.987965]
[36.57509]
[43.164913]
[46.60763]
[44.52357]
[44.656284]
[48.318882]
[27.61882]
[22.66617]
[36.910267]
[43.928024]
[40.3869]
[43.41871]
[39.9417]
[19.80603]
[18.949913]
[38.961674]
[45.463142]
[59.35155]
[96.03578]
[133.15726]
[142.1373]
[163.04036]
[195.7855]
[163.45966]
[141.402]
[136.54729]
[123.05176]
[101.784775]
[83.445244]
[104.03016]
[110.815445]
[112.62626]
[116.67657]
[122.66867]
[101.47387]
[92.035736]
[90.66288]
[90.01147]
[86.133156]
[84.85631]
[88.68418]
[65.320244]
[61.752037]
[68.364044]
[70.72892]
[67.57391]
[66.061424]
[65.60764]
[56.789486]
[53.08051]
[49.39115]
[51.53404]
[38.424297]
[48.95186]
[50.47189]
[44.739906]
[41.675625]
[51.70988]
[47.1138]
[41.47247]
[38.033375]
[39.185028]
[36.1917]
[37.306282]
[41.145058]
[56.217613]
[63.312855]
[55.881626]
[59.859737]
[53.151062]
[51.14319]
[88.92714]
[90.99499]
[85.52053]
[79.02426]
[75.144066]
[75.83771]
[74.15462]
[79.44415]
[87.529625]
[85.53018]
[91.4648]
[96.88743]
[65.5724]
[62.922867]
[72.89244]
[55.61771]
[67.12978]
[47.66286]
[58.647934]
[32.471123]
[19.790697]
[39.864758]
[30.578367]
[28.522871]
[21.545837]
[24.090126]
[16.821056]
[11.6048155]
[14.527053]
[20.423769]
[28.504854]
[30.25122]
[33.901535]
[24.048212]
[14.624255]
[34.70694]
[41.751873]
[35.012455]
[31.876219]
[19.358974]
[15.507811]
[14.760894]
[18.172668]
[23.801779]
[31.037203]
[29.860863]
[34.26989]
[14.79573]
[10.131604]
[30.583082]
[32.319763]
[31.812557]
[31.940565]
[30.300137]
[15.430506]
[13.035596]
[22.135115]
[24.863117]
[18.452955]
[23.810974]
[24.336214]
[11.774063]
[6.818726]
[17.193897]
[20.985731]
[19.90958]
[18.352991]
[16.860735]
[12.979976]
[9.379985]
[13.1125765]
[16.032434]
[12.065703]
[13.345496]
[31.324444]
[16.617805]
[10.226436]
[18.359653]
[21.667246]
[20.312716]
[19.010519]
[17.812164]
[8.294138]
[4.5304875]
[13.868018]
[14.964163]
[17.064095]
[18.328886]
[16.852472]
[7.918138]
[3.841379]
[3.1243913]
[2.001882]
[1.6313659]
[1.885515]
[2.2784908]
[1.8466902]
[1.491802]
[1.3375384]
[1.3084022]
[1.3344144]
[1.1682899]
[1.0192907]
[0.8500739]
[0.8449248]
[0.84525836]
[0.7398022]
[0.6538862]
[0.5283347]
[0.52233195]
[0.52233195]
[0.52233195]
[0.52233195]
[0.3464669]
[1.8619881]
[6.2444625]
[6.664294]
[8.335901]
[4.836056]
[5.137456]
[5.867377]
[9.820271]
[9.037221]
[7.440239]
[4.7680216]
[1.949098]
[4.2029867]
[4.774791]
[3.8769836]
[4.059092]
[4.5776353]
[6.0536556]
[6.401532]
[5.275841]
[6.1665144]
[12.862436]
[8.611362]
[7.1504183]
[4.1017637]
[6.826617]
[7.4467707]
[7.344934]
[2.9477415]
[1.883144]
[1.8949244]
[2.4729948]
[5.2206163]
[5.595639]
[5.6666994]
[3.482468]
[2.1442556]
[1.9969378]
[2.029261]
[1.9872004]
[1.9292051]
[3.2597096]
[2.268143]
[2.016375]
[2.1246872]
[2.0582526]
[2.0981607]
[2.3249984]
[3.249633]
[2.9962337]
[2.733028]
[2.5892048]
[2.308978]
[2.2955818]
[2.3181772]
[2.3362136]
[2.3943965]
[2.4796681]
[2.5550778]
[2.6769762]
[2.311149]
[2.4326549]
[2.4533484]
[2.46153]
[2.4460487]
[4.2880898]
[4.815393]
[9.093102]
[6.227282]
[5.1084347]
[6.2930765]
[6.073633]
[5.45073]
[8.107784]
[7.8238797]
[6.337047]
[7.8537526]
[8.407171]
[6.825577]
[6.4059453]
[8.7010975]
[9.370632]
[9.347433]
[9.337303]
[14.048775]
[9.571754]
[7.2347946]
[10.201086]
[13.876613]
[18.030243]
[12.914526]
[10.024812]
[9.196376]
[7.951812]
[7.8864446]
[8.768018]
[9.049934]
[9.88575]
[10.106788]
[9.388674]
[9.300061]
[10.168884]
[9.991047]
[9.820413]
[10.435794]
[10.626455]
[9.791608]
[9.141573]
[9.926837]
[10.273037]
[10.3675785]
[10.45373]
[10.069561]
[9.482006]
[9.294599]
[9.7886]
[10.617603]
[10.225118]
[9.273407]
[10.66617]
[10.167975]
[9.43117]
[10.263527]
[10.470417]
[9.796896]
[11.4398365]
[11.170006]
[11.234974]
[11.180579]
[11.092246]
[11.071534]
[11.0328455]
[11.198782]
[11.107319]
[12.922329]
[16.049335]
[15.448051]
[11.766622]
[11.091592]
[11.346922]
[11.430279]
[11.667596]
[11.393724]
[11.315055]
[11.362133]
[11.398431]
[11.536806]
[11.564372]
[11.60153]
[11.413465]
[11.193485]
[11.137718]
[11.176554]
[11.23217]
[11.393779]
[11.382556]
[11.398505]
[11.37373]
[11.324143]
[11.350826]
[11.511829]
[11.451989]
[11.350768]
[11.335338]
[11.382196]
[11.532992]
[11.477259]
[11.556712]
[11.698311]
[11.793735]
[11.745876]
[11.593421]
[11.710847]
[11.622098]
[11.610048]
[11.838703]
[11.999323]
[11.966617]
[11.913467]
[11.811674]
[11.720144]
[11.60646]
[11.918324]
[11.99728]
[12.066467]
[12.149454]
[12.180509]
[12.916556]
[12.984955]
[16.372364]
[19.847435]
[19.18753]
[29.395067]
[13.597716]
[8.346226]
[11.467057]
[12.77908]
[13.026742]
[12.954477]
[12.922642]
[12.8148155]
[12.530911]
[12.143243]
[11.950879]
[11.908884]
[11.928084]
[11.800427]
[12.28649]
[11.753852]
[11.570217]
[11.501835]
[11.455294]
[10.941683]
[11.553202]
[10.275402]
[9.769899]
[9.739868]
[10.086346]
[10.168493]
[11.1641245]
[10.383654]
[9.891377]
[9.686749]
[9.542344]
[9.3937645]
[9.482328]
[9.532229]
[9.326649]
[9.210624]
[9.120865]
[9.039525]
[8.910344]
[8.826673]
[8.8022175]
[9.013907]
[9.67486]
[10.65034]
[11.334326]
[10.907927]
[10.611585]
[10.284684]
[9.872105]
[9.628096]
[9.535161]
[9.951502]
[9.005943]
[8.161433]
[7.529705]
[7.464824]
[7.511709]
[7.4560795]
[7.414896]
[7.3096094]
[7.306306]
[7.20235]
[7.223863]
[7.1671352]
[7.0917277]
[7.1457815]
[7.1010838]
[7.138612]
[7.0812726]
[7.0689774]
[7.02122]
[6.9780483]
[6.9194627]
[6.900491]
[6.8395877]
[6.87221]
[6.8808446]
[6.875803]
[6.8227825]
[6.8588114]
[6.8900313]
[6.8846564]
[6.5649796]
[6.405226]
[6.2720866]
[6.0509014]
[6.0760326]
[6.153091]
[6.1150856]
[6.050551]
[5.9923553]
[6.0162473]
[6.2795615]
[6.8721757]
[7.272476]
[6.6844783]
[6.5302544]
[6.354907]
[6.258131]
[6.175157]
[6.0934944]
[6.113268]
[6.1065593]
[5.992836]
[6.0159364]
[5.946428]
[5.8842106]
[6.111824]
[6.34102]
[6.254411]
[6.248969]
[6.3581657]
[6.097562]
[5.6880984]
[5.562968]
[5.4702144]
[5.375452]
[5.355083]
[5.4391413]
[5.408819]
[5.3211203]
[5.324588]
[5.360085]
[5.30377]
[5.322062]
[5.3364496]
[5.310902]
[5.3018613]
[5.3234243]
[5.287369]
[5.2785754]
[5.245664]
[5.2721825]
[5.310572]
[5.2268057]
[5.288808]
[5.3524666]
[5.329096]
[5.319768]
[5.396869]
[5.431117]
[5.52694]
[5.519966]
[4.3405833]
[4.0132213]
[3.8349726]
[3.4156172]
[3.3752706]
[3.3267581]
[3.3699224]
[3.3239496]
[3.350311]
[3.379326]
[3.3410046]
[3.3534927]
[3.3394916]
[3.3512654]
[3.3545082]
[3.3229094]
[3.355831]
[3.3866417]
[3.3385036]
[3.4097717]
[3.4302323]
[3.391534]
[3.4134655]
[3.4160028]
[3.4356232]
[3.4421484]
[3.4458795]
[3.4503458]
[3.466789]
[3.4762323]
[3.4579234]
[3.5201576]
[3.8079338]
[3.8462498]
[6.983455]
[4.470453]
[5.1982346]
[5.5079684]
[4.094188]
[3.7733886]
[3.735121]
[3.699037]
[3.9915948]
[3.764402]
[4.009325]
[3.7940629]
[4.025808]
[3.8132524]
[5.818653]
[4.537715]
[4.097319]
[4.102062]
[4.1021852]
[4.0982165]
[4.0940943]
[3.8579817]
[4.048801]
[3.8488638]
[5.879217]
[4.2456546]
[3.8609507]
[4.0267324]
[3.8695133]
[3.8685296]
[4.0179973]
[3.8785734]
[4.0322456]
[4.0219917]
[3.914957]
[4.028251]
[3.9095457]
[3.8909938]
[3.8712456]
[3.9923196]
[3.9068673]
[4.012954]
[3.9056358]
[3.9346]
[3.920088]
[3.9792922]
[3.8783867]
[3.948012]
[3.9816642]
[3.918097]
[3.953264]
[3.9659004]
[3.926179]
[4.0238447]
[3.9652016]
[3.9336686]
[6.7819996]
[6.9170113]
[7.2728367]
[6.9501657]
[7.2503424]
[7.3350554]
[7.298191]
[7.265128]
[7.792239]
[7.347049]
[7.7416296]
[7.2977996]
[7.6898074]
[7.2475505]
[7.638206]
[7.736532]
[7.2133703]
[7.1695366]
[7.2066727]
[7.2483625]
[7.29943]
[7.3692803]
[7.3770776]
[7.7449965]
[7.5365353]
[7.884074]
[7.631853]
[7.414704]
[8.004226]
[8.061345]
[8.062192]
[9.468252]
[9.743313]
[9.729676]
[10.188944]
[9.79913]
[10.1635]
[10.724818]
[10.80675]
[13.627976]
[14.887503]
[13.541049]
[10.760751]
[10.642572]
[10.731294]
[11.202178]
[13.553523]
[11.388185]
[10.905558]
[10.7783375]
[10.992131]
[10.227849]
[9.997958]
[10.052289]
[10.503498]
[10.651867]
[11.09609]
[10.658504]
[10.146713]
[10.360091]
[10.273673]
[11.238545]
[11.639254]
[11.796515]
[11.914806]
[11.463353]
[11.492292]
[11.103901]
[11.173057]
[11.459459]
[14.461502]
[18.55642]
[15.181618]
[13.2164755]
[14.194606]
[11.055023]
[13.760005]
[14.522587]
[14.411213]
[14.027652]
[13.80498]
[13.4692335]
[13.2924]
[13.168566]
[12.930916]
[13.255052]
[15.562309]
[14.209816]
[13.544334]
[13.890154]
[14.2420635]
[14.227126]
[14.4117985]
[14.6361]
[14.207084]
[16.65364]
[13.608857]
[14.942808]
[14.299555]
[14.409452]
[15.683465]
[15.364237]
[13.978376]
[14.948087]
[15.325211]
[14.947117]
[15.719994]
[15.953878]
[15.639743]
[14.975105]
[14.96482]
[14.793896]
[14.582312]
[14.425504]
[14.3944845]
[15.162092]
[16.388529]
[15.468881]
[14.770037]
[14.085931]
[13.546936]
[13.344507]
[13.135398]
[13.491485]
[13.62141]
[14.542364]
[14.689323]
[13.944236]
[13.736788]
[13.638551]
[13.757308]
[13.921117]
[14.078927]
[14.555566]
[19.800856]
[23.342651]
[15.8977785]
[23.759655]
[23.449314]
[18.615171]
[18.513744]
[17.210722]
[3.346945]
[11.301835]
[14.095641]
[13.789244]
[16.917002]
[33.618412]
[40.90614]
[46.312077]
[51.60421]
[40.836346]
[34.57423]
[51.346394]
[61.551342]
[61.292065]
[61.75438]
[52.812363]
[62.753883]
[77.795166]
[88.184616]
[117.93759]
[104.88874]
[108.02223]
[97.93894]
[96.78638]
[95.552704]
[95.414185]
[92.12928]
[88.84917]
[83.62841]
[81.338165]
[63.85675]
[68.608955]
[84.13072]
[82.62603]
[81.51674]
[84.041145]
[67.41522]
[79.87885]
[101.92395]
[115.65883]
[127.75544]
[126.27461]
[123.92589]
[124.75058]
[126.15849]
[123.32688]
[98.904366]
[94.88427]
[93.676704]
[92.2066]
[89.76839]
[59.748966]
[46.933613]
[56.19046]
[52.457954]
[48.552628]
[37.762268]
[19.267742]
[15.202397]
[15.158732]
[26.202398]
[40.64898]
[36.906425]
[37.946133]
[31.085674]
[15.704412]
[11.401212]
[22.763018]
[14.63816]
[11.479863]
[10.695361]
[8.744609]
[7.611561]
[7.4324903]
[9.094096]
[9.098874]
[8.054502]
[7.067821]
[7.6101217]
[6.0744724]
[5.7253404]
[6.5941777]
[6.490298]
[5.6672025]
[5.898642]
[6.006776]
[6.0392575]
[6.2365646]
[7.937047]
[8.432783]
[5.824232]
[5.293565]
[6.0881658]
[6.70594]
[6.4341736]
[5.683544]
[5.7198453]
[5.692811]
[5.124679]
[5.4164557]
[4.301566]
[3.2055292]
[4.1428623]
[5.2798834]
[7.196397]
[7.359577]
[9.881144]
[7.0857916]
[6.7758927]
[7.008402]
[5.231119]
[3.828643]
[4.649643]
[10.512112]
[4.586536]
[2.607093]
[3.5028176]
[3.5101318]
[6.6975627]
[6.6791267]
[5.593675]
[3.4267542]
[3.7192736]
[14.923903]
[20.575552]
[20.277824]
[19.369202]
[13.996994]
[7.9016843]
[6.1215386]
[4.53171]
[2.822778]
[1.7135779]
[1.3250105]
[0.9534677]
[0.2326551]
[0.19687288]
[0.55237156]
[0.5575082]
[0.20426743]
[0.00938114]
[0.17904451]
[-0.17207848]
[-0.18461531][10.25]
[9.45]
[13.02]
[10.69]
[5.31]
[5.25]
[5.26]
[5.31]
[5.31]
[5.3]
[5.29]
[5.3]
[9.25]
[9.31]
[9.28]
[9.29]
[9.27]
[9.26]
[9.25]
[9.26]
[9.26]
[9.27]
[9.25]
[9.25]
[9.32]
[9.28]
[9.26]
[9.22]
[9.21]
[9.23]
[9.23]
[9.06]
[9.24]
[9.25]
[9.24]
[9.29]
[9.55]
[9.28]
[9.27]
[9.27]
[9.25]
[9.24]
[9.28]
[12.21]
[12.29]
[12.32]
[12.27]
[12.3]
[12.29]
[12.25]
[12.25]
[12.25]
[12.29]
[12.3]
[12.3]
[12.31]
[12.36]
[12.34]
[12.35]
[12.36]
[12.37]
[12.39]
[12.39]
[12.4]
[12.36]
[12.39]
[12.4]
[12.41]
[12.52]
[12.25]
[12.25]
[12.03]
[12.31]
[26.75]
[15.2]
[15.05]
[15.12]
[15.03]
[15.09]
[15.17]
[15.22]
[15.41]
[15.4]
[15.43]
[15.24]
[15.14]
[15.08]
[15.29]
[15.3]
[15.23]
[15.22]
[15.17]
[15.21]
[15.24]
[15.21]
[15.26]
[15.09]
[15.03]
[14.94]
[15.09]
[15.28]
[15.3]
[15.52]
[15.38]
[15.46]
[15.26]
[15.55]
[15.54]
[15.27]
[22.36]
[17.87]
[15.85]
[42.75]
[82.22]
[94.05]
[93.25]
[90.97]
[55.68]
[49.63]
[58.09]
[56.67]
[54.59]
[53.59]
[58.05]
[53.08]
[41.74]
[57.88]
[58.89]
[56.17]
[56.45]
[59.98]
[24.57]
[23.68]
[48.95]
[58.59]
[52.66]
[61.65]
[55.39]
[15.63]
[15.57]
[49.45]
[48.02]
[57.5]
[95.04]
[91.35]
[127.12]
[159.08]
[215.85]
[192.9]
[144.63]
[136.75]
[131.02]
[99.64]
[86.83]
[129.19]
[131.03]
[129.73]
[130.49]
[130.52]
[92.3]
[87.76]
[90.33]
[91.84]
[90.24]
[92.4]
[96.82]
[52.74]
[45.22]
[55.96]
[60.38]
[51.61]
[55.5]
[62.81]
[54.04]
[56.12]
[53.08]
[60.33]
[38.11]
[64.66]
[62.07]
[50.21]
[45.53]
[67.12]
[58.52]
[53.52]
[50.52]
[53.77]
[41.06]
[38.17]
[35.45]
[50.08]
[57.71]
[43.73]
[61.41]
[54.5]
[42.43]
[96.98]
[93.31]
[95.73]
[93.08]
[91.61]
[94.94]
[85.74]
[88.4]
[98.74]
[90.94]
[95.37]
[98.5]
[45.13]
[47.61]
[67.66]
[39.1]
[71.69]
[37.29]
[69.59]
[19.53]
[12.7]
[49.99]
[27.12]
[31.05]
[19.21]
[28.46]
[14.31]
[9.94]
[17.83]
[28.86]
[44.83]
[46.46]
[52.06]
[24.01]
[9.42]
[50.97]
[57.23]
[44.2]
[37.8]
[12.15]
[9.41]
[10.47]
[20.43]
[33.31]
[48.25]
[44.01]
[55.45]
[12.7]
[10.36]
[51.64]
[50.92]
[50.38]
[49.93]
[49.1]
[13.79]
[10.13]
[29.22]
[34.2]
[23.2]
[39.35]
[38.77]
[14.08]
[10.2]
[32.49]
[35.58]
[33.86]
[32.24]
[29.9]
[23.23]
[16.87]
[24.9]
[28.37]
[17.49]
[16.74]
[47.53]
[16.06]
[15.03]
[32.65]
[36.66]
[33.79]
[32.62]
[31.6]
[12.79]
[8.68]
[29.3]
[28.48]
[33.01]
[32.79]
[29.71]
[12.11]
[7.79]
[7.39]
[5.3]
[5.33]
[5.36]
[5.41]
[5.44]
[5.46]
[5.48]
[5.51]
[5.52]
[5.54]
[5.55]
[5.56]
[5.57]
[5.58]
[5.41]
[5.59]
[5.59]
[5.59]
[5.59]
[5.59]
[5.59]
[5.52]
[9.82]
[15.53]
[16.95]
[20.82]
[11.7]
[14.18]
[15.4]
[23.39]
[19.41]
[16.47]
[11.42]
[6.71]
[12.54]
[12.67]
[10.63]
[11.37]
[12.05]
[14.44]
[14.47]
[12.32]
[14.46]
[13.82]
[14.57]
[14.58]
[8.47]
[14.78]
[14.81]
[14.47]
[5.31]
[5.31]
[5.29]
[6.65]
[12.03]
[10.97]
[11.68]
[7.09]
[5.32]
[5.32]
[5.33]
[5.32]
[5.32]
[7.66]
[5.32]
[5.32]
[5.32]
[5.29]
[5.21]
[5.09]
[5.1]
[5.1]
[5.1]
[5.11]
[5.11]
[5.1]
[5.12]
[5.22]
[5.48]
[5.49]
[5.27]
[5.12]
[5.13]
[5.12]
[5.12]
[5.11]
[5.16]
[8.76]
[8.76]
[8.94]
[8.95]
[8.95]
[10.8]
[10.34]
[8.93]
[12.82]
[12.41]
[9.78]
[12.71]
[13.05]
[9.78]
[9.61]
[13.47]
[13.71]
[13.82]
[13.8]
[20.11]
[12.1]
[10.21]
[15.44]
[19.36]
[24.22]
[16.35]
[13.82]
[12.91]
[11.05]
[11.21]
[12.63]
[12.73]
[13.93]
[14.]
[12.75]
[12.72]
[14.06]
[13.64]
[13.18]
[14.13]
[14.47]
[12.97]
[12.08]
[13.53]
[13.92]
[14.]
[14.03]
[13.47]
[12.53]
[12.61]
[12.89]
[13.87]
[13.64]
[12.29]
[13.75]
[12.77]
[12.77]
[13.97]
[13.97]
[12.95]
[15.58]
[14.78]
[14.97]
[14.82]
[14.67]
[14.69]
[14.7]
[14.81]
[14.7]
[17.5]
[18.04]
[19.37]
[14.58]
[14.62]
[14.69]
[14.75]
[14.6]
[14.39]
[14.42]
[14.49]
[14.55]
[14.59]
[14.62]
[14.6]
[14.31]
[14.23]
[14.12]
[14.15]
[14.3]
[14.52]
[14.49]
[14.43]
[14.23]
[14.17]
[14.28]
[14.37]
[14.29]
[14.2]
[14.09]
[14.11]
[14.23]
[14.04]
[14.13]
[14.15]
[14.07]
[14.02]
[13.88]
[13.88]
[13.78]
[13.82]
[13.92]
[14.08]
[13.97]
[13.86]
[13.82]
[13.83]
[13.99]
[14.01]
[13.84]
[13.78]
[13.71]
[13.96]
[14.1]
[13.99]
[13.72]
[16.98]
[13.92]
[13.67]
[13.53]
[13.42]
[13.41]
[13.36]
[14.17]
[14.52]
[14.48]
[14.44]
[14.41]
[14.38]
[14.37]
[14.35]
[14.34]
[14.31]
[15.25]
[14.32]
[14.31]
[14.29]
[14.29]
[14.58]
[14.56]
[12.15]
[11.95]
[11.88]
[11.87]
[11.82]
[13.39]
[11.95]
[11.94]
[11.89]
[11.86]
[11.86]
[11.84]
[11.83]
[11.81]
[11.86]
[11.86]
[11.8]
[11.8]
[11.79]
[11.78]
[11.77]
[11.96]
[11.94]
[11.9]
[11.85]
[11.35]
[11.83]
[11.8]
[12.]
[12.06]
[12.03]
[9.66]
[9.6]
[9.59]
[9.63]
[9.74]
[9.73]
[9.68]
[9.68]
[9.7]
[9.68]
[9.68]
[9.67]
[9.67]
[9.73]
[9.77]
[9.75]
[9.77]
[9.77]
[9.77]
[9.74]
[9.74]
[9.73]
[9.72]
[9.75]
[9.75]
[9.79]
[9.77]
[9.77]
[9.78]
[9.77]
[9.09]
[9.09]
[8.91]
[8.69]
[8.69]
[8.66]
[8.69]
[8.7]
[8.7]
[8.66]
[8.67]
[8.77]
[8.78]
[8.78]
[8.77]
[8.78]
[8.77]
[8.74]
[8.74]
[8.77]
[8.77]
[8.77]
[8.76]
[8.77]
[8.76]
[8.77]
[8.77]
[8.76]
[8.76]
[8.77]
[8.71]
[8.26]
[8.23]
[8.06]
[8.02]
[8.01]
[8.04]
[8.06]
[8.04]
[8.05]
[8.06]
[8.05]
[8.05]
[8.07]
[8.07]
[8.06]
[8.04]
[8.08]
[8.07]
[8.07]
[8.03]
[8.1]
[8.09]
[8.1]
[8.11]
[8.1]
[8.11]
[8.12]
[8.11]
[8.11]
[8.13]
[6.13]
[6.11]
[5.91]
[5.29]
[5.35]
[5.29]
[5.31]
[5.3]
[5.3]
[5.3]
[5.31]
[5.3]
[5.27]
[5.29]
[5.29]
[5.29]
[5.3]
[5.3]
[5.34]
[5.31]
[5.31]
[5.32]
[5.32]
[5.31]
[5.33]
[5.32]
[5.32]
[5.31]
[5.33]
[5.32]
[5.34]
[5.34]
[5.89]
[5.74]
[5.51]
[5.5]
[7.49]
[7.16]
[5.55]
[5.56]
[5.48]
[5.43]
[5.41]
[5.42]
[5.48]
[5.44]
[5.44]
[5.44]
[7.99]
[5.37]
[5.4]
[5.41]
[5.38]
[5.38]
[5.39]
[5.38]
[5.38]
[5.43]
[5.4]
[5.41]
[5.42]
[5.41]
[5.41]
[5.41]
[5.41]
[5.42]
[5.44]
[5.44]
[5.45]
[5.47]
[5.47]
[5.4]
[5.42]
[5.44]
[5.46]
[5.47]
[5.46]
[5.46]
[5.47]
[5.47]
[5.42]
[5.48]
[5.49]
[5.48]
[5.46]
[5.46]
[5.5]
[5.51]
[5.48]
[5.46]
[9.04]
[9.13]
[9.13]
[9.16]
[9.17]
[9.17]
[9.19]
[9.21]
[9.24]
[9.24]
[9.22]
[9.2]
[9.27]
[9.28]
[9.28]
[9.29]
[9.32]
[9.33]
[9.33]
[9.34]
[9.36]
[9.37]
[9.38]
[9.41]
[9.41]
[9.41]
[9.41]
[9.42]
[9.83]
[9.49]
[9.52]
[12.18]
[12.29]
[12.29]
[12.33]
[12.37]
[12.42]
[12.45]
[12.39]
[15.27]
[16.55]
[14.11]
[12.06]
[12.15]
[12.22]
[12.2]
[14.89]
[12.24]
[12.29]
[12.3]
[12.82]
[12.19]
[12.16]
[12.29]
[12.32]
[12.3]
[12.41]
[12.47]
[12.46]
[12.66]
[12.65]
[14.68]
[15.59]
[15.66]
[15.62]
[15.61]
[15.62]
[15.55]
[15.55]
[15.53]
[15.48]
[15.58]
[15.63]
[15.67]
[15.73]
[15.76]
[15.69]
[15.74]
[15.74]
[15.7]
[15.75]
[15.81]
[15.74]
[15.69]
[15.67]
[15.67]
[15.69]
[15.71]
[15.78]
[15.82]
[15.85]
[15.84]
[15.82]
[15.81]
[15.68]
[15.65]
[15.45]
[15.76]
[15.72]
[15.72]
[15.72]
[15.86]
[15.62]
[15.55]
[15.84]
[15.47]
[15.85]
[15.91]
[15.89]
[15.6]
[15.96]
[15.99]
[15.84]
[15.77]
[15.99]
[15.57]
[15.56]
[15.78]
[15.69]
[15.67]
[15.63]
[15.75]
[15.5]
[15.92]
[15.96]
[15.99]
[16.2]
[15.99]
[15.99]
[15.96]
[15.93]
[15.94]
[15.96]
[15.89]
[15.75]
[15.57]
[14.85]
[16.98]
[17.18]
[17.15]
[16.64]
[16.94]
[16.89]
[16.85]
[16.85]
[16.82]
[22.09]
[48.14]
[54.09]
[52.25]
[50.82]
[26.21]
[24.32]
[46.38]
[54.6]
[55.32]
[58.59]
[42.22]
[59.61]
[52.27]
[91.07]
[134.99]
[99.13]
[93.08]
[89.49]
[90.15]
[90.7]
[92.91]
[90.54]
[92.41]
[91.17]
[89.85]
[54.37]
[55.31]
[91.98]
[89.63]
[92.51]
[92.65]
[53.92]
[58.15]
[118.86]
[121.02]
[128.01]
[129.11]
[130.04]
[130.07]
[129.96]
[130.52]
[93.73]
[94.19]
[93.43]
[94.32]
[94.03]
[49.04]
[42.92]
[63.69]
[56.03]
[54.7]
[38.34]
[11.79]
[11.72]
[12.96]
[33.11]
[57.23]
[47.44]
[52.93]
[38.46]
[13.38]
[10.84]
[32.12]
[12.86]
[13.04]
[11.96]
[9.06]
[9.09]
[9.87]
[13.99]
[13.87]
[12.77]
[11.54]
[13.62]
[10.08]
[9.89]
[11.66]
[11.41]
[10.97]
[12.27]
[12.58]
[13.52]
[14.11]
[18.19]
[19.12]
[13.6]
[13.55]
[13.48]
[13.43]
[13.64]
[13.07]
[13.76]
[13.75]
[12.85]
[13.71]
[11.22]
[9.92]
[11.7]
[12.05]
[15.5]
[15.5]
[20.41]
[11.86]
[11.21]
[12.16]
[10.03]
[8.58]
[11.93]
[24.96]
[9.81]
[9.12]
[11.89]
[11.97]
[19.72]
[18.14]
[16.04]
[11.71]
[13.74]
[39.18]
[46.43]
[42.22]
[40.7]
[29.17]
[11.6]
[7.7]
[7.77]
[5.18]
[5.21]
[5.24]
[5.27]
[5.28]
[5.29]
[5.31]
[5.33]
[5.34]
[5.35]
[5.36]
[5.37]
[5.38]
[5.39]