0.8742470079907589, 0.9016048368496756, -11.323090322842566, 215.86464109440865[13.900342]
[11.072068]
[9.728713]
[11.554315]
[10.669537]
[7.4444695]
[6.6395264]
[6.810616]
[6.740233]
[6.7177935]
[6.74506]
[6.5822864]
[6.7134953]
[8.723558]
[9.488585]
[9.366984]
[9.435004]
[9.213872]
[11.449523]
[13.1687765]
[11.167345]
[10.576047]
[10.2358]
[10.24014]
[10.082802]
[10.074623]
[10.084568]
[10.098654]
[9.922142]
[9.886683]
[9.728633]
[9.790019]
[10.052066]
[10.0305]
[9.872478]
[10.05326]
[10.00338]
[9.663361]
[13.952778]
[10.995538]
[10.0890045]
[10.796699]
[11.186349]
[10.951471]
[12.329881]
[12.7269745]
[12.529872]
[12.693973]
[12.264487]
[12.924742]
[13.261146]
[13.144709]
[12.598024]
[12.830531]
[12.570763]
[12.52923]
[12.527854]
[12.623479]
[12.482116]
[12.458993]
[12.466822]
[12.5423355]
[12.340624]
[12.463019]
[12.405968]
[12.153776]
[12.856635]
[13.264365]
[12.568471]
[12.977703]
[15.377121]
[10.680706]
[11.625108]
[12.387324]
[42.596355]
[20.21311]
[14.680591]
[14.590945]
[14.547784]
[14.462013]
[14.653341]
[14.947939]
[14.728398]
[14.875843]
[15.018596]
[14.609506]
[14.486724]
[14.6831255]
[15.052733]
[14.664156]
[14.701674]
[14.219386]
[15.2363405]
[15.139779]
[14.622214]
[14.921574]
[14.996262]
[14.793002]
[14.816591]
[13.967709]
[14.561043]
[14.988065]
[14.880362]
[15.384488]
[15.563991]
[15.790553]
[20.550945]
[22.27887]
[22.554657]
[34.465153]
[57.211365]
[42.982315]
[74.32971]
[82.62963]
[84.747765]
[98.50394]
[136.01288]
[98.26489]
[77.03556]
[66.99501]
[69.8191]
[67.57752]
[63.007618]
[59.00966]
[59.95128]
[56.402916]
[48.57626]
[55.54931]
[57.939674]
[56.336823]
[56.07792]
[59.274086]
[38.35036]
[31.06955]
[49.604538]
[56.486332]
[51.573803]
[55.879997]
[51.547756]
[27.542728]
[26.577621]
[51.226704]
[56.46308]
[81.63291]
[108.03176]
[138.45543]
[151.9634]
[176.46837]
[208.16205]
[168.29167]
[151.36563]
[146.31764]
[132.9685]
[110.99586]
[95.24496]
[119.06707]
[125.7642]
[127.1288]
[128.44789]
[135.41588]
[114.303635]
[103.41819]
[98.29251]
[98.860985]
[95.92436]
[96.135056]
[100.62124]
[79.60561]
[71.01969]
[80.08901]
[78.61101]
[77.153366]
[74.50337]
[76.37382]
[69.40816]
[66.58531]
[62.627934]
[64.84497]
[50.701736]
[62.746952]
[63.189217]
[56.340206]
[53.48421]
[65.30001]
[60.064617]
[54.339046]
[50.84455]
[51.54796]
[46.561165]
[48.56865]
[52.831745]
[68.726944]
[73.10224]
[67.921196]
[72.718376]
[66.55139]
[64.8996]
[99.891495]
[100.156044]
[98.15273]
[93.84009]
[89.923325]
[90.7401]
[87.55561]
[91.29821]
[99.3746]
[97.52218]
[103.85662]
[104.85907]
[78.90498]
[75.1285]
[81.04672]
[64.92079]
[78.92307]
[59.28218]
[72.269264]
[44.43929]
[30.623564]
[53.28225]
[43.40578]
[40.655895]
[32.579777]
[35.79356]
[27.686796]
[21.666891]
[25.120638]
[32.871426]
[44.14216]
[45.591072]
[48.117912]
[35.267723]
[24.1414]
[48.927128]
[56.66695]
[48.266716]
[43.939842]
[29.545475]
[24.402388]
[25.689373]
[30.249561]
[37.72168]
[47.876366]
[45.001976]
[50.552532]
[26.539341]
[18.978622]
[46.023125]
[48.704395]
[46.078693]
[46.76565]
[45.41676]
[25.202255]
[20.750927]
[33.65204]
[38.41062]
[30.344383]
[37.61489]
[38.99928]
[22.084658]
[15.422546]
[28.573023]
[34.336266]
[33.137333]
[30.923489]
[28.727882]
[23.504631]
[18.291016]
[22.711948]
[26.798676]
[20.987507]
[20.946224]
[44.00837]
[27.879335]
[19.170979]
[29.439163]
[34.59782]
[32.81797]
[30.915638]
[29.522121]
[16.55274]
[11.470618]
[23.359703]
[25.798199]
[27.989628]
[29.467848]
[27.46742]
[15.418226]
[10.217124]
[9.501757]
[8.288346]
[7.950614]
[7.9713464]
[8.497385]
[8.417003]
[7.964042]
[7.789629]
[7.6625533]
[7.757264]
[7.632603]
[7.51682]
[7.322455]
[7.2650695]
[7.271304]
[7.175606]
[7.162247]
[7.0060797]
[6.9507284]
[6.9507284]
[6.9507284]
[6.9507284]
[6.856783]
[8.754611]
[13.928712]
[14.42948]
[16.253027]
[11.746126]
[11.976521]
[13.027208]
[17.86967]
[16.824015]
[14.503501]
[11.241619]
[7.8686333]
[10.439929]
[11.205948]
[9.997983]
[10.151527]
[10.652936]
[12.268378]
[12.784963]
[11.406006]
[12.283253]
[20.450441]
[15.197521]
[13.157592]
[9.53803]
[12.541165]
[13.4642935]
[13.0070095]
[7.9991407]
[6.773503]
[6.818479]
[7.5532517]
[10.476831]
[10.946403]
[10.922247]
[8.425746]
[6.9036264]
[6.7416925]
[6.7752047]
[6.807341]
[6.646073]
[8.010383]
[7.076961]
[6.6409416]
[6.817419]
[6.686276]
[6.768411]
[6.3692136]
[7.3263474]
[7.3394804]
[7.059887]
[7.144767]
[6.8726487]
[6.8412356]
[6.852605]
[6.9396396]
[6.9675775]
[7.0107746]
[6.800904]
[7.212094]
[6.74364]
[6.8571777]
[6.8564363]
[6.8498597]
[6.923244]
[8.764525]
[9.416407]
[13.915431]
[10.941379]
[9.4284115]
[10.848441]
[10.485764]
[9.745857]
[12.664739]
[12.384355]
[10.417841]
[12.00467]
[12.597818]
[10.558514]
[10.053666]
[12.423307]
[13.652563]
[13.414025]
[13.560221]
[18.843836]
[13.695621]
[10.463142]
[14.256052]
[18.642403]
[23.989067]
[17.654581]
[13.721334]
[12.689209]
[11.246747]
[11.185561]
[12.082051]
[12.286235]
[13.262878]
[13.470788]
[12.535457]
[12.461234]
[13.5542555]
[12.990901]
[12.843606]
[13.818848]
[14.003376]
[12.738902]
[12.015134]
[13.12064]
[13.589471]
[13.523026]
[13.645653]
[13.034103]
[12.306604]
[12.1580715]
[12.734591]
[14.147583]
[13.8763685]
[12.4598]
[13.496818]
[13.750148]
[13.062853]
[13.557684]
[13.684752]
[12.832359]
[14.793285]
[14.499491]
[14.427965]
[14.426871]
[14.362095]
[14.362159]
[14.297508]
[14.535368]
[14.501022]
[16.88519]
[21.20229]
[19.82136]
[16.040325]
[14.771074]
[15.086759]
[15.09611]
[15.4100065]
[15.118365]
[14.957873]
[14.959731]
[14.9699545]
[15.072641]
[15.063727]
[15.059677]
[14.824314]
[14.692446]
[14.527278]
[14.584866]
[14.676172]
[14.928701]
[14.911581]
[14.848695]
[14.654214]
[14.622173]
[14.606873]
[14.709577]
[14.661322]
[14.486569]
[14.3734255]
[14.346216]
[14.441009]
[14.322828]
[14.328546]
[14.354557]
[14.333316]
[14.251282]
[14.075713]
[14.095387]
[13.8413315]
[13.927491]
[14.068401]
[14.096344]
[13.874369]
[13.712778]
[13.601028]
[13.507595]
[13.405797]
[13.523115]
[13.607219]
[13.707743]
[13.797363]
[13.7777405]
[14.12436]
[13.935854]
[15.997437]
[16.906857]
[30.66069]
[6.15755]
[15.482677]
[12.603825]
[14.320734]
[14.390667]
[14.899873]
[15.294797]
[15.226412]
[15.235738]
[15.214471]
[15.367112]
[15.180726]
[15.029057]
[15.112866]
[15.181077]
[15.747567]
[15.196229]
[15.002562]
[14.919562]
[15.000521]
[14.409442]
[14.733991]
[13.289011]
[12.77017]
[12.364796]
[12.433561]
[12.877155]
[13.81202]
[13.275955]
[12.87311]
[12.65026]
[12.593219]
[12.459116]
[12.289483]
[12.539853]
[12.40027]
[12.37546]
[12.232067]
[12.20025]
[12.116663]
[12.043286]
[11.934814]
[11.946276]
[12.16654]
[13.059445]
[13.777668]
[14.11397]
[13.860234]
[13.230051]
[13.1820965]
[12.863437]
[12.83821]
[12.849015]
[12.02098]
[11.724417]
[11.0158825]
[10.817162]
[10.978002]
[10.795731]
[10.9536295]
[10.723688]
[10.903601]
[10.675581]
[10.65816]
[10.839741]
[10.516649]
[10.819812]
[10.550152]
[10.7384205]
[10.636717]
[10.718075]
[10.600553]
[10.653111]
[10.517715]
[10.586771]
[10.452207]
[10.452187]
[10.461593]
[10.564084]
[10.439449]
[10.333058]
[10.544103]
[10.2616415]
[10.138015]
[9.958598]
[9.943726]
[9.656855]
[9.410236]
[9.6299515]
[9.745259]
[9.722426]
[9.679866]
[9.277734]
[9.286439]
[9.498381]
[11.030098]
[10.736786]
[10.524081]
[10.267306]
[10.055824]
[9.965462]
[9.894088]
[9.696051]
[9.972039]
[9.728914]
[9.701613]
[9.855331]
[9.522672]
[9.32241]
[9.763291]
[10.089765]
[9.623975]
[10.143091]
[10.048706]
[9.591579]
[9.29548]
[9.184659]
[9.187351]
[8.967845]
[9.0952425]
[9.198938]
[9.148226]
[8.933726]
[9.127656]
[9.013571]
[9.002729]
[9.008522]
[9.090062]
[8.887092]
[9.067652]
[8.965712]
[9.043793]
[8.927815]
[8.817943]
[9.129702]
[8.920864]
[8.821135]
[8.942503]
[9.0409775]
[8.839965]
[8.954708]
[8.779071]
[8.999748]
[9.023082]
[7.887505]
[7.6341]
[7.521588]
[6.982415]
[7.032731]
[6.8287706]
[7.0159087]
[6.919215]
[6.82092]
[7.0150113]
[6.910111]
[6.8978357]
[6.8711925]
[6.8668203]
[6.855832]
[6.731591]
[6.737781]
[6.826984]
[6.6191716]
[6.732269]
[6.822176]
[6.703796]
[6.6967506]
[6.6829686]
[6.684203]
[6.6761866]
[6.6627975]
[6.650349]
[6.649091]
[6.639629]
[6.530226]
[6.634676]
[6.822494]
[6.881867]
[9.952221]
[7.483174]
[8.138106]
[8.392733]
[6.9570146]
[6.6146793]
[6.5664697]
[6.5051208]
[6.755776]
[6.4918246]
[6.7234845]
[6.47578]
[6.697908]
[6.4501114]
[8.406493]
[7.1711054]
[6.634439]
[6.614648]
[6.595961]
[6.5773063]
[6.5586114]
[6.3106823]
[6.519253]
[6.275205]
[8.4393835]
[6.7844925]
[6.2829094]
[6.455671]
[6.2439694]
[6.2552953]
[6.41268]
[6.215804]
[6.386894]
[6.3377156]
[6.195145]
[6.3501263]
[6.18364]
[6.189534]
[6.17206]
[6.2874985]
[6.135255]
[6.2719617]
[6.111931]
[6.165881]
[6.1613216]
[6.218988]
[6.0427237]
[6.1335063]
[6.191747]
[6.05072]
[6.1158247]
[6.146852]
[6.0268803]
[6.1652365]
[6.0595083]
[5.987509]
[8.9644985]
[9.260322]
[9.595878]
[9.245696]
[9.558955]
[9.663101]
[9.612613]
[9.562656]
[10.187931]
[9.7437935]
[10.198673]
[9.754047]
[10.209764]
[9.76487]
[10.223149]
[10.394154]
[9.756387]
[9.635049]
[9.633588]
[9.637943]
[9.65428]
[9.669912]
[9.626225]
[10.000318]
[9.741708]
[10.232086]
[10.085199]
[9.725434]
[10.492135]
[10.660626]
[10.619272]
[12.354343]
[12.791566]
[12.705183]
[13.210058]
[12.70291]
[13.031072]
[13.649534]
[13.698912]
[16.325533]
[17.21024]
[15.367074]
[13.01739]
[12.849419]
[12.9044695]
[13.313082]
[15.812488]
[12.917739]
[12.907258]
[12.764346]
[12.96974]
[12.111056]
[11.980436]
[12.037536]
[12.359691]
[12.421592]
[12.465425]
[12.364764]
[12.191244]
[12.191014]
[12.087321]
[13.097339]
[13.476787]
[13.632013]
[13.640961]
[12.953138]
[12.816369]
[12.238921]
[12.168305]
[12.311183]
[14.073159]
[15.848227]
[17.86137]
[15.789846]
[15.412187]
[12.142129]
[15.062706]
[16.249746]
[15.96252]
[15.622518]
[15.4259]
[15.17273]
[14.96144]
[14.862286]
[14.71787]
[14.492816]
[14.9302025]
[14.353723]
[14.209202]
[14.6166725]
[14.85873]
[14.966283]
[14.28027]
[13.200055]
[13.07896]
[12.744554]
[11.817689]
[15.052045]
[16.502506]
[16.818413]
[16.682749]
[15.822581]
[15.481999]
[16.475368]
[16.301426]
[16.477549]
[16.94787]
[16.909922]
[16.92484]
[16.772635]
[17.001738]
[17.09062]
[16.93514]
[16.818357]
[17.099993]
[16.799702]
[16.350388]
[16.741137]
[16.904476]
[16.69411]
[16.6122]
[16.620047]
[16.23147]
[16.56308]
[16.730135]
[17.049587]
[17.468824]
[17.135021]
[16.87608]
[16.807384]
[16.643301]
[16.997337]
[17.074194]
[17.163164]
[21.618937]
[23.781906]
[20.732752]
[28.842636]
[28.290377]
[25.350435]
[24.497011]
[22.176077]
[8.215897]
[15.502168]
[18.932442]
[18.713215]
[21.892412]
[42.106285]
[48.15159]
[52.866795]
[57.692787]
[50.196747]
[42.744892]
[61.812595]
[70.78162]
[69.219345]
[69.87466]
[60.512005]
[77.610085]
[89.48587]
[101.10809]
[125.08365]
[118.099434]
[119.81813]
[109.75392]
[106.648285]
[102.95076]
[104.502106]
[99.99805]
[97.67613]
[95.25234]
[94.12735]
[79.062485]
[77.30892]
[93.42824]
[94.14976]
[94.66759]
[96.55584]
[90.090996]
[93.26343]
[112.88266]
[125.57267]
[140.46115]
[138.29517]
[133.27396]
[134.0234]
[136.07913]
[131.90395]
[107.18617]
[106.23264]
[101.383125]
[100.80333]
[99.068184]
[69.56081]
[58.97909]
[68.7747]
[64.270966]
[60.760883]
[49.12082]
[28.827816]
[23.847767]
[24.681196]
[37.34761]
[54.9836]
[49.44496]
[50.687485]
[42.79255]
[25.113579]
[19.329107]
[33.102196]
[24.20533]
[20.25768]
[19.36665]
[17.349684]
[16.314146]
[16.191858]
[18.24585]
[18.41639]
[17.248877]
[16.008207]
[16.779158]
[14.873412]
[14.367586]
[15.512619]
[15.605019]
[14.830347]
[15.024734]
[15.190015]
[15.391699]
[15.526179]
[17.76799]
[18.507666]
[15.09329]
[14.177772]
[14.797831]
[15.657376]
[15.788301]
[14.913572]
[14.856108]
[14.7932205]
[14.135266]
[14.38054]
[13.099695]
[11.770731]
[12.663178]
[13.837289]
[16.466019]
[16.897438]
[19.819372]
[16.130077]
[15.3957405]
[16.339558]
[14.513116]
[12.700231]
[13.791516]
[21.321247]
[13.873638]
[10.980569]
[12.340487]
[12.378656]
[16.41513]
[16.371447]
[14.812819]
[12.010012]
[12.398125]
[27.738626]
[35.746475]
[33.846138]
[33.57664]
[25.865751]
[14.738376]
[13.172632]
[12.444586]
[10.393118]
[9.267733]
[8.73855]
[8.360186]
[7.7735057]
[7.311734]
[7.7040787]
[7.8085823]
[7.681826]
[7.2655964]
[7.4230886]
[7.241664]
[7.044392][10.25]
[9.45]
[13.02]
[10.69]
[5.31]
[5.25]
[5.26]
[5.31]
[5.31]
[5.3]
[5.29]
[5.3]
[9.25]
[9.31]
[9.28]
[9.29]
[9.27]
[9.26]
[9.25]
[9.26]
[9.26]
[9.27]
[9.25]
[9.25]
[9.32]
[9.28]
[9.26]
[9.22]
[9.21]
[9.23]
[9.23]
[9.06]
[9.24]
[9.25]
[9.24]
[9.29]
[9.55]
[9.28]
[9.27]
[9.27]
[9.25]
[9.24]
[9.28]
[12.21]
[12.29]
[12.32]
[12.27]
[12.3]
[12.29]
[12.25]
[12.25]
[12.25]
[12.29]
[12.3]
[12.3]
[12.31]
[12.36]
[12.34]
[12.35]
[12.36]
[12.37]
[12.39]
[12.39]
[12.4]
[12.36]
[12.39]
[12.4]
[12.41]
[12.52]
[12.25]
[12.25]
[12.03]
[12.31]
[26.75]
[15.2]
[15.05]
[15.12]
[15.03]
[15.09]
[15.17]
[15.22]
[15.41]
[15.4]
[15.43]
[15.24]
[15.14]
[15.08]
[15.29]
[15.3]
[15.23]
[15.22]
[15.17]
[15.21]
[15.24]
[15.21]
[15.26]
[15.09]
[15.03]
[14.94]
[15.09]
[15.28]
[15.3]
[15.52]
[15.38]
[15.46]
[15.26]
[15.55]
[15.54]
[15.27]
[22.36]
[17.87]
[15.85]
[42.75]
[82.22]
[94.05]
[93.25]
[90.97]
[55.68]
[49.63]
[58.09]
[56.67]
[54.59]
[53.59]
[58.05]
[53.08]
[41.74]
[57.88]
[58.89]
[56.17]
[56.45]
[59.98]
[24.57]
[23.68]
[48.95]
[58.59]
[52.66]
[61.65]
[55.39]
[15.63]
[15.57]
[49.45]
[48.02]
[57.5]
[95.04]
[91.35]
[127.12]
[159.08]
[215.85]
[192.9]
[144.63]
[136.75]
[131.02]
[99.64]
[86.83]
[129.19]
[131.03]
[129.73]
[130.49]
[130.52]
[92.3]
[87.76]
[90.33]
[91.84]
[90.24]
[92.4]
[96.82]
[52.74]
[45.22]
[55.96]
[60.38]
[51.61]
[55.5]
[62.81]
[54.04]
[56.12]
[53.08]
[60.33]
[38.11]
[64.66]
[62.07]
[50.21]
[45.53]
[67.12]
[58.52]
[53.52]
[50.52]
[53.77]
[41.06]
[38.17]
[35.45]
[50.08]
[57.71]
[43.73]
[61.41]
[54.5]
[42.43]
[96.98]
[93.31]
[95.73]
[93.08]
[91.61]
[94.94]
[85.74]
[88.4]
[98.74]
[90.94]
[95.37]
[98.5]
[45.13]
[47.61]
[67.66]
[39.1]
[71.69]
[37.29]
[69.59]
[19.53]
[12.7]
[49.99]
[27.12]
[31.05]
[19.21]
[28.46]
[14.31]
[9.94]
[17.83]
[28.86]
[44.83]
[46.46]
[52.06]
[24.01]
[9.42]
[50.97]
[57.23]
[44.2]
[37.8]
[12.15]
[9.41]
[10.47]
[20.43]
[33.31]
[48.25]
[44.01]
[55.45]
[12.7]
[10.36]
[51.64]
[50.92]
[50.38]
[49.93]
[49.1]
[13.79]
[10.13]
[29.22]
[34.2]
[23.2]
[39.35]
[38.77]
[14.08]
[10.2]
[32.49]
[35.58]
[33.86]
[32.24]
[29.9]
[23.23]
[16.87]
[24.9]
[28.37]
[17.49]
[16.74]
[47.53]
[16.06]
[15.03]
[32.65]
[36.66]
[33.79]
[32.62]
[31.6]
[12.79]
[8.68]
[29.3]
[28.48]
[33.01]
[32.79]
[29.71]
[12.11]
[7.79]
[7.39]
[5.3]
[5.33]
[5.36]
[5.41]
[5.44]
[5.46]
[5.48]
[5.51]
[5.52]
[5.54]
[5.55]
[5.56]
[5.57]
[5.58]
[5.41]
[5.59]
[5.59]
[5.59]
[5.59]
[5.59]
[5.59]
[5.52]
[9.82]
[15.53]
[16.95]
[20.82]
[11.7]
[14.18]
[15.4]
[23.39]
[19.41]
[16.47]
[11.42]
[6.71]
[12.54]
[12.67]
[10.63]
[11.37]
[12.05]
[14.44]
[14.47]
[12.32]
[14.46]
[13.82]
[14.57]
[14.58]
[8.47]
[14.78]
[14.81]
[14.47]
[5.31]
[5.31]
[5.29]
[6.65]
[12.03]
[10.97]
[11.68]
[7.09]
[5.32]
[5.32]
[5.33]
[5.32]
[5.32]
[7.66]
[5.32]
[5.32]
[5.32]
[5.29]
[5.21]
[5.09]
[5.1]
[5.1]
[5.1]
[5.11]
[5.11]
[5.1]
[5.12]
[5.22]
[5.48]
[5.49]
[5.27]
[5.12]
[5.13]
[5.12]
[5.12]
[5.11]
[5.16]
[8.76]
[8.76]
[8.94]
[8.95]
[8.95]
[10.8]
[10.34]
[8.93]
[12.82]
[12.41]
[9.78]
[12.71]
[13.05]
[9.78]
[9.61]
[13.47]
[13.71]
[13.82]
[13.8]
[20.11]
[12.1]
[10.21]
[15.44]
[19.36]
[24.22]
[16.35]
[13.82]
[12.91]
[11.05]
[11.21]
[12.63]
[12.73]
[13.93]
[14.]
[12.75]
[12.72]
[14.06]
[13.64]
[13.18]
[14.13]
[14.47]
[12.97]
[12.08]
[13.53]
[13.92]
[14.]
[14.03]
[13.47]
[12.53]
[12.61]
[12.89]
[13.87]
[13.64]
[12.29]
[13.75]
[12.77]
[12.77]
[13.97]
[13.97]
[12.95]
[15.58]
[14.78]
[14.97]
[14.82]
[14.67]
[14.69]
[14.7]
[14.81]
[14.7]
[17.5]
[18.04]
[19.37]
[14.58]
[14.62]
[14.69]
[14.75]
[14.6]
[14.39]
[14.42]
[14.49]
[14.55]
[14.59]
[14.62]
[14.6]
[14.31]
[14.23]
[14.12]
[14.15]
[14.3]
[14.52]
[14.49]
[14.43]
[14.23]
[14.17]
[14.28]
[14.37]
[14.29]
[14.2]
[14.09]
[14.11]
[14.23]
[14.04]
[14.13]
[14.15]
[14.07]
[14.02]
[13.88]
[13.88]
[13.78]
[13.82]
[13.92]
[14.08]
[13.97]
[13.86]
[13.82]
[13.83]
[13.99]
[14.01]
[13.84]
[13.78]
[13.71]
[13.96]
[14.1]
[13.99]
[13.72]
[16.98]
[13.92]
[13.67]
[13.53]
[13.42]
[13.41]
[13.36]
[14.17]
[14.52]
[14.48]
[14.44]
[14.41]
[14.38]
[14.37]
[14.35]
[14.34]
[14.31]
[15.25]
[14.32]
[14.31]
[14.29]
[14.29]
[14.58]
[14.56]
[12.15]
[11.95]
[11.88]
[11.87]
[11.82]
[13.39]
[11.95]
[11.94]
[11.89]
[11.86]
[11.86]
[11.84]
[11.83]
[11.81]
[11.86]
[11.86]
[11.8]
[11.8]
[11.79]
[11.78]
[11.77]
[11.96]
[11.94]
[11.9]
[11.85]
[11.35]
[11.83]
[11.8]
[12.]
[12.06]
[12.03]
[9.66]
[9.6]
[9.59]
[9.63]
[9.74]
[9.73]
[9.68]
[9.68]
[9.7]
[9.68]
[9.68]
[9.67]
[9.67]
[9.73]
[9.77]
[9.75]
[9.77]
[9.77]
[9.77]
[9.74]
[9.74]
[9.73]
[9.72]
[9.75]
[9.75]
[9.79]
[9.77]
[9.77]
[9.78]
[9.77]
[9.09]
[9.09]
[8.91]
[8.69]
[8.69]
[8.66]
[8.69]
[8.7]
[8.7]
[8.66]
[8.67]
[8.77]
[8.78]
[8.78]
[8.77]
[8.78]
[8.77]
[8.74]
[8.74]
[8.77]
[8.77]
[8.77]
[8.76]
[8.77]
[8.76]
[8.77]
[8.77]
[8.76]
[8.76]
[8.77]
[8.71]
[8.26]
[8.23]
[8.06]
[8.02]
[8.01]
[8.04]
[8.06]
[8.04]
[8.05]
[8.06]
[8.05]
[8.05]
[8.07]
[8.07]
[8.06]
[8.04]
[8.08]
[8.07]
[8.07]
[8.03]
[8.1]
[8.09]
[8.1]
[8.11]
[8.1]
[8.11]
[8.12]
[8.11]
[8.11]
[8.13]
[6.13]
[6.11]
[5.91]
[5.29]
[5.35]
[5.29]
[5.31]
[5.3]
[5.3]
[5.3]
[5.31]
[5.3]
[5.27]
[5.29]
[5.29]
[5.29]
[5.3]
[5.3]
[5.34]
[5.31]
[5.31]
[5.32]
[5.32]
[5.31]
[5.33]
[5.32]
[5.32]
[5.31]
[5.33]
[5.32]
[5.34]
[5.34]
[5.89]
[5.74]
[5.51]
[5.5]
[7.49]
[7.16]
[5.55]
[5.56]
[5.48]
[5.43]
[5.41]
[5.42]
[5.48]
[5.44]
[5.44]
[5.44]
[7.99]
[5.37]
[5.4]
[5.41]
[5.38]
[5.38]
[5.39]
[5.38]
[5.38]
[5.43]
[5.4]
[5.41]
[5.42]
[5.41]
[5.41]
[5.41]
[5.41]
[5.42]
[5.44]
[5.44]
[5.45]
[5.47]
[5.47]
[5.4]
[5.42]
[5.44]
[5.46]
[5.47]
[5.46]
[5.46]
[5.47]
[5.47]
[5.42]
[5.48]
[5.49]
[5.48]
[5.46]
[5.46]
[5.5]
[5.51]
[5.48]
[5.46]
[9.04]
[9.13]
[9.13]
[9.16]
[9.17]
[9.17]
[9.19]
[9.21]
[9.24]
[9.24]
[9.22]
[9.2]
[9.27]
[9.28]
[9.28]
[9.29]
[9.32]
[9.33]
[9.33]
[9.34]
[9.36]
[9.37]
[9.38]
[9.41]
[9.41]
[9.41]
[9.41]
[9.42]
[9.83]
[9.49]
[9.52]
[12.18]
[12.29]
[12.29]
[12.33]
[12.37]
[12.42]
[12.45]
[12.39]
[15.27]
[16.55]
[14.11]
[12.06]
[12.15]
[12.22]
[12.2]
[14.89]
[12.24]
[12.29]
[12.3]
[12.82]
[12.19]
[12.16]
[12.29]
[12.32]
[12.3]
[12.41]
[12.47]
[12.46]
[12.66]
[12.65]
[14.68]
[15.59]
[15.66]
[15.62]
[15.61]
[15.62]
[15.55]
[15.55]
[15.53]
[15.48]
[15.58]
[15.63]
[15.67]
[15.73]
[15.76]
[15.69]
[15.74]
[15.74]
[15.7]
[15.75]
[15.81]
[15.74]
[15.69]
[15.67]
[15.67]
[15.69]
[15.71]
[15.78]
[15.82]
[15.85]
[15.84]
[15.82]
[15.81]
[15.68]
[15.65]
[15.45]
[15.76]
[15.72]
[15.72]
[15.72]
[15.86]
[15.62]
[15.55]
[15.84]
[15.47]
[15.85]
[15.91]
[15.89]
[15.6]
[15.96]
[15.99]
[15.84]
[15.77]
[15.99]
[15.57]
[15.56]
[15.78]
[15.69]
[15.67]
[15.63]
[15.75]
[15.5]
[15.92]
[15.96]
[15.99]
[16.2]
[15.99]
[15.99]
[15.96]
[15.93]
[15.94]
[15.96]
[15.89]
[15.75]
[15.57]
[14.85]
[16.98]
[17.18]
[17.15]
[16.64]
[16.94]
[16.89]
[16.85]
[16.85]
[16.82]
[22.09]
[48.14]
[54.09]
[52.25]
[50.82]
[26.21]
[24.32]
[46.38]
[54.6]
[55.32]
[58.59]
[42.22]
[59.61]
[52.27]
[91.07]
[134.99]
[99.13]
[93.08]
[89.49]
[90.15]
[90.7]
[92.91]
[90.54]
[92.41]
[91.17]
[89.85]
[54.37]
[55.31]
[91.98]
[89.63]
[92.51]
[92.65]
[53.92]
[58.15]
[118.86]
[121.02]
[128.01]
[129.11]
[130.04]
[130.07]
[129.96]
[130.52]
[93.73]
[94.19]
[93.43]
[94.32]
[94.03]
[49.04]
[42.92]
[63.69]
[56.03]
[54.7]
[38.34]
[11.79]
[11.72]
[12.96]
[33.11]
[57.23]
[47.44]
[52.93]
[38.46]
[13.38]
[10.84]
[32.12]
[12.86]
[13.04]
[11.96]
[9.06]
[9.09]
[9.87]
[13.99]
[13.87]
[12.77]
[11.54]
[13.62]
[10.08]
[9.89]
[11.66]
[11.41]
[10.97]
[12.27]
[12.58]
[13.52]
[14.11]
[18.19]
[19.12]
[13.6]
[13.55]
[13.48]
[13.43]
[13.64]
[13.07]
[13.76]
[13.75]
[12.85]
[13.71]
[11.22]
[9.92]
[11.7]
[12.05]
[15.5]
[15.5]
[20.41]
[11.86]
[11.21]
[12.16]
[10.03]
[8.58]
[11.93]
[24.96]
[9.81]
[9.12]
[11.89]
[11.97]
[19.72]
[18.14]
[16.04]
[11.71]
[13.74]
[39.18]
[46.43]
[42.22]
[40.7]
[29.17]
[11.6]
[7.7]
[7.77]
[5.18]
[5.21]
[5.24]
[5.27]
[5.28]
[5.29]
[5.31]
[5.33]
[5.34]
[5.35]
[5.36]
[5.37]
[5.38]
[5.39]