0.8920922290326592, 0.8999512500148837, -2.885345503077722, 199.9625688981492[11.611894]
[9.133651]
[7.621183]
[9.405151]
[8.7529955]
[5.4096527]
[4.466347]
[4.499904]
[4.5262036]
[4.5020604]
[4.4826727]
[4.4586935]
[4.4500284]
[6.6467423]
[7.4040236]
[7.423663]
[7.500577]
[8.484852]
[9.6115]
[10.238251]
[9.612607]
[8.421613]
[8.102732]
[7.9426875]
[7.891877]
[7.8897996]
[7.895959]
[7.8648763]
[7.7858987]
[7.7099495]
[7.693858]
[7.76813]
[7.821301]
[7.927054]
[7.8847017]
[7.8944044]
[7.917332]
[8.0304785]
[11.489881]
[9.383131]
[8.439623]
[8.876745]
[9.186375]
[9.017985]
[10.361521]
[10.749119]
[10.672155]
[10.672366]
[10.712409]
[11.040732]
[11.318761]
[11.1670685]
[10.847965]
[10.815486]
[10.748753]
[10.684746]
[10.705175]
[10.746013]
[10.69862]
[10.672424]
[10.703206]
[10.723849]
[10.688439]
[10.733703]
[10.816242]
[10.8609295]
[11.235239]
[11.510472]
[11.205819]
[11.275091]
[13.739467]
[9.254062]
[9.965199]
[10.895725]
[37.0895]
[20.226171]
[13.0441675]
[13.138991]
[13.100969]
[13.143005]
[13.307364]
[13.503304]
[13.484561]
[13.57232]
[13.73315]
[13.524307]
[13.499405]
[13.681914]
[14.000468]
[13.844382]
[13.874198]
[13.808978]
[14.292516]
[14.275808]
[14.033416]
[14.158012]
[14.252485]
[14.075101]
[14.013066]
[13.589563]
[13.906693]
[14.586665]
[14.363998]
[14.67337]
[15.041645]
[15.486159]
[19.562563]
[20.489798]
[21.443117]
[31.973774]
[53.130512]
[26.39963]
[62.877956]
[75.21261]
[78.438286]
[95.00087]
[128.61766]
[97.01428]
[75.32235]
[63.462765]
[64.45979]
[63.93426]
[59.31178]
[55.03539]
[55.529057]
[52.670517]
[44.26296]
[50.60226]
[54.116875]
[51.99119]
[52.123272]
[55.046207]
[35.655674]
[28.710228]
[42.940228]
[50.99209]
[47.74621]
[50.62597]
[47.30425]
[26.334894]
[22.257189]
[44.86926]
[51.76026]
[70.38977]
[95.32176]
[134.34164]
[146.71988]
[170.6725]
[211.05977]
[164.68404]
[151.56772]
[140.54846]
[128.70047]
[108.98524]
[91.04791]
[112.42032]
[121.32327]
[122.48069]
[123.51073]
[128.00267]
[105.21245]
[96.09384]
[95.4256]
[95.64125]
[91.66374]
[91.7263]
[94.95364]
[73.33443]
[63.00119]
[72.150215]
[73.38014]
[71.65708]
[68.33157]
[71.63751]
[65.5146]
[61.96104]
[58.3206]
[60.1011]
[47.454678]
[56.731262]
[58.937283]
[52.965122]
[49.412495]
[59.28449]
[55.52008]
[49.733753]
[46.212032]
[47.22771]
[43.545853]
[43.041206]
[45.375973]
[59.491848]
[66.971825]
[62.5581]
[66.4282]
[63.222797]
[56.08348]
[87.46173]
[95.68539]
[94.352905]
[88.92348]
[84.26404]
[84.67385]
[81.6878]
[85.553604]
[94.11296]
[92.51534]
[95.34342]
[98.378235]
[73.68719]
[66.45085]
[76.428925]
[63.11242]
[72.255646]
[57.364952]
[66.481094]
[41.835125]
[26.728611]
[47.50181]
[39.675255]
[36.151836]
[29.18735]
[31.363993]
[24.498066]
[18.51365]
[21.817862]
[28.418175]
[37.558907]
[39.70913]
[43.27978]
[32.720688]
[20.85508]
[42.2417]
[50.732838]
[44.1863]
[40.293377]
[26.238285]
[20.859753]
[21.11022]
[25.84656]
[32.57273]
[40.461407]
[39.636887]
[43.778603]
[24.31382]
[16.881111]
[38.137524]
[42.13481]
[41.38463]
[40.96005]
[39.581554]
[23.971287]
[17.531977]
[28.436949]
[33.35614]
[26.69958]
[32.10525]
[33.243046]
[19.953964]
[13.599656]
[24.51277]
[29.585842]
[28.335112]
[26.811209]
[24.902489]
[20.84942]
[16.557093]
[19.99692]
[23.495884]
[19.213097]
[19.380518]
[37.32502]
[24.538233]
[16.86474]
[25.21488]
[29.612457]
[28.093073]
[26.676826]
[25.212269]
[15.244369]
[9.729428]
[20.011494]
[22.250523]
[24.247793]
[25.090544]
[23.716478]
[13.940599]
[8.55507]
[7.6941414]
[6.5650234]
[6.067686]
[6.4234605]
[6.481403]
[6.4577446]
[6.265418]
[6.006448]
[6.0909123]
[5.967379]
[6.004302]
[5.8074923]
[5.7557077]
[5.681679]
[5.6902423]
[5.5880957]
[5.5331926]
[5.4991345]
[5.427017]
[5.427017]
[5.427017]
[5.427017]
[5.26225]
[7.0725346]
[12.187272]
[12.801853]
[14.367539]
[10.476296]
[10.228061]
[11.309264]
[15.58131]
[14.873012]
[12.738929]
[9.626219]
[6.348532]
[8.439646]
[9.562693]
[8.364269]
[8.385246]
[8.961827]
[10.408624]
[10.855308]
[9.66955]
[10.366087]
[17.596752]
[13.275858]
[11.069641]
[7.8175087]
[10.200534]
[11.439044]
[11.080177]
[6.081203]
[4.5125103]
[4.552485]
[5.2323074]
[8.361527]
[8.924319]
[8.95646]
[6.5188603]
[4.7791996]
[4.5223083]
[4.5555162]
[4.5411444]
[4.5173154]
[5.798698]
[4.9634833]
[4.507689]
[4.5452023]
[4.5485997]
[4.487634]
[4.506468]
[4.7966375]
[5.0137835]
[4.860432]
[4.746521]
[4.6443276]
[4.559796]
[4.572605]
[4.6210923]
[4.754118]
[4.783101]
[4.727053]
[4.6962028]
[4.633895]
[4.573046]
[4.618717]
[4.617133]
[4.633815]
[6.6342416]
[7.299343]
[11.844327]
[8.9650345]
[7.515755]
[8.682572]
[8.656701]
[7.7522573]
[10.577907]
[10.523974]
[8.687486]
[10.023266]
[10.837739]
[8.985066]
[8.375357]
[10.803184]
[11.84279]
[11.820108]
[11.784201]
[16.597778]
[12.225224]
[9.244989]
[12.435243]
[16.687925]
[20.902124]
[15.929201]
[12.562212]
[11.600164]
[10.282101]
[10.1585865]
[11.172819]
[11.442515]
[12.320457]
[12.63542]
[11.835853]
[11.702807]
[12.64275]
[12.396608]
[12.171232]
[12.964067]
[13.207772]
[12.2232]
[11.499071]
[12.41642]
[12.866694]
[12.872686]
[12.955373]
[12.510194]
[11.872774]
[11.539648]
[12.099485]
[13.390862]
[13.207491]
[11.666924]
[13.134533]
[13.112652]
[12.3837]
[13.022221]
[13.188719]
[12.402453]
[14.117392]
[13.903946]
[13.89296]
[13.868764]
[13.808797]
[13.772323]
[13.660192]
[13.866914]
[13.801514]
[15.738788]
[19.065632]
[18.566265]
[14.640951]
[13.708598]
[14.12615]
[14.249915]
[14.714232]
[14.413147]
[14.2498045]
[14.295175]
[14.316284]
[14.5559]
[14.577641]
[14.66083]
[14.438669]
[14.210975]
[14.04805]
[14.057987]
[14.042376]
[14.173186]
[14.089006]
[14.021552]
[13.8809805]
[13.808766]
[13.751891]
[13.832091]
[13.751869]
[13.559909]
[13.45298]
[13.416608]
[13.486806]
[13.370781]
[13.3631115]
[13.39069]
[13.3954525]
[13.384618]
[13.111746]
[13.139677]
[13.075994]
[12.91871]
[13.056622]
[13.190708]
[13.086123]
[12.981442]
[12.918214]
[13.0009]
[13.113255]
[13.299989]
[13.348588]
[13.398266]
[13.525527]
[13.598873]
[13.792047]
[13.880634]
[14.575207]
[25.596128]
[47.312675]
[32.79768]
[18.929853]
[10.519049]
[13.159899]
[14.403521]
[15.569504]
[15.814145]
[15.737524]
[15.797056]
[15.692041]
[15.597693]
[15.26652]
[15.184166]
[15.243791]
[15.094304]
[15.496715]
[14.950647]
[14.717858]
[14.599905]
[14.56814]
[13.937125]
[14.529703]
[13.34375]
[12.767996]
[12.638459]
[12.979116]
[13.315363]
[14.269022]
[13.599194]
[12.952021]
[12.643302]
[12.470022]
[12.241064]
[12.258534]
[12.41499]
[12.158299]
[12.008539]
[11.830077]
[11.751462]
[11.58374]
[11.559502]
[11.461506]
[11.459055]
[12.030351]
[13.076079]
[13.868182]
[14.083615]
[13.754784]
[12.9976635]
[12.685756]
[12.322703]
[12.144752]
[12.248335]
[11.328707]
[10.825454]
[10.216165]
[9.986465]
[10.035398]
[9.907972]
[9.883816]
[9.740945]
[9.743428]
[9.609193]
[9.544291]
[9.576199]
[9.4169855]
[9.477526]
[9.412109]
[9.417975]
[9.4070015]
[9.393003]
[9.334466]
[9.289797]
[9.218614]
[9.193577]
[9.12496]
[9.105897]
[9.116126]
[9.1563]
[9.099978]
[9.043027]
[9.114677]
[9.059562]
[8.72246]
[8.643111]
[8.523586]
[8.292394]
[8.148108]
[8.218769]
[8.341467]
[8.322773]
[8.252516]
[8.058598]
[8.108121]
[8.4879055]
[9.203496]
[9.472961]
[9.081812]
[8.818246]
[8.599363]
[8.460858]
[8.363369]
[8.260696]
[8.298618]
[8.226368]
[8.152056]
[8.171002]
[8.038258]
[7.994542]
[8.235407]
[8.479592]
[8.349228]
[8.472197]
[8.478499]
[8.002581]
[7.732832]
[7.569664]
[7.510831]
[7.425313]
[7.45484]
[7.5312643]
[7.4934263]
[7.384446]
[7.411055]
[7.41861]
[7.378457]
[7.3938203]
[7.4140277]
[7.357136]
[7.36996]
[7.395928]
[7.3722167]
[7.3447056]
[7.2714877]
[7.390901]
[7.36043]
[7.2813134]
[7.345187]
[7.4279113]
[7.374616]
[7.399006]
[7.414595]
[7.50737]
[7.620891]
[6.4160547]
[6.0266056]
[5.904161]
[5.3909593]
[5.291145]
[5.230514]
[5.2560434]
[5.2713966]
[5.1986303]
[5.26651]
[5.290738]
[5.246209]
[5.234172]
[5.244142]
[5.289103]
[5.2636743]
[5.197612]
[5.30857]
[5.266397]
[5.199404]
[5.318316]
[5.3418655]
[5.306694]
[5.311254]
[5.331251]
[5.3400135]
[5.3461123]
[5.3513327]
[5.3683243]
[5.420107]
[5.3644586]
[5.409718]
[5.748458]
[5.7615113]
[9.039999]
[6.6419086]
[7.1434884]
[7.6737623]
[6.122296]
[5.669852]
[5.670261]
[5.6344]
[5.9497724]
[5.7219777]
[5.938859]
[5.7540627]
[5.9597335]
[5.7774134]
[7.801102]
[6.6400375]
[6.0442653]
[6.036691]
[6.029961]
[6.0232315]
[6.0164294]
[5.762614]
[5.9477234]
[5.723667]
[7.8145604]
[6.350954]
[5.7370234]
[5.9466434]
[5.7857294]
[5.7389016]
[5.933956]
[5.787865]
[5.9149046]
[5.9472394]
[5.7882724]
[5.9072466]
[5.8081856]
[5.750187]
[5.7613406]
[5.8974314]
[5.797324]
[5.88427]
[5.7934337]
[5.7846565]
[5.806397]
[5.883843]
[5.75996]
[5.790928]
[5.8829713]
[5.795965]
[5.796835]
[5.8672924]
[5.79913]
[5.8845654]
[5.869256]
[5.779084]
[8.762202]
[9.14093]
[9.460036]
[9.159587]
[9.446666]
[9.578868]
[9.53764]
[9.507322]
[10.066036]
[9.641676]
[10.02386]
[9.599037]
[9.981195]
[9.556029]
[9.939512]
[10.087357]
[9.474178]
[9.43873]
[9.517658]
[9.5829]
[9.65898]
[9.75886]
[9.75333]
[10.148776]
[9.903348]
[10.304091]
[10.105501]
[9.794102]
[10.39098]
[10.451808]
[10.385934]
[11.83637]
[12.141522]
[12.051249]
[12.460382]
[11.997774]
[12.276862]
[12.8079405]
[12.833104]
[15.633662]
[17.56113]
[15.877605]
[12.478575]
[12.132532]
[12.166565]
[12.556725]
[15.869712]
[13.28108]
[12.364377]
[12.273759]
[12.65478]
[11.792439]
[11.578397]
[11.66754]
[11.909268]
[12.019264]
[12.38055]
[12.534089]
[12.381541]
[12.591683]
[12.65162]
[13.872191]
[13.969126]
[13.955836]
[13.940975]
[13.436888]
[13.36232]
[12.92026]
[12.763193]
[13.342135]
[11.458897]
[21.421179]
[13.924456]
[16.882862]
[15.73416]
[12.074044]
[15.369748]
[16.05823]
[15.939169]
[15.900275]
[15.931042]
[15.984355]
[15.889458]
[15.853379]
[15.828283]
[15.571042]
[15.150524]
[15.076917]
[14.476254]
[14.785049]
[15.193939]
[14.9896755]
[15.182628]
[14.638986]
[13.695889]
[14.21654]
[12.057134]
[15.625545]
[17.052431]
[17.04145]
[16.625355]
[15.62173]
[14.648703]
[16.376078]
[15.301548]
[15.685008]
[17.188902]
[17.327057]
[17.52942]
[17.054565]
[17.296566]
[17.265167]
[17.094685]
[16.987278]
[17.17139]
[17.118315]
[17.284975]
[17.000988]
[17.493752]
[17.292913]
[17.019775]
[16.883507]
[16.589457]
[17.004908]
[17.15874]
[17.531546]
[18.203667]
[17.525616]
[17.233234]
[17.115307]
[17.133713]
[17.464924]
[17.43532]
[17.836136]
[21.194843]
[19.514214]
[17.91212]
[26.337484]
[22.986185]
[22.86506]
[24.627106]
[22.239788]
[7.5917234]
[14.418135]
[18.079752]
[17.61101]
[20.674864]
[37.864178]
[45.439224]
[51.686283]
[55.898422]
[46.677063]
[35.878094]
[56.192123]
[65.46753]
[66.55005]
[68.87633]
[58.498684]
[68.9258]
[84.00866]
[93.48355]
[116.98474]
[113.36632]
[109.01601]
[102.1225]
[101.067444]
[98.77764]
[99.85749]
[95.30671]
[94.08799]
[91.593956]
[89.56013]
[71.5096]
[69.05231]
[88.337776]
[91.14688]
[90.24556]
[91.0357]
[80.360115]
[82.98114]
[107.9483]
[119.98312]
[130.8485]
[130.4206]
[128.17795]
[129.22278]
[129.9719]
[127.45211]
[105.205414]
[98.4841]
[95.954796]
[96.87164]
[94.84442]
[68.09614]
[55.41351]
[64.12785]
[61.19895]
[57.130898]
[46.244442]
[26.99301]
[21.295624]
[21.695518]
[32.939087]
[48.164024]
[45.13639]
[45.90393]
[38.933796]
[22.667706]
[16.842623]
[28.709229]
[21.593073]
[17.382061]
[16.88124]
[14.650994]
[13.832609]
[13.761413]
[15.787723]
[16.071157]
[15.081391]
[14.038385]
[14.579564]
[13.187862]
[12.445644]
[13.564683]
[13.551704]
[12.914019]
[13.247091]
[13.36394]
[13.556872]
[13.893125]
[15.634559]
[16.570713]
[13.642566]
[12.788916]
[13.447015]
[13.81594]
[13.835938]
[13.267279]
[13.208507]
[13.227976]
[12.574948]
[12.919652]
[11.612463]
[10.481882]
[11.349979]
[12.450141]
[14.402705]
[15.087429]
[17.677977]
[14.687548]
[13.686005]
[13.925773]
[12.723657]
[11.017403]
[12.015149]
[18.64392]
[12.793552]
[9.758061]
[10.776319]
[11.160427]
[14.491382]
[14.930994]
[13.377224]
[11.007899]
[11.00952]
[23.381165]
[29.903687]
[29.307898]
[28.010895]
[22.385677]
[14.982387]
[10.220092]
[10.605904]
[8.321434]
[7.543765]
[7.10239]
[6.8092613]
[6.1751547]
[6.313951]
[6.188936]
[6.5629916]
[6.0782757]
[6.2380867]
[6.018069]
[5.9621415]
[5.971602][10.25]
[9.45]
[13.02]
[10.69]
[5.31]
[5.25]
[5.26]
[5.31]
[5.31]
[5.3]
[5.29]
[5.3]
[9.25]
[9.31]
[9.28]
[9.29]
[9.27]
[9.26]
[9.25]
[9.26]
[9.26]
[9.27]
[9.25]
[9.25]
[9.32]
[9.28]
[9.26]
[9.22]
[9.21]
[9.23]
[9.23]
[9.06]
[9.24]
[9.25]
[9.24]
[9.29]
[9.55]
[9.28]
[9.27]
[9.27]
[9.25]
[9.24]
[9.28]
[12.21]
[12.29]
[12.32]
[12.27]
[12.3]
[12.29]
[12.25]
[12.25]
[12.25]
[12.29]
[12.3]
[12.3]
[12.31]
[12.36]
[12.34]
[12.35]
[12.36]
[12.37]
[12.39]
[12.39]
[12.4]
[12.36]
[12.39]
[12.4]
[12.41]
[12.52]
[12.25]
[12.25]
[12.03]
[12.31]
[26.75]
[15.2]
[15.05]
[15.12]
[15.03]
[15.09]
[15.17]
[15.22]
[15.41]
[15.4]
[15.43]
[15.24]
[15.14]
[15.08]
[15.29]
[15.3]
[15.23]
[15.22]
[15.17]
[15.21]
[15.24]
[15.21]
[15.26]
[15.09]
[15.03]
[14.94]
[15.09]
[15.28]
[15.3]
[15.52]
[15.38]
[15.46]
[15.26]
[15.55]
[15.54]
[15.27]
[22.36]
[17.87]
[15.85]
[42.75]
[82.22]
[94.05]
[93.25]
[90.97]
[55.68]
[49.63]
[58.09]
[56.67]
[54.59]
[53.59]
[58.05]
[53.08]
[41.74]
[57.88]
[58.89]
[56.17]
[56.45]
[59.98]
[24.57]
[23.68]
[48.95]
[58.59]
[52.66]
[61.65]
[55.39]
[15.63]
[15.57]
[49.45]
[48.02]
[57.5]
[95.04]
[91.35]
[127.12]
[159.08]
[215.85]
[192.9]
[144.63]
[136.75]
[131.02]
[99.64]
[86.83]
[129.19]
[131.03]
[129.73]
[130.49]
[130.52]
[92.3]
[87.76]
[90.33]
[91.84]
[90.24]
[92.4]
[96.82]
[52.74]
[45.22]
[55.96]
[60.38]
[51.61]
[55.5]
[62.81]
[54.04]
[56.12]
[53.08]
[60.33]
[38.11]
[64.66]
[62.07]
[50.21]
[45.53]
[67.12]
[58.52]
[53.52]
[50.52]
[53.77]
[41.06]
[38.17]
[35.45]
[50.08]
[57.71]
[43.73]
[61.41]
[54.5]
[42.43]
[96.98]
[93.31]
[95.73]
[93.08]
[91.61]
[94.94]
[85.74]
[88.4]
[98.74]
[90.94]
[95.37]
[98.5]
[45.13]
[47.61]
[67.66]
[39.1]
[71.69]
[37.29]
[69.59]
[19.53]
[12.7]
[49.99]
[27.12]
[31.05]
[19.21]
[28.46]
[14.31]
[9.94]
[17.83]
[28.86]
[44.83]
[46.46]
[52.06]
[24.01]
[9.42]
[50.97]
[57.23]
[44.2]
[37.8]
[12.15]
[9.41]
[10.47]
[20.43]
[33.31]
[48.25]
[44.01]
[55.45]
[12.7]
[10.36]
[51.64]
[50.92]
[50.38]
[49.93]
[49.1]
[13.79]
[10.13]
[29.22]
[34.2]
[23.2]
[39.35]
[38.77]
[14.08]
[10.2]
[32.49]
[35.58]
[33.86]
[32.24]
[29.9]
[23.23]
[16.87]
[24.9]
[28.37]
[17.49]
[16.74]
[47.53]
[16.06]
[15.03]
[32.65]
[36.66]
[33.79]
[32.62]
[31.6]
[12.79]
[8.68]
[29.3]
[28.48]
[33.01]
[32.79]
[29.71]
[12.11]
[7.79]
[7.39]
[5.3]
[5.33]
[5.36]
[5.41]
[5.44]
[5.46]
[5.48]
[5.51]
[5.52]
[5.54]
[5.55]
[5.56]
[5.57]
[5.58]
[5.41]
[5.59]
[5.59]
[5.59]
[5.59]
[5.59]
[5.59]
[5.52]
[9.82]
[15.53]
[16.95]
[20.82]
[11.7]
[14.18]
[15.4]
[23.39]
[19.41]
[16.47]
[11.42]
[6.71]
[12.54]
[12.67]
[10.63]
[11.37]
[12.05]
[14.44]
[14.47]
[12.32]
[14.46]
[13.82]
[14.57]
[14.58]
[8.47]
[14.78]
[14.81]
[14.47]
[5.31]
[5.31]
[5.29]
[6.65]
[12.03]
[10.97]
[11.68]
[7.09]
[5.32]
[5.32]
[5.33]
[5.32]
[5.32]
[7.66]
[5.32]
[5.32]
[5.32]
[5.29]
[5.21]
[5.09]
[5.1]
[5.1]
[5.1]
[5.11]
[5.11]
[5.1]
[5.12]
[5.22]
[5.48]
[5.49]
[5.27]
[5.12]
[5.13]
[5.12]
[5.12]
[5.11]
[5.16]
[8.76]
[8.76]
[8.94]
[8.95]
[8.95]
[10.8]
[10.34]
[8.93]
[12.82]
[12.41]
[9.78]
[12.71]
[13.05]
[9.78]
[9.61]
[13.47]
[13.71]
[13.82]
[13.8]
[20.11]
[12.1]
[10.21]
[15.44]
[19.36]
[24.22]
[16.35]
[13.82]
[12.91]
[11.05]
[11.21]
[12.63]
[12.73]
[13.93]
[14.]
[12.75]
[12.72]
[14.06]
[13.64]
[13.18]
[14.13]
[14.47]
[12.97]
[12.08]
[13.53]
[13.92]
[14.]
[14.03]
[13.47]
[12.53]
[12.61]
[12.89]
[13.87]
[13.64]
[12.29]
[13.75]
[12.77]
[12.77]
[13.97]
[13.97]
[12.95]
[15.58]
[14.78]
[14.97]
[14.82]
[14.67]
[14.69]
[14.7]
[14.81]
[14.7]
[17.5]
[18.04]
[19.37]
[14.58]
[14.62]
[14.69]
[14.75]
[14.6]
[14.39]
[14.42]
[14.49]
[14.55]
[14.59]
[14.62]
[14.6]
[14.31]
[14.23]
[14.12]
[14.15]
[14.3]
[14.52]
[14.49]
[14.43]
[14.23]
[14.17]
[14.28]
[14.37]
[14.29]
[14.2]
[14.09]
[14.11]
[14.23]
[14.04]
[14.13]
[14.15]
[14.07]
[14.02]
[13.88]
[13.88]
[13.78]
[13.82]
[13.92]
[14.08]
[13.97]
[13.86]
[13.82]
[13.83]
[13.99]
[14.01]
[13.84]
[13.78]
[13.71]
[13.96]
[14.1]
[13.99]
[13.72]
[16.98]
[13.92]
[13.67]
[13.53]
[13.42]
[13.41]
[13.36]
[14.17]
[14.52]
[14.48]
[14.44]
[14.41]
[14.38]
[14.37]
[14.35]
[14.34]
[14.31]
[15.25]
[14.32]
[14.31]
[14.29]
[14.29]
[14.58]
[14.56]
[12.15]
[11.95]
[11.88]
[11.87]
[11.82]
[13.39]
[11.95]
[11.94]
[11.89]
[11.86]
[11.86]
[11.84]
[11.83]
[11.81]
[11.86]
[11.86]
[11.8]
[11.8]
[11.79]
[11.78]
[11.77]
[11.96]
[11.94]
[11.9]
[11.85]
[11.35]
[11.83]
[11.8]
[12.]
[12.06]
[12.03]
[9.66]
[9.6]
[9.59]
[9.63]
[9.74]
[9.73]
[9.68]
[9.68]
[9.7]
[9.68]
[9.68]
[9.67]
[9.67]
[9.73]
[9.77]
[9.75]
[9.77]
[9.77]
[9.77]
[9.74]
[9.74]
[9.73]
[9.72]
[9.75]
[9.75]
[9.79]
[9.77]
[9.77]
[9.78]
[9.77]
[9.09]
[9.09]
[8.91]
[8.69]
[8.69]
[8.66]
[8.69]
[8.7]
[8.7]
[8.66]
[8.67]
[8.77]
[8.78]
[8.78]
[8.77]
[8.78]
[8.77]
[8.74]
[8.74]
[8.77]
[8.77]
[8.77]
[8.76]
[8.77]
[8.76]
[8.77]
[8.77]
[8.76]
[8.76]
[8.77]
[8.71]
[8.26]
[8.23]
[8.06]
[8.02]
[8.01]
[8.04]
[8.06]
[8.04]
[8.05]
[8.06]
[8.05]
[8.05]
[8.07]
[8.07]
[8.06]
[8.04]
[8.08]
[8.07]
[8.07]
[8.03]
[8.1]
[8.09]
[8.1]
[8.11]
[8.1]
[8.11]
[8.12]
[8.11]
[8.11]
[8.13]
[6.13]
[6.11]
[5.91]
[5.29]
[5.35]
[5.29]
[5.31]
[5.3]
[5.3]
[5.3]
[5.31]
[5.3]
[5.27]
[5.29]
[5.29]
[5.29]
[5.3]
[5.3]
[5.34]
[5.31]
[5.31]
[5.32]
[5.32]
[5.31]
[5.33]
[5.32]
[5.32]
[5.31]
[5.33]
[5.32]
[5.34]
[5.34]
[5.89]
[5.74]
[5.51]
[5.5]
[7.49]
[7.16]
[5.55]
[5.56]
[5.48]
[5.43]
[5.41]
[5.42]
[5.48]
[5.44]
[5.44]
[5.44]
[7.99]
[5.37]
[5.4]
[5.41]
[5.38]
[5.38]
[5.39]
[5.38]
[5.38]
[5.43]
[5.4]
[5.41]
[5.42]
[5.41]
[5.41]
[5.41]
[5.41]
[5.42]
[5.44]
[5.44]
[5.45]
[5.47]
[5.47]
[5.4]
[5.42]
[5.44]
[5.46]
[5.47]
[5.46]
[5.46]
[5.47]
[5.47]
[5.42]
[5.48]
[5.49]
[5.48]
[5.46]
[5.46]
[5.5]
[5.51]
[5.48]
[5.46]
[9.04]
[9.13]
[9.13]
[9.16]
[9.17]
[9.17]
[9.19]
[9.21]
[9.24]
[9.24]
[9.22]
[9.2]
[9.27]
[9.28]
[9.28]
[9.29]
[9.32]
[9.33]
[9.33]
[9.34]
[9.36]
[9.37]
[9.38]
[9.41]
[9.41]
[9.41]
[9.41]
[9.42]
[9.83]
[9.49]
[9.52]
[12.18]
[12.29]
[12.29]
[12.33]
[12.37]
[12.42]
[12.45]
[12.39]
[15.27]
[16.55]
[14.11]
[12.06]
[12.15]
[12.22]
[12.2]
[14.89]
[12.24]
[12.29]
[12.3]
[12.82]
[12.19]
[12.16]
[12.29]
[12.32]
[12.3]
[12.41]
[12.47]
[12.46]
[12.66]
[12.65]
[14.68]
[15.59]
[15.66]
[15.62]
[15.61]
[15.62]
[15.55]
[15.55]
[15.53]
[15.48]
[15.58]
[15.63]
[15.67]
[15.73]
[15.76]
[15.69]
[15.74]
[15.74]
[15.7]
[15.75]
[15.81]
[15.74]
[15.69]
[15.67]
[15.67]
[15.69]
[15.71]
[15.78]
[15.82]
[15.85]
[15.84]
[15.82]
[15.81]
[15.68]
[15.65]
[15.45]
[15.76]
[15.72]
[15.72]
[15.72]
[15.86]
[15.62]
[15.55]
[15.84]
[15.47]
[15.85]
[15.91]
[15.89]
[15.6]
[15.96]
[15.99]
[15.84]
[15.77]
[15.99]
[15.57]
[15.56]
[15.78]
[15.69]
[15.67]
[15.63]
[15.75]
[15.5]
[15.92]
[15.96]
[15.99]
[16.2]
[15.99]
[15.99]
[15.96]
[15.93]
[15.94]
[15.96]
[15.89]
[15.75]
[15.57]
[14.85]
[16.98]
[17.18]
[17.15]
[16.64]
[16.94]
[16.89]
[16.85]
[16.85]
[16.82]
[22.09]
[48.14]
[54.09]
[52.25]
[50.82]
[26.21]
[24.32]
[46.38]
[54.6]
[55.32]
[58.59]
[42.22]
[59.61]
[52.27]
[91.07]
[134.99]
[99.13]
[93.08]
[89.49]
[90.15]
[90.7]
[92.91]
[90.54]
[92.41]
[91.17]
[89.85]
[54.37]
[55.31]
[91.98]
[89.63]
[92.51]
[92.65]
[53.92]
[58.15]
[118.86]
[121.02]
[128.01]
[129.11]
[130.04]
[130.07]
[129.96]
[130.52]
[93.73]
[94.19]
[93.43]
[94.32]
[94.03]
[49.04]
[42.92]
[63.69]
[56.03]
[54.7]
[38.34]
[11.79]
[11.72]
[12.96]
[33.11]
[57.23]
[47.44]
[52.93]
[38.46]
[13.38]
[10.84]
[32.12]
[12.86]
[13.04]
[11.96]
[9.06]
[9.09]
[9.87]
[13.99]
[13.87]
[12.77]
[11.54]
[13.62]
[10.08]
[9.89]
[11.66]
[11.41]
[10.97]
[12.27]
[12.58]
[13.52]
[14.11]
[18.19]
[19.12]
[13.6]
[13.55]
[13.48]
[13.43]
[13.64]
[13.07]
[13.76]
[13.75]
[12.85]
[13.71]
[11.22]
[9.92]
[11.7]
[12.05]
[15.5]
[15.5]
[20.41]
[11.86]
[11.21]
[12.16]
[10.03]
[8.58]
[11.93]
[24.96]
[9.81]
[9.12]
[11.89]
[11.97]
[19.72]
[18.14]
[16.04]
[11.71]
[13.74]
[39.18]
[46.43]
[42.22]
[40.7]
[29.17]
[11.6]
[7.7]
[7.77]
[5.18]
[5.21]
[5.24]
[5.27]
[5.28]
[5.29]
[5.31]
[5.33]
[5.34]
[5.35]
[5.36]
[5.37]
[5.38]
[5.39]