0.8950665143543193, 0.8992659120021453, -0.4481062434270231, 197.18750702057278[11.976097]
[9.23777]
[8.43222]
[10.305475]
[9.158576]
[6.0601387]
[5.583516]
[5.7326345]
[5.59079]
[5.6255035]
[5.6327715]
[5.466525]
[5.6535907]
[7.7606754]
[8.235947]
[8.082963]
[8.239238]
[8.399548]
[11.060257]
[11.726233]
[9.424802]
[9.016742]
[8.745168]
[8.766254]
[8.607846]
[8.661082]
[8.658544]
[8.6484]
[8.464867]
[8.474821]
[8.32706]
[8.482487]
[8.695258]
[8.604999]
[8.4957695]
[8.67279]
[8.559191]
[8.484243]
[12.66018]
[9.220362]
[9.136526]
[9.877062]
[10.010398]
[9.587163]
[10.968311]
[11.098731]
[10.974641]
[11.127267]
[10.903326]
[11.695761]
[11.814719]
[11.521563]
[11.051483]
[11.281441]
[10.985687]
[10.996775]
[11.0053]
[11.062607]
[10.916013]
[10.92502]
[10.942799]
[10.977146]
[10.824585]
[10.985031]
[10.965776]
[10.964525]
[11.728468]
[11.826603]
[11.193759]
[11.614376]
[13.815006]
[8.886484]
[10.6411705]
[10.99442]
[36.55078]
[16.593613]
[12.818645]
[12.715777]
[12.689376]
[12.68344]
[12.891094]
[13.045926]
[12.906392]
[13.039154]
[13.129391]
[12.852868]
[12.8853035]
[13.108632]
[13.34525]
[13.104199]
[13.191951]
[13.065177]
[13.888805]
[13.620438]
[13.235965]
[13.452863]
[13.464312]
[13.2548895]
[13.223851]
[12.7256155]
[13.292908]
[13.856446]
[13.49468]
[13.868657]
[13.993659]
[14.397926]
[20.908335]
[25.914305]
[19.992983]
[30.781397]
[49.911987]
[33.238754]
[61.191643]
[71.921196]
[86.70841]
[93.17482]
[132.14163]
[104.70066]
[70.79932]
[57.597046]
[60.209164]
[58.58257]
[53.556988]
[50.060448]
[51.37683]
[48.324207]
[39.85566]
[47.966133]
[50.738132]
[48.262268]
[48.831062]
[52.327236]
[30.266834]
[26.680498]
[41.817455]
[48.07541]
[44.529266]
[48.457314]
[44.412373]
[21.523628]
[21.787899]
[45.63567]
[47.426403]
[66.4193]
[104.415344]
[138.63164]
[152.49176]
[175.07211]
[202.38525]
[172.70183]
[139.59453]
[140.98044]
[131.42038]
[103.99469]
[87.08499]
[110.884895]
[116.075]
[117.036095]
[121.78385]
[128.88356]
[106.70484]
[96.82697]
[93.624794]
[92.247856]
[89.5773]
[88.41449]
[92.01574]
[67.10683]
[61.852016]
[67.36076]
[69.85362]
[63.223557]
[65.97748]
[68.42515]
[59.302128]
[56.800026]
[52.94389]
[55.317783]
[41.527863]
[53.684013]
[54.37755]
[48.005157]
[45.138588]
[56.060375]
[50.664448]
[45.74721]
[42.698338]
[44.330822]
[39.991024]
[40.993595]
[41.053535]
[57.176003]
[66.692154]
[53.82561]
[64.56071]
[56.2116]
[49.547787]
[96.18899]
[95.580444]
[89.18009]
[82.876686]
[79.05583]
[80.33226]
[77.13478]
[83.48191]
[92.223236]
[87.96201]
[96.53268]
[101.44449]
[65.90473]
[64.331314]
[73.53711]
[55.621723]
[70.60934]
[49.697388]
[63.210274]
[35.02114]
[26.32361]
[45.868446]
[34.456882]
[33.540516]
[26.43366]
[29.830593]
[22.31901]
[18.314667]
[21.76401]
[27.424433]
[35.3408]
[36.76077]
[40.671684]
[28.644163]
[20.189072]
[41.22129]
[46.923634]
[39.791622]
[36.78112]
[23.583452]
[21.478683]
[22.314167]
[25.309723]
[30.67419]
[37.768055]
[36.21368]
[41.290936]
[19.986834]
[17.129316]
[38.441425]
[38.7459]
[38.753403]
[38.49338]
[36.974022]
[20.03827]
[18.82043]
[28.747183]
[30.841722]
[24.245596]
[30.756561]
[30.872631]
[17.354721]
[13.597446]
[25.06407]
[27.848528]
[26.56534]
[25.129261]
[23.467312]
[19.34794]
[15.569547]
[19.99072]
[22.525469]
[17.490744]
[18.625015]
[37.771656]
[20.722212]
[16.156252]
[25.263325]
[28.091087]
[26.393074]
[25.16551]
[23.913857]
[13.139134]
[10.007757]
[20.927387]
[21.09731]
[23.444792]
[24.131247]
[22.395317]
[12.292876]
[8.770758]
[8.2156105]
[6.9320607]
[6.781208]
[6.7845864]
[7.384004]
[7.018786]
[6.6788964]
[6.689872]
[6.5738425]
[6.7501383]
[6.5421963]
[6.5172043]
[6.333523]
[6.367266]
[6.373388]
[6.2715545]
[6.2764444]
[6.1296296]
[6.1516504]
[6.1516504]
[6.1516504]
[6.1516504]
[6.052344]
[8.050931]
[12.846633]
[12.721545]
[14.535454]
[10.0945835]
[10.984723]
[11.620338]
[15.948006]
[14.393364]
[12.680036]
[9.765679]
[6.746847]
[9.735023]
[9.91627]
[8.862097]
[9.15776]
[9.56872]
[11.090433]
[11.291038]
[9.9562845]
[11.036402]
[18.121635]
[12.424724]
[11.557314]
[7.978191]
[11.495362]
[11.651468]
[11.389714]
[6.4095716]
[5.75602]
[5.7250023]
[6.5028787]
[9.437003]
[9.513422]
[9.554749]
[7.0121207]
[5.751366]
[5.650892]
[5.6514816]
[5.666348]
[5.50058]
[7.029541]
[5.7387285]
[5.5311956]
[5.7031126]
[5.5027165]
[5.635482]
[5.2698016]
[6.365705]
[6.1149106]
[5.8263664]
[5.8973103]
[5.594753]
[5.625717]
[5.635535]
[5.7147393]
[5.738792]
[5.8168993]
[5.640424]
[6.017689]
[5.4716163]
[5.6731343]
[5.652937]
[5.6488347]
[5.696459]
[7.6614594]
[8.046813]
[12.522232]
[8.892561]
[8.060136]
[9.45]
[8.9201975]
[8.28388]
[11.208161]
[10.470494]
[8.824801]
[10.595529]
[10.870626]
[8.973679]
[8.839629]
[11.233146]
[11.896038]
[11.609658]
[11.697047]
[16.349678]
[11.147347]
[9.161486]
[12.896469]
[16.15869]
[19.697067]
[14.3033285]
[11.821479]
[11.153487]
[9.877907]
[10.052043]
[10.896102]
[10.955866]
[11.894654]
[11.966514]
[11.115553]
[11.216185]
[12.242989]
[11.652756]
[11.542638]
[12.535361]
[12.625255]
[11.426306]
[10.883843]
[12.069628]
[12.360307]
[12.258235]
[12.335983]
[11.827908]
[11.16988]
[10.608309]
[11.335336]
[13.055968]
[12.872284]
[10.7273]
[12.460575]
[12.672358]
[12.210952]
[12.63424]
[12.59629]
[11.700633]
[13.651047]
[13.172886]
[13.093644]
[13.057499]
[13.0614605]
[13.06997]
[12.871253]
[13.090272]
[13.031364]
[15.043931]
[17.84798]
[17.025452]
[13.368834]
[12.606797]
[12.943019]
[13.228782]
[13.471091]
[13.204928]
[13.063762]
[13.094567]
[13.111563]
[13.173797]
[13.1284685]
[13.140996]
[12.919173]
[12.726887]
[12.684257]
[12.677697]
[12.735524]
[12.860791]
[12.820934]
[12.795434]
[12.727581]
[12.633689]
[12.661926]
[12.772641]
[12.66433]
[12.521428]
[12.469295]
[12.455491]
[12.550026]
[12.469279]
[12.468749]
[12.580005]
[12.694615]
[12.585098]
[12.315175]
[12.506625]
[12.343877]
[12.05463]
[12.365309]
[12.433656]
[12.255842]
[12.187373]
[12.14373]
[12.121305]
[12.119063]
[12.392662]
[12.443203]
[12.506238]
[12.588206]
[12.695097]
[13.208192]
[13.551904]
[11.334351]
[32.912426]
[32.724426]
[60.537865]
[14.102965]
[12.663986]
[12.051544]
[14.2840185]
[14.649351]
[14.663476]
[14.758256]
[14.808235]
[14.562153]
[14.190117]
[13.797632]
[13.895267]
[13.900816]
[13.504454]
[13.860396]
[13.333616]
[13.153363]
[13.038555]
[12.99082]
[12.357781]
[13.2762165]
[12.158248]
[11.652799]
[11.70438]
[12.585927]
[12.568649]
[13.032798]
[12.128731]
[11.484215]
[11.280863]
[11.334618]
[11.244855]
[10.859264]
[11.396035]
[11.266336]
[11.351919]
[11.170191]
[11.212264]
[11.173246]
[11.144636]
[10.947454]
[10.781968]
[11.506152]
[13.55049]
[14.189482]
[12.915579]
[12.711514]
[11.850559]
[12.363023]
[11.963553]
[11.970824]
[11.458916]
[10.960099]
[11.237585]
[10.397962]
[10.277797]
[10.392576]
[10.155843]
[10.283143]
[9.991003]
[10.147246]
[9.858223]
[9.883819]
[9.986014]
[9.647249]
[9.946445]
[9.640356]
[9.850898]
[9.702324]
[9.765518]
[9.624687]
[9.656754]
[9.503466]
[9.555286]
[9.40108]
[9.42678]
[9.434904]
[9.499497]
[9.353907]
[9.310719]
[9.503693]
[9.261756]
[9.159115]
[8.986753]
[8.935164]
[8.6265955]
[8.493026]
[8.759398]
[8.799236]
[8.71604]
[8.63475]
[8.340578]
[8.582719]
[8.628788]
[10.765656]
[9.809651]
[9.594161]
[9.27729]
[9.060132]
[8.95702]
[8.853329]
[8.697014]
[8.937461]
[8.634571]
[8.651402]
[8.729533]
[8.401769]
[8.413868]
[8.953879]
[9.128685]
[8.700217]
[9.258742]
[8.9689]
[8.458888]
[8.220174]
[8.13085]
[8.107374]
[7.912861]
[8.0858135]
[8.131976]
[8.023867]
[7.8514385]
[8.049059]
[7.899024]
[7.910195]
[7.9198747]
[7.964571]
[7.7844634]
[7.965108]
[7.8334575]
[7.8901234]
[7.7597914]
[7.7059355]
[7.9675684]
[7.7041206]
[7.678562]
[7.823301]
[7.868367]
[7.691664]
[7.845127]
[7.734605]
[8.002536]
[7.9971547]
[6.7746344]
[6.648399]
[6.4605894]
[5.8981752]
[5.9966564]
[5.785976]
[5.985266]
[5.848886]
[5.79606]
[5.98486]
[5.855011]
[5.86249]
[5.8457212]
[5.851843]
[5.9236875]
[5.7993574]
[5.751963]
[6.0095186]
[5.7103667]
[5.7885365]
[5.9656615]
[5.837387]
[5.851402]
[5.849233]
[5.862159]
[5.8645234]
[5.8630342]
[5.862411]
[5.872604]
[5.9472394]
[5.7668157]
[5.974846]
[6.1452055]
[6.193487]
[9.422488]
[6.358644]
[7.6634235]
[7.6948457]
[6.2001743]
[6.066111]
[6.02802]
[5.986617]
[6.310819]
[5.964638]
[6.311694]
[5.978171]
[6.313978]
[5.982212]
[8.11369]
[6.5478983]
[6.2796044]
[6.2762117]
[6.273559]
[6.270871]
[6.2681217]
[5.9798307]
[6.2957244]
[5.8102455]
[8.307994]
[6.25679]
[6.0382366]
[6.2964325]
[5.9819055]
[6.0191274]
[6.2648597]
[5.964094]
[6.234094]
[6.1699524]
[5.941369]
[6.205898]
[5.9487367]
[5.972969]
[5.9757886]
[6.17051]
[5.913412]
[6.1457033]
[5.897584]
[5.962999]
[5.9751253]
[6.118685]
[5.843051]
[5.942249]
[6.0982027]
[5.856432]
[5.928138]
[6.06458]
[5.840466]
[6.067649]
[5.9633536]
[5.793386]
[8.965021]
[8.761886]
[9.162661]
[8.736335]
[9.1321]
[9.17292]
[9.119957]
[9.088321]
[9.657696]
[9.131588]
[9.608038]
[9.082006]
[9.558272]
[9.032439]
[9.509737]
[9.577265]
[8.835591]
[8.81057]
[8.850205]
[8.857296]
[8.877367]
[8.931909]
[8.802]
[9.107456]
[8.864616]
[9.341914]
[9.083922]
[8.865935]
[9.513219]
[9.517801]
[9.493308]
[10.950085]
[11.066774]
[11.004854]
[11.372188]
[10.93657]
[11.2442255]
[11.660937]
[11.644581]
[14.037393]
[15.403844]
[13.851934]
[11.148107]
[11.174092]
[11.161046]
[11.501839]
[14.246302]
[11.737088]
[11.317112]
[11.248223]
[11.575833]
[10.76234]
[10.598619]
[10.702344]
[11.073271]
[11.215199]
[11.56503]
[11.282912]
[10.965366]
[11.180657]
[11.168018]
[12.37191]
[12.995115]
[13.299776]
[13.483692]
[13.038997]
[13.096456]
[12.728759]
[12.790565]
[13.05522]
[10.724526]
[25.921116]
[18.86001]
[14.791409]
[15.096242]
[11.855514]
[14.6888275]
[14.984637]
[14.943728]
[14.8695965]
[14.83829]
[14.759122]
[14.630407]
[14.562265]
[14.40472]
[14.674905]
[13.588745]
[15.003696]
[14.714563]
[14.930797]
[14.520766]
[14.873435]
[14.3041115]
[14.803137]
[15.514802]
[14.286891]
[16.121542]
[14.684173]
[16.005272]
[16.234243]
[16.659204]
[17.127604]
[15.9508505]
[15.696481]
[16.802965]
[16.34127]
[16.431768]
[16.845236]
[16.692232]
[16.04025]
[16.245604]
[16.118286]
[15.994738]
[15.908537]
[15.956837]
[16.548311]
[18.58643]
[17.76458]
[16.218336]
[15.834408]
[15.507118]
[15.337265]
[15.238522]
[15.739607]
[15.765754]
[16.74018]
[17.405777]
[15.550664]
[15.45774]
[15.364675]
[15.805366]
[15.968247]
[16.183836]
[17.197168]
[21.193798]
[24.75551]
[18.596495]
[23.273726]
[26.092363]
[20.58617]
[20.740503]
[19.516722]
[5.785459]
[15.70469]
[17.309706]
[16.97013]
[20.00216]
[36.96945]
[42.838924]
[50.10334]
[56.085335]
[41.398087]
[37.859814]
[51.586143]
[62.286034]
[62.13909]
[63.008442]
[52.003315]
[67.126526]
[78.88557]
[98.85756]
[121.70536]
[106.18837]
[110.57094]
[104.013]
[96.02903]
[95.084564]
[95.55456]
[94.44384]
[92.527115]
[86.9221]
[84.42868]
[65.62385]
[69.9355]
[89.18726]
[85.20228]
[84.988434]
[87.302216]
[72.728615]
[82.95718]
[114.15904]
[118.98748]
[133.89067]
[135.96175]
[129.68314]
[128.52519]
[131.05232]
[129.61644]
[99.98684]
[98.35954]
[97.025314]
[95.17926]
[93.326385]
[60.00493]
[50.04093]
[60.091805]
[55.547325]
[52.28871]
[41.071587]
[23.416927]
[21.160887]
[21.575815]
[31.925102]
[45.81061]
[41.218693]
[43.187016]
[35.268917]
[19.56152]
[16.556223]
[28.753262]
[19.109762]
[17.332293]
[16.566141]
[14.898384]
[14.183152]
[14.245699]
[16.14079]
[16.025776]
[15.075864]
[14.167556]
[15.006422]
[13.17474]
[13.100467]
[14.098982]
[14.017998]
[13.340715]
[13.682124]
[13.798999]
[13.95223]
[14.090733]
[16.015898]
[16.299631]
[13.384383]
[13.077136]
[13.675597]
[14.311329]
[14.193575]
[13.446071]
[13.565778]
[13.489504]
[12.916178]
[13.24435]
[12.015658]
[10.999653]
[12.009807]
[12.932736]
[15.083161]
[15.044581]
[17.68299]
[14.089338]
[14.129736]
[14.727232]
[12.934261]
[11.700757]
[12.873153]
[19.088589]
[11.791822]
[10.567948]
[11.780521]
[11.614858]
[15.227488]
[14.595477]
[13.451948]
[11.070619]
[11.755396]
[24.1279]
[29.009432]
[28.162336]
[26.976381]
[20.810272]
[12.723395]
[12.028692]
[10.6836195]
[9.064862]
[8.238633]
[7.9299]
[7.653107]
[7.145751]
[6.8708463]
[7.329335]
[7.3305154]
[7.2129545]
[6.874445]
[7.121064]
[6.871321]
[6.7746153][10.25]
[9.45]
[13.02]
[10.69]
[5.31]
[5.25]
[5.26]
[5.31]
[5.31]
[5.3]
[5.29]
[5.3]
[9.25]
[9.31]
[9.28]
[9.29]
[9.27]
[9.26]
[9.25]
[9.26]
[9.26]
[9.27]
[9.25]
[9.25]
[9.32]
[9.28]
[9.26]
[9.22]
[9.21]
[9.23]
[9.23]
[9.06]
[9.24]
[9.25]
[9.24]
[9.29]
[9.55]
[9.28]
[9.27]
[9.27]
[9.25]
[9.24]
[9.28]
[12.21]
[12.29]
[12.32]
[12.27]
[12.3]
[12.29]
[12.25]
[12.25]
[12.25]
[12.29]
[12.3]
[12.3]
[12.31]
[12.36]
[12.34]
[12.35]
[12.36]
[12.37]
[12.39]
[12.39]
[12.4]
[12.36]
[12.39]
[12.4]
[12.41]
[12.52]
[12.25]
[12.25]
[12.03]
[12.31]
[26.75]
[15.2]
[15.05]
[15.12]
[15.03]
[15.09]
[15.17]
[15.22]
[15.41]
[15.4]
[15.43]
[15.24]
[15.14]
[15.08]
[15.29]
[15.3]
[15.23]
[15.22]
[15.17]
[15.21]
[15.24]
[15.21]
[15.26]
[15.09]
[15.03]
[14.94]
[15.09]
[15.28]
[15.3]
[15.52]
[15.38]
[15.46]
[15.26]
[15.55]
[15.54]
[15.27]
[22.36]
[17.87]
[15.85]
[42.75]
[82.22]
[94.05]
[93.25]
[90.97]
[55.68]
[49.63]
[58.09]
[56.67]
[54.59]
[53.59]
[58.05]
[53.08]
[41.74]
[57.88]
[58.89]
[56.17]
[56.45]
[59.98]
[24.57]
[23.68]
[48.95]
[58.59]
[52.66]
[61.65]
[55.39]
[15.63]
[15.57]
[49.45]
[48.02]
[57.5]
[95.04]
[91.35]
[127.12]
[159.08]
[215.85]
[192.9]
[144.63]
[136.75]
[131.02]
[99.64]
[86.83]
[129.19]
[131.03]
[129.73]
[130.49]
[130.52]
[92.3]
[87.76]
[90.33]
[91.84]
[90.24]
[92.4]
[96.82]
[52.74]
[45.22]
[55.96]
[60.38]
[51.61]
[55.5]
[62.81]
[54.04]
[56.12]
[53.08]
[60.33]
[38.11]
[64.66]
[62.07]
[50.21]
[45.53]
[67.12]
[58.52]
[53.52]
[50.52]
[53.77]
[41.06]
[38.17]
[35.45]
[50.08]
[57.71]
[43.73]
[61.41]
[54.5]
[42.43]
[96.98]
[93.31]
[95.73]
[93.08]
[91.61]
[94.94]
[85.74]
[88.4]
[98.74]
[90.94]
[95.37]
[98.5]
[45.13]
[47.61]
[67.66]
[39.1]
[71.69]
[37.29]
[69.59]
[19.53]
[12.7]
[49.99]
[27.12]
[31.05]
[19.21]
[28.46]
[14.31]
[9.94]
[17.83]
[28.86]
[44.83]
[46.46]
[52.06]
[24.01]
[9.42]
[50.97]
[57.23]
[44.2]
[37.8]
[12.15]
[9.41]
[10.47]
[20.43]
[33.31]
[48.25]
[44.01]
[55.45]
[12.7]
[10.36]
[51.64]
[50.92]
[50.38]
[49.93]
[49.1]
[13.79]
[10.13]
[29.22]
[34.2]
[23.2]
[39.35]
[38.77]
[14.08]
[10.2]
[32.49]
[35.58]
[33.86]
[32.24]
[29.9]
[23.23]
[16.87]
[24.9]
[28.37]
[17.49]
[16.74]
[47.53]
[16.06]
[15.03]
[32.65]
[36.66]
[33.79]
[32.62]
[31.6]
[12.79]
[8.68]
[29.3]
[28.48]
[33.01]
[32.79]
[29.71]
[12.11]
[7.79]
[7.39]
[5.3]
[5.33]
[5.36]
[5.41]
[5.44]
[5.46]
[5.48]
[5.51]
[5.52]
[5.54]
[5.55]
[5.56]
[5.57]
[5.58]
[5.41]
[5.59]
[5.59]
[5.59]
[5.59]
[5.59]
[5.59]
[5.52]
[9.82]
[15.53]
[16.95]
[20.82]
[11.7]
[14.18]
[15.4]
[23.39]
[19.41]
[16.47]
[11.42]
[6.71]
[12.54]
[12.67]
[10.63]
[11.37]
[12.05]
[14.44]
[14.47]
[12.32]
[14.46]
[13.82]
[14.57]
[14.58]
[8.47]
[14.78]
[14.81]
[14.47]
[5.31]
[5.31]
[5.29]
[6.65]
[12.03]
[10.97]
[11.68]
[7.09]
[5.32]
[5.32]
[5.33]
[5.32]
[5.32]
[7.66]
[5.32]
[5.32]
[5.32]
[5.29]
[5.21]
[5.09]
[5.1]
[5.1]
[5.1]
[5.11]
[5.11]
[5.1]
[5.12]
[5.22]
[5.48]
[5.49]
[5.27]
[5.12]
[5.13]
[5.12]
[5.12]
[5.11]
[5.16]
[8.76]
[8.76]
[8.94]
[8.95]
[8.95]
[10.8]
[10.34]
[8.93]
[12.82]
[12.41]
[9.78]
[12.71]
[13.05]
[9.78]
[9.61]
[13.47]
[13.71]
[13.82]
[13.8]
[20.11]
[12.1]
[10.21]
[15.44]
[19.36]
[24.22]
[16.35]
[13.82]
[12.91]
[11.05]
[11.21]
[12.63]
[12.73]
[13.93]
[14.]
[12.75]
[12.72]
[14.06]
[13.64]
[13.18]
[14.13]
[14.47]
[12.97]
[12.08]
[13.53]
[13.92]
[14.]
[14.03]
[13.47]
[12.53]
[12.61]
[12.89]
[13.87]
[13.64]
[12.29]
[13.75]
[12.77]
[12.77]
[13.97]
[13.97]
[12.95]
[15.58]
[14.78]
[14.97]
[14.82]
[14.67]
[14.69]
[14.7]
[14.81]
[14.7]
[17.5]
[18.04]
[19.37]
[14.58]
[14.62]
[14.69]
[14.75]
[14.6]
[14.39]
[14.42]
[14.49]
[14.55]
[14.59]
[14.62]
[14.6]
[14.31]
[14.23]
[14.12]
[14.15]
[14.3]
[14.52]
[14.49]
[14.43]
[14.23]
[14.17]
[14.28]
[14.37]
[14.29]
[14.2]
[14.09]
[14.11]
[14.23]
[14.04]
[14.13]
[14.15]
[14.07]
[14.02]
[13.88]
[13.88]
[13.78]
[13.82]
[13.92]
[14.08]
[13.97]
[13.86]
[13.82]
[13.83]
[13.99]
[14.01]
[13.84]
[13.78]
[13.71]
[13.96]
[14.1]
[13.99]
[13.72]
[16.98]
[13.92]
[13.67]
[13.53]
[13.42]
[13.41]
[13.36]
[14.17]
[14.52]
[14.48]
[14.44]
[14.41]
[14.38]
[14.37]
[14.35]
[14.34]
[14.31]
[15.25]
[14.32]
[14.31]
[14.29]
[14.29]
[14.58]
[14.56]
[12.15]
[11.95]
[11.88]
[11.87]
[11.82]
[13.39]
[11.95]
[11.94]
[11.89]
[11.86]
[11.86]
[11.84]
[11.83]
[11.81]
[11.86]
[11.86]
[11.8]
[11.8]
[11.79]
[11.78]
[11.77]
[11.96]
[11.94]
[11.9]
[11.85]
[11.35]
[11.83]
[11.8]
[12.]
[12.06]
[12.03]
[9.66]
[9.6]
[9.59]
[9.63]
[9.74]
[9.73]
[9.68]
[9.68]
[9.7]
[9.68]
[9.68]
[9.67]
[9.67]
[9.73]
[9.77]
[9.75]
[9.77]
[9.77]
[9.77]
[9.74]
[9.74]
[9.73]
[9.72]
[9.75]
[9.75]
[9.79]
[9.77]
[9.77]
[9.78]
[9.77]
[9.09]
[9.09]
[8.91]
[8.69]
[8.69]
[8.66]
[8.69]
[8.7]
[8.7]
[8.66]
[8.67]
[8.77]
[8.78]
[8.78]
[8.77]
[8.78]
[8.77]
[8.74]
[8.74]
[8.77]
[8.77]
[8.77]
[8.76]
[8.77]
[8.76]
[8.77]
[8.77]
[8.76]
[8.76]
[8.77]
[8.71]
[8.26]
[8.23]
[8.06]
[8.02]
[8.01]
[8.04]
[8.06]
[8.04]
[8.05]
[8.06]
[8.05]
[8.05]
[8.07]
[8.07]
[8.06]
[8.04]
[8.08]
[8.07]
[8.07]
[8.03]
[8.1]
[8.09]
[8.1]
[8.11]
[8.1]
[8.11]
[8.12]
[8.11]
[8.11]
[8.13]
[6.13]
[6.11]
[5.91]
[5.29]
[5.35]
[5.29]
[5.31]
[5.3]
[5.3]
[5.3]
[5.31]
[5.3]
[5.27]
[5.29]
[5.29]
[5.29]
[5.3]
[5.3]
[5.34]
[5.31]
[5.31]
[5.32]
[5.32]
[5.31]
[5.33]
[5.32]
[5.32]
[5.31]
[5.33]
[5.32]
[5.34]
[5.34]
[5.89]
[5.74]
[5.51]
[5.5]
[7.49]
[7.16]
[5.55]
[5.56]
[5.48]
[5.43]
[5.41]
[5.42]
[5.48]
[5.44]
[5.44]
[5.44]
[7.99]
[5.37]
[5.4]
[5.41]
[5.38]
[5.38]
[5.39]
[5.38]
[5.38]
[5.43]
[5.4]
[5.41]
[5.42]
[5.41]
[5.41]
[5.41]
[5.41]
[5.42]
[5.44]
[5.44]
[5.45]
[5.47]
[5.47]
[5.4]
[5.42]
[5.44]
[5.46]
[5.47]
[5.46]
[5.46]
[5.47]
[5.47]
[5.42]
[5.48]
[5.49]
[5.48]
[5.46]
[5.46]
[5.5]
[5.51]
[5.48]
[5.46]
[9.04]
[9.13]
[9.13]
[9.16]
[9.17]
[9.17]
[9.19]
[9.21]
[9.24]
[9.24]
[9.22]
[9.2]
[9.27]
[9.28]
[9.28]
[9.29]
[9.32]
[9.33]
[9.33]
[9.34]
[9.36]
[9.37]
[9.38]
[9.41]
[9.41]
[9.41]
[9.41]
[9.42]
[9.83]
[9.49]
[9.52]
[12.18]
[12.29]
[12.29]
[12.33]
[12.37]
[12.42]
[12.45]
[12.39]
[15.27]
[16.55]
[14.11]
[12.06]
[12.15]
[12.22]
[12.2]
[14.89]
[12.24]
[12.29]
[12.3]
[12.82]
[12.19]
[12.16]
[12.29]
[12.32]
[12.3]
[12.41]
[12.47]
[12.46]
[12.66]
[12.65]
[14.68]
[15.59]
[15.66]
[15.62]
[15.61]
[15.62]
[15.55]
[15.55]
[15.53]
[15.48]
[15.58]
[15.63]
[15.67]
[15.73]
[15.76]
[15.69]
[15.74]
[15.74]
[15.7]
[15.75]
[15.81]
[15.74]
[15.69]
[15.67]
[15.67]
[15.69]
[15.71]
[15.78]
[15.82]
[15.85]
[15.84]
[15.82]
[15.81]
[15.68]
[15.65]
[15.45]
[15.76]
[15.72]
[15.72]
[15.72]
[15.86]
[15.62]
[15.55]
[15.84]
[15.47]
[15.85]
[15.91]
[15.89]
[15.6]
[15.96]
[15.99]
[15.84]
[15.77]
[15.99]
[15.57]
[15.56]
[15.78]
[15.69]
[15.67]
[15.63]
[15.75]
[15.5]
[15.92]
[15.96]
[15.99]
[16.2]
[15.99]
[15.99]
[15.96]
[15.93]
[15.94]
[15.96]
[15.89]
[15.75]
[15.57]
[14.85]
[16.98]
[17.18]
[17.15]
[16.64]
[16.94]
[16.89]
[16.85]
[16.85]
[16.82]
[22.09]
[48.14]
[54.09]
[52.25]
[50.82]
[26.21]
[24.32]
[46.38]
[54.6]
[55.32]
[58.59]
[42.22]
[59.61]
[52.27]
[91.07]
[134.99]
[99.13]
[93.08]
[89.49]
[90.15]
[90.7]
[92.91]
[90.54]
[92.41]
[91.17]
[89.85]
[54.37]
[55.31]
[91.98]
[89.63]
[92.51]
[92.65]
[53.92]
[58.15]
[118.86]
[121.02]
[128.01]
[129.11]
[130.04]
[130.07]
[129.96]
[130.52]
[93.73]
[94.19]
[93.43]
[94.32]
[94.03]
[49.04]
[42.92]
[63.69]
[56.03]
[54.7]
[38.34]
[11.79]
[11.72]
[12.96]
[33.11]
[57.23]
[47.44]
[52.93]
[38.46]
[13.38]
[10.84]
[32.12]
[12.86]
[13.04]
[11.96]
[9.06]
[9.09]
[9.87]
[13.99]
[13.87]
[12.77]
[11.54]
[13.62]
[10.08]
[9.89]
[11.66]
[11.41]
[10.97]
[12.27]
[12.58]
[13.52]
[14.11]
[18.19]
[19.12]
[13.6]
[13.55]
[13.48]
[13.43]
[13.64]
[13.07]
[13.76]
[13.75]
[12.85]
[13.71]
[11.22]
[9.92]
[11.7]
[12.05]
[15.5]
[15.5]
[20.41]
[11.86]
[11.21]
[12.16]
[10.03]
[8.58]
[11.93]
[24.96]
[9.81]
[9.12]
[11.89]
[11.97]
[19.72]
[18.14]
[16.04]
[11.71]
[13.74]
[39.18]
[46.43]
[42.22]
[40.7]
[29.17]
[11.6]
[7.7]
[7.77]
[5.18]
[5.21]
[5.24]
[5.27]
[5.28]
[5.29]
[5.31]
[5.33]
[5.34]
[5.35]
[5.36]
[5.37]
[5.38]
[5.39]