0.8968458159949398, 0.9024614935194863, -7.654581135037773, 195.50855717041[14.081788]
[11.505208]
[10.452931]
[12.304728]
[11.3536005]
[8.143581]
[7.4667597]
[7.547]
[7.5095906]
[7.517219]
[7.527246]
[7.4430227]
[7.5328245]
[9.666731]
[10.240853]
[10.162433]
[10.23242]
[10.227655]
[11.780218]
[12.696428]
[11.437842]
[10.8521805]
[10.619428]
[10.588073]
[10.498125]
[10.520641]
[10.516407]
[10.515327]
[10.400006]
[10.397002]
[10.315523]
[10.380792]
[10.484821]
[10.505018]
[10.437032]
[10.537636]
[10.513083]
[10.46797]
[14.209495]
[11.331559]
[10.737166]
[11.17696]
[11.358095]
[11.2102785]
[12.700485]
[12.968578]
[12.872208]
[12.958775]
[12.784066]
[13.242743]
[13.41295]
[13.299691]
[12.947103]
[13.0787115]
[12.9186735]
[12.897322]
[12.908402]
[12.973244]
[12.886126]
[12.881419]
[12.901028]
[12.943753]
[12.844028]
[12.933869]
[12.928679]
[12.845044]
[13.333185]
[13.553174]
[13.117632]
[13.384732]
[15.686377]
[11.007604]
[12.359613]
[12.950545]
[38.170464]
[19.873793]
[14.922753]
[14.895915]
[14.855766]
[14.844547]
[15.007164]
[15.191475]
[15.087867]
[15.189028]
[15.302797]
[15.025608]
[14.989057]
[15.158707]
[15.433113]
[15.190245]
[15.236512]
[15.134769]
[15.71998]
[15.623445]
[15.249572]
[15.448486]
[15.50105]
[15.3138485]
[15.304038]
[14.909505]
[15.546399]
[15.894726]
[15.887288]
[16.41704]
[16.610853]
[16.964304]
[22.138458]
[22.721289]
[21.204086]
[36.253826]
[53.432106]
[33.355064]
[74.45003]
[73.58279]
[78.68233]
[88.99526]
[135.30327]
[91.612335]
[68.30721]
[59.48373]
[61.968422]
[59.76003]
[55.369144]
[51.890347]
[52.743725]
[50.042088]
[42.604366]
[49.00823]
[51.752953]
[50.00147]
[50.141373]
[52.801994]
[33.728153]
[28.500402]
[42.934944]
[49.577023]
[46.2563]
[49.645073]
[46.302685]
[24.498438]
[24.92726]
[45.27918]
[51.277187]
[72.630035]
[98.7387]
[138.19106]
[155.28357]
[169.68567]
[201.1273]
[165.54622]
[139.45695]
[138.94724]
[124.64883]
[102.71293]
[86.771965]
[108.66973]
[115.0369]
[117.01826]
[119.472]
[126.49824]
[105.767456]
[95.54918]
[91.36771]
[91.14584]
[88.424736]
[88.29966]
[92.54484]
[71.93734]
[64.12242]
[72.56032]
[72.13223]
[70.81318]
[68.48868]
[68.70096]
[61.17736]
[58.328323]
[54.91017]
[56.6122]
[44.597496]
[54.660175]
[55.861923]
[50.033024]
[47.072662]
[56.98425]
[53.069954]
[48.132683]
[45.095577]
[46.114815]
[42.40299]
[43.067215]
[47.40994]
[60.03528]
[66.3015]
[60.312763]
[64.09415]
[58.340652]
[58.24564]
[89.49753]
[92.18732]
[89.08556]
[83.59933]
[79.768845]
[80.66279]
[79.17865]
[83.25493]
[90.95161]
[89.51412]
[95.553696]
[97.96623]
[73.04375]
[66.99064]
[74.39961]
[58.575905]
[70.53549]
[52.750347]
[63.42862]
[39.133343]
[27.90479]
[46.77978]
[37.64129]
[36.037342]
[29.167255]
[32.29215]
[24.940847]
[20.00821]
[23.70592]
[30.25186]
[38.48795]
[40.01945]
[43.147736]
[31.6918]
[21.859737]
[42.989716]
[49.574078]
[42.949398]
[39.21678]
[26.112686]
[22.38341]
[23.310175]
[27.809017]
[33.92103]
[41.0992]
[39.687542]
[44.267387]
[23.765165]
[18.411678]
[40.614986]
[42.3989]
[41.50618]
[41.476944]
[40.07101]
[22.990316]
[19.446842]
[30.855934]
[34.009884]
[27.542574]
[33.721226]
[34.07509]
[20.650604]
[15.444355]
[27.330515]
[30.870998]
[29.796225]
[28.1738]
[26.556667]
[22.442186]
[18.26746]
[22.327612]
[25.274435]
[20.226698]
[20.330917]
[38.96226]
[24.523659]
[18.499004]
[27.623737]
[30.812553]
[29.31186]
[27.960264]
[26.861519]
[16.239187]
[12.022343]
[22.983524]
[24.009232]
[25.864689]
[26.770805]
[25.135988]
[15.196979]
[10.78645]
[10.111048]
[8.854739]
[8.588365]
[8.661334]
[9.002291]
[8.901194]
[8.655417]
[8.573551]
[8.526048]
[8.589972]
[8.5095625]
[8.442961]
[8.332671]
[8.31733]
[8.325066]
[8.225664]
[8.240272]
[8.155437]
[8.135092]
[8.135092]
[8.135092]
[8.135092]
[8.041539]
[10.117486]
[15.107665]
[15.258461]
[16.920841]
[12.648984]
[13.10621]
[13.948407]
[18.213345]
[16.986856]
[15.091284]
[12.09401]
[8.929285]
[11.626853]
[12.193665]
[11.072282]
[11.264353]
[11.720696]
[13.194665]
[13.510661]
[12.24075]
[13.168241]
[20.132385]
[15.088854]
[13.720481]
[10.264717]
[13.353774]
[13.936328]
[13.603692]
[8.605184]
[7.56524]
[7.5643396]
[8.332606]
[11.378663]
[11.648654]
[11.683728]
[9.182777]
[7.7200403]
[7.5419073]
[7.5526023]
[7.5685253]
[7.484622]
[8.87732]
[7.8041687]
[7.5042753]
[7.597528]
[7.4977865]
[7.5371776]
[7.284762]
[7.797966]
[7.766159]
[7.6148453]
[7.6457057]
[7.5009193]
[7.49433]
[7.505258]
[7.582652]
[7.678147]
[7.7317834]
[7.567398]
[7.720149]
[7.467755]
[7.531929]
[7.5324426]
[7.529695]
[7.577087]
[9.550573]
[10.043457]
[14.441928]
[11.176352]
[10.131794]
[11.417251]
[11.121779]
[10.365292]
[13.193565]
[12.751301]
[11.045113]
[12.585738]
[13.063751]
[11.201095]
[10.831061]
[13.137559]
[13.957609]
[13.823501]
[13.880525]
[18.315315]
[13.70663]
[11.338528]
[14.735166]
[18.086267]
[21.723984]
[16.558605]
[13.880647]
[13.1059475]
[11.931533]
[11.896954]
[12.664493]
[12.853592]
[13.637406]
[13.760556]
[13.053501]
[13.040907]
[13.815721]
[13.511168]
[13.489507]
[14.187204]
[14.233895]
[13.242436]
[12.729253]
[13.6276655]
[13.834355]
[13.713772]
[13.717512]
[13.265538]
[12.707749]
[13.209067]
[13.984874]
[15.309447]
[14.731601]
[13.6360855]
[14.851608]
[14.936027]
[14.176139]
[14.413184]
[14.3176365]
[13.632292]
[15.073234]
[14.674592]
[14.7064905]
[14.680228]
[14.529406]
[14.40825]
[14.401423]
[14.563661]
[14.489446]
[16.291489]
[19.523705]
[18.863432]
[15.077944]
[14.59787]
[14.978474]
[15.207319]
[15.583085]
[15.25462]
[15.032826]
[14.998164]
[14.994449]
[15.140739]
[15.152178]
[15.170242]
[15.00625]
[14.935022]
[14.785422]
[14.895613]
[14.991236]
[15.221844]
[15.17938]
[15.106879]
[14.937306]
[14.848412]
[14.865017]
[14.916867]
[14.849337]
[14.723664]
[14.611245]
[14.575553]
[14.630308]
[14.489281]
[14.492279]
[14.466692]
[14.378779]
[14.371996]
[14.181373]
[14.146104]
[14.122903]
[14.0353]
[14.083764]
[14.21426]
[14.121834]
[14.004702]
[13.930917]
[13.950501]
[14.178184]
[14.329455]
[14.335131]
[14.381709]
[14.371282]
[14.65204]
[14.929484]
[15.141214]
[16.535053]
[15.203333]
[2.4537532]
[7.6639266]
[12.414726]
[13.616354]
[14.351434]
[14.837875]
[15.684503]
[16.358734]
[16.572834]
[16.656532]
[16.630507]
[16.72359]
[16.483253]
[16.32274]
[16.40374]
[16.423582]
[16.897652]
[16.279305]
[16.143368]
[16.053192]
[16.090725]
[15.511736]
[15.924787]
[14.557806]
[14.227497]
[13.925742]
[14.099339]
[14.460159]
[15.431477]
[14.723614]
[14.369784]
[14.133019]
[14.045447]
[13.896248]
[13.778048]
[13.97904]
[13.820319]
[13.762949]
[13.620014]
[13.564585]
[13.466324]
[13.374269]
[13.287725]
[13.354475]
[13.734678]
[14.660099]
[15.2086735]
[15.259102]
[15.00816]
[14.430974]
[14.322792]
[14.017261]
[13.992419]
[14.118492]
[13.125883]
[12.645788]
[11.956188]
[11.8163805]
[11.733563]
[11.576578]
[11.636939]
[11.470902]
[11.592703]
[11.42886]
[11.413354]
[11.522064]
[11.304928]
[11.508444]
[11.340813]
[11.453454]
[11.3865795]
[11.433585]
[11.355138]
[11.372834]
[11.28265]
[11.319433]
[11.227885]
[11.235813]
[11.243515]
[11.312326]
[11.228465]
[11.166389]
[11.301356]
[11.133277]
[10.897916]
[10.773903]
[10.716169]
[10.478164]
[10.324219]
[10.456492]
[10.535626]
[10.517952]
[10.485602]
[10.234124]
[10.251079]
[10.799019]
[11.414719]
[11.141262]
[11.016196]
[10.846172]
[10.705512]
[10.63322]
[10.579826]
[10.466764]
[10.628206]
[10.475025]
[10.455779]
[10.540105]
[10.340261]
[10.243573]
[10.529482]
[10.720289]
[10.43445]
[10.757258]
[10.664012]
[10.258315]
[10.057933]
[9.946106]
[9.929128]
[9.798912]
[9.885955]
[9.951698]
[9.912877]
[9.789328]
[9.904889]
[9.839713]
[9.834673]
[9.8453245]
[9.892508]
[9.778576]
[9.879276]
[9.831263]
[9.872288]
[9.808314]
[9.739322]
[9.940087]
[9.819426]
[9.763619]
[9.846278]
[9.910384]
[9.798285]
[9.873513]
[9.781224]
[9.923944]
[9.953363]
[8.766544]
[8.557433]
[8.442528]
[7.9516306]
[7.975838]
[7.8449044]
[7.957803]
[7.9076805]
[7.8422]
[7.9599996]
[7.9171133]
[7.908549]
[7.894126]
[7.901552]
[7.960555]
[7.8629217]
[7.856625]
[7.859287]
[7.776445]
[7.878863]
[7.909485]
[7.823414]
[7.807556]
[7.790732]
[7.7919827]
[7.7792344]
[7.763994]
[7.7489085]
[7.746792]
[7.6764736]
[7.6497617]
[7.660606]
[7.919359]
[7.921236]
[10.912061]
[8.354264]
[9.134203]
[9.301185]
[7.8918657]
[7.6358557]
[7.582133]
[7.519089]
[7.7495713]
[7.493653]
[7.7052536]
[7.472395]
[7.670376]
[7.440491]
[9.374389]
[7.992139]
[7.583103]
[7.5594573]
[7.5366397]
[7.513834]
[7.491001]
[7.2616453]
[7.448002]
[7.316019]
[9.334583]
[7.6151404]
[7.217183]
[7.3654904]
[7.1778245]
[7.1764703]
[7.3099566]
[7.1396327]
[7.2675]
[7.225127]
[7.101509]
[7.2145147]
[7.0917163]
[7.0708885]
[7.0639844]
[7.143603]
[7.02756]
[7.107589]
[6.9967313]
[7.02467]
[7.0266647]
[7.04522]
[6.909221]
[6.978714]
[7.0036488]
[6.908173]
[6.9420705]
[6.9464755]
[6.8726645]
[6.94545]
[6.858728]
[6.8040986]
[9.711742]
[9.7554245]
[10.119569]
[9.810359]
[10.134105]
[10.234316]
[10.202802]
[10.186647]
[10.7697935]
[10.303651]
[10.76053]
[10.294688]
[10.751033]
[10.285696]
[10.743055]
[10.862264]
[10.3091]
[10.286278]
[10.325285]
[10.356588]
[10.398837]
[10.438047]
[10.405454]
[10.773472]
[10.524757]
[11.04613]
[10.902027]
[10.601594]
[11.3802]
[11.50216]
[11.485718]
[13.2039385]
[13.507325]
[13.41817]
[13.863677]
[13.335735]
[13.677073]
[14.206469]
[14.196766]
[17.140299]
[18.978336]
[17.102505]
[13.634791]
[13.481555]
[13.474223]
[13.869909]
[17.231098]
[14.324746]
[13.596839]
[13.489913]
[13.860734]
[12.883962]
[12.698501]
[12.915897]
[13.063453]
[13.193201]
[13.301768]
[13.371369]
[13.424468]
[13.619878]
[13.631667]
[14.103697]
[14.347806]
[14.409449]
[14.475057]
[14.118735]
[14.123707]
[13.8726225]
[14.290962]
[14.764314]
[16.148151]
[17.452171]
[20.351662]
[11.464634]
[16.03195]
[13.464479]
[16.152378]
[16.833378]
[16.803629]
[16.786518]
[16.824413]
[16.909784]
[16.915047]
[16.916386]
[16.968046]
[16.992453]
[16.408915]
[15.8268795]
[15.200183]
[15.460587]
[15.694541]
[16.449383]
[15.234123]
[13.952254]
[13.724634]
[13.305088]
[13.209937]
[14.803285]
[16.834002]
[17.22681]
[17.781885]
[17.79142]
[16.613438]
[17.408113]
[17.302094]
[16.727934]
[17.218473]
[17.427528]
[17.059177]
[16.933712]
[17.325352]
[17.480581]
[17.446953]
[17.426271]
[17.653303]
[18.295725]
[18.494965]
[17.357296]
[17.241358]
[17.573442]
[17.748493]
[17.859854]
[17.468573]
[17.828999]
[17.976368]
[18.159258]
[18.836634]
[18.423193]
[18.13808]
[18.040577]
[17.891516]
[18.275461]
[18.20023]
[18.541166]
[24.656586]
[26.439186]
[19.851383]
[31.169386]
[28.252625]
[23.62871]
[23.410774]
[21.9019]
[7.0028043]
[16.420303]
[18.80253]
[18.367798]
[21.416918]
[37.82486]
[44.652897]
[52.20749]
[55.250874]
[48.463642]
[40.353962]
[57.72662]
[65.43155]
[63.840164]
[63.702873]
[56.536217]
[71.27296]
[87.68568]
[91.74235]
[115.848976]
[110.02514]
[118.74322]
[102.8272]
[94.67601]
[95.29803]
[97.68537]
[93.3447]
[89.78814]
[86.94984]
[85.31276]
[71.21576]
[70.02594]
[85.45082]
[85.384895]
[85.51857]
[88.11125]
[81.07118]
[84.47004]
[106.86595]
[118.0517]
[133.54495]
[130.77728]
[126.10226]
[127.100334]
[128.41501]
[124.26478]
[100.12702]
[99.01554]
[94.52243]
[93.47211]
[91.483246]
[63.314438]
[52.146606]
[60.83419]
[57.32558]
[53.841675]
[43.58867]
[25.723778]
[22.083904]
[22.821514]
[33.973152]
[47.54214]
[43.912727]
[45.07934]
[38.12365]
[22.487999]
[17.998945]
[30.55752]
[21.828308]
[19.0596]
[18.301405]
[16.389587]
[15.653095]
[15.76294]
[17.94716]
[18.08328]
[17.105583]
[16.064425]
[16.930592]
[15.077504]
[14.6925335]
[15.802017]
[15.83183]
[15.200864]
[15.577939]
[15.759371]
[16.023584]
[16.2358]
[18.330389]
[18.914732]
[15.828424]
[15.197976]
[15.68887]
[16.25682]
[16.295998]
[15.59604]
[15.674961]
[15.636708]
[15.031445]
[15.346069]
[14.055477]
[12.896047]
[13.849265]
[14.784599]
[17.088917]
[17.35842]
[20.068382]
[16.390203]
[15.7828045]
[16.491976]
[14.848706]
[13.35164]
[14.656386]
[21.58004]
[14.465126]
[12.286219]
[13.6184225]
[13.678871]
[17.530308]
[17.272856]
[15.933024]
[13.368808]
[13.880119]
[26.600124]
[31.85398]
[30.932568]
[29.893167]
[23.896828]
[15.333639]
[13.165084]
[12.422151]
[10.573897]
[9.77629]
[9.481158]
[9.251655]
[8.82983]
[8.645165]
[8.9158945]
[8.981921]
[8.845165]
[8.636481]
[8.7552805]
[8.593798]
[8.519943][10.25]
[9.45]
[13.02]
[10.69]
[5.31]
[5.25]
[5.26]
[5.31]
[5.31]
[5.3]
[5.29]
[5.3]
[9.25]
[9.31]
[9.28]
[9.29]
[9.27]
[9.26]
[9.25]
[9.26]
[9.26]
[9.27]
[9.25]
[9.25]
[9.32]
[9.28]
[9.26]
[9.22]
[9.21]
[9.23]
[9.23]
[9.06]
[9.24]
[9.25]
[9.24]
[9.29]
[9.55]
[9.28]
[9.27]
[9.27]
[9.25]
[9.24]
[9.28]
[12.21]
[12.29]
[12.32]
[12.27]
[12.3]
[12.29]
[12.25]
[12.25]
[12.25]
[12.29]
[12.3]
[12.3]
[12.31]
[12.36]
[12.34]
[12.35]
[12.36]
[12.37]
[12.39]
[12.39]
[12.4]
[12.36]
[12.39]
[12.4]
[12.41]
[12.52]
[12.25]
[12.25]
[12.03]
[12.31]
[26.75]
[15.2]
[15.05]
[15.12]
[15.03]
[15.09]
[15.17]
[15.22]
[15.41]
[15.4]
[15.43]
[15.24]
[15.14]
[15.08]
[15.29]
[15.3]
[15.23]
[15.22]
[15.17]
[15.21]
[15.24]
[15.21]
[15.26]
[15.09]
[15.03]
[14.94]
[15.09]
[15.28]
[15.3]
[15.52]
[15.38]
[15.46]
[15.26]
[15.55]
[15.54]
[15.27]
[22.36]
[17.87]
[15.85]
[42.75]
[82.22]
[94.05]
[93.25]
[90.97]
[55.68]
[49.63]
[58.09]
[56.67]
[54.59]
[53.59]
[58.05]
[53.08]
[41.74]
[57.88]
[58.89]
[56.17]
[56.45]
[59.98]
[24.57]
[23.68]
[48.95]
[58.59]
[52.66]
[61.65]
[55.39]
[15.63]
[15.57]
[49.45]
[48.02]
[57.5]
[95.04]
[91.35]
[127.12]
[159.08]
[215.85]
[192.9]
[144.63]
[136.75]
[131.02]
[99.64]
[86.83]
[129.19]
[131.03]
[129.73]
[130.49]
[130.52]
[92.3]
[87.76]
[90.33]
[91.84]
[90.24]
[92.4]
[96.82]
[52.74]
[45.22]
[55.96]
[60.38]
[51.61]
[55.5]
[62.81]
[54.04]
[56.12]
[53.08]
[60.33]
[38.11]
[64.66]
[62.07]
[50.21]
[45.53]
[67.12]
[58.52]
[53.52]
[50.52]
[53.77]
[41.06]
[38.17]
[35.45]
[50.08]
[57.71]
[43.73]
[61.41]
[54.5]
[42.43]
[96.98]
[93.31]
[95.73]
[93.08]
[91.61]
[94.94]
[85.74]
[88.4]
[98.74]
[90.94]
[95.37]
[98.5]
[45.13]
[47.61]
[67.66]
[39.1]
[71.69]
[37.29]
[69.59]
[19.53]
[12.7]
[49.99]
[27.12]
[31.05]
[19.21]
[28.46]
[14.31]
[9.94]
[17.83]
[28.86]
[44.83]
[46.46]
[52.06]
[24.01]
[9.42]
[50.97]
[57.23]
[44.2]
[37.8]
[12.15]
[9.41]
[10.47]
[20.43]
[33.31]
[48.25]
[44.01]
[55.45]
[12.7]
[10.36]
[51.64]
[50.92]
[50.38]
[49.93]
[49.1]
[13.79]
[10.13]
[29.22]
[34.2]
[23.2]
[39.35]
[38.77]
[14.08]
[10.2]
[32.49]
[35.58]
[33.86]
[32.24]
[29.9]
[23.23]
[16.87]
[24.9]
[28.37]
[17.49]
[16.74]
[47.53]
[16.06]
[15.03]
[32.65]
[36.66]
[33.79]
[32.62]
[31.6]
[12.79]
[8.68]
[29.3]
[28.48]
[33.01]
[32.79]
[29.71]
[12.11]
[7.79]
[7.39]
[5.3]
[5.33]
[5.36]
[5.41]
[5.44]
[5.46]
[5.48]
[5.51]
[5.52]
[5.54]
[5.55]
[5.56]
[5.57]
[5.58]
[5.41]
[5.59]
[5.59]
[5.59]
[5.59]
[5.59]
[5.59]
[5.52]
[9.82]
[15.53]
[16.95]
[20.82]
[11.7]
[14.18]
[15.4]
[23.39]
[19.41]
[16.47]
[11.42]
[6.71]
[12.54]
[12.67]
[10.63]
[11.37]
[12.05]
[14.44]
[14.47]
[12.32]
[14.46]
[13.82]
[14.57]
[14.58]
[8.47]
[14.78]
[14.81]
[14.47]
[5.31]
[5.31]
[5.29]
[6.65]
[12.03]
[10.97]
[11.68]
[7.09]
[5.32]
[5.32]
[5.33]
[5.32]
[5.32]
[7.66]
[5.32]
[5.32]
[5.32]
[5.29]
[5.21]
[5.09]
[5.1]
[5.1]
[5.1]
[5.11]
[5.11]
[5.1]
[5.12]
[5.22]
[5.48]
[5.49]
[5.27]
[5.12]
[5.13]
[5.12]
[5.12]
[5.11]
[5.16]
[8.76]
[8.76]
[8.94]
[8.95]
[8.95]
[10.8]
[10.34]
[8.93]
[12.82]
[12.41]
[9.78]
[12.71]
[13.05]
[9.78]
[9.61]
[13.47]
[13.71]
[13.82]
[13.8]
[20.11]
[12.1]
[10.21]
[15.44]
[19.36]
[24.22]
[16.35]
[13.82]
[12.91]
[11.05]
[11.21]
[12.63]
[12.73]
[13.93]
[14.]
[12.75]
[12.72]
[14.06]
[13.64]
[13.18]
[14.13]
[14.47]
[12.97]
[12.08]
[13.53]
[13.92]
[14.]
[14.03]
[13.47]
[12.53]
[12.61]
[12.89]
[13.87]
[13.64]
[12.29]
[13.75]
[12.77]
[12.77]
[13.97]
[13.97]
[12.95]
[15.58]
[14.78]
[14.97]
[14.82]
[14.67]
[14.69]
[14.7]
[14.81]
[14.7]
[17.5]
[18.04]
[19.37]
[14.58]
[14.62]
[14.69]
[14.75]
[14.6]
[14.39]
[14.42]
[14.49]
[14.55]
[14.59]
[14.62]
[14.6]
[14.31]
[14.23]
[14.12]
[14.15]
[14.3]
[14.52]
[14.49]
[14.43]
[14.23]
[14.17]
[14.28]
[14.37]
[14.29]
[14.2]
[14.09]
[14.11]
[14.23]
[14.04]
[14.13]
[14.15]
[14.07]
[14.02]
[13.88]
[13.88]
[13.78]
[13.82]
[13.92]
[14.08]
[13.97]
[13.86]
[13.82]
[13.83]
[13.99]
[14.01]
[13.84]
[13.78]
[13.71]
[13.96]
[14.1]
[13.99]
[13.72]
[16.98]
[13.92]
[13.67]
[13.53]
[13.42]
[13.41]
[13.36]
[14.17]
[14.52]
[14.48]
[14.44]
[14.41]
[14.38]
[14.37]
[14.35]
[14.34]
[14.31]
[15.25]
[14.32]
[14.31]
[14.29]
[14.29]
[14.58]
[14.56]
[12.15]
[11.95]
[11.88]
[11.87]
[11.82]
[13.39]
[11.95]
[11.94]
[11.89]
[11.86]
[11.86]
[11.84]
[11.83]
[11.81]
[11.86]
[11.86]
[11.8]
[11.8]
[11.79]
[11.78]
[11.77]
[11.96]
[11.94]
[11.9]
[11.85]
[11.35]
[11.83]
[11.8]
[12.]
[12.06]
[12.03]
[9.66]
[9.6]
[9.59]
[9.63]
[9.74]
[9.73]
[9.68]
[9.68]
[9.7]
[9.68]
[9.68]
[9.67]
[9.67]
[9.73]
[9.77]
[9.75]
[9.77]
[9.77]
[9.77]
[9.74]
[9.74]
[9.73]
[9.72]
[9.75]
[9.75]
[9.79]
[9.77]
[9.77]
[9.78]
[9.77]
[9.09]
[9.09]
[8.91]
[8.69]
[8.69]
[8.66]
[8.69]
[8.7]
[8.7]
[8.66]
[8.67]
[8.77]
[8.78]
[8.78]
[8.77]
[8.78]
[8.77]
[8.74]
[8.74]
[8.77]
[8.77]
[8.77]
[8.76]
[8.77]
[8.76]
[8.77]
[8.77]
[8.76]
[8.76]
[8.77]
[8.71]
[8.26]
[8.23]
[8.06]
[8.02]
[8.01]
[8.04]
[8.06]
[8.04]
[8.05]
[8.06]
[8.05]
[8.05]
[8.07]
[8.07]
[8.06]
[8.04]
[8.08]
[8.07]
[8.07]
[8.03]
[8.1]
[8.09]
[8.1]
[8.11]
[8.1]
[8.11]
[8.12]
[8.11]
[8.11]
[8.13]
[6.13]
[6.11]
[5.91]
[5.29]
[5.35]
[5.29]
[5.31]
[5.3]
[5.3]
[5.3]
[5.31]
[5.3]
[5.27]
[5.29]
[5.29]
[5.29]
[5.3]
[5.3]
[5.34]
[5.31]
[5.31]
[5.32]
[5.32]
[5.31]
[5.33]
[5.32]
[5.32]
[5.31]
[5.33]
[5.32]
[5.34]
[5.34]
[5.89]
[5.74]
[5.51]
[5.5]
[7.49]
[7.16]
[5.55]
[5.56]
[5.48]
[5.43]
[5.41]
[5.42]
[5.48]
[5.44]
[5.44]
[5.44]
[7.99]
[5.37]
[5.4]
[5.41]
[5.38]
[5.38]
[5.39]
[5.38]
[5.38]
[5.43]
[5.4]
[5.41]
[5.42]
[5.41]
[5.41]
[5.41]
[5.41]
[5.42]
[5.44]
[5.44]
[5.45]
[5.47]
[5.47]
[5.4]
[5.42]
[5.44]
[5.46]
[5.47]
[5.46]
[5.46]
[5.47]
[5.47]
[5.42]
[5.48]
[5.49]
[5.48]
[5.46]
[5.46]
[5.5]
[5.51]
[5.48]
[5.46]
[9.04]
[9.13]
[9.13]
[9.16]
[9.17]
[9.17]
[9.19]
[9.21]
[9.24]
[9.24]
[9.22]
[9.2]
[9.27]
[9.28]
[9.28]
[9.29]
[9.32]
[9.33]
[9.33]
[9.34]
[9.36]
[9.37]
[9.38]
[9.41]
[9.41]
[9.41]
[9.41]
[9.42]
[9.83]
[9.49]
[9.52]
[12.18]
[12.29]
[12.29]
[12.33]
[12.37]
[12.42]
[12.45]
[12.39]
[15.27]
[16.55]
[14.11]
[12.06]
[12.15]
[12.22]
[12.2]
[14.89]
[12.24]
[12.29]
[12.3]
[12.82]
[12.19]
[12.16]
[12.29]
[12.32]
[12.3]
[12.41]
[12.47]
[12.46]
[12.66]
[12.65]
[14.68]
[15.59]
[15.66]
[15.62]
[15.61]
[15.62]
[15.55]
[15.55]
[15.53]
[15.48]
[15.58]
[15.63]
[15.67]
[15.73]
[15.76]
[15.69]
[15.74]
[15.74]
[15.7]
[15.75]
[15.81]
[15.74]
[15.69]
[15.67]
[15.67]
[15.69]
[15.71]
[15.78]
[15.82]
[15.85]
[15.84]
[15.82]
[15.81]
[15.68]
[15.65]
[15.45]
[15.76]
[15.72]
[15.72]
[15.72]
[15.86]
[15.62]
[15.55]
[15.84]
[15.47]
[15.85]
[15.91]
[15.89]
[15.6]
[15.96]
[15.99]
[15.84]
[15.77]
[15.99]
[15.57]
[15.56]
[15.78]
[15.69]
[15.67]
[15.63]
[15.75]
[15.5]
[15.92]
[15.96]
[15.99]
[16.2]
[15.99]
[15.99]
[15.96]
[15.93]
[15.94]
[15.96]
[15.89]
[15.75]
[15.57]
[14.85]
[16.98]
[17.18]
[17.15]
[16.64]
[16.94]
[16.89]
[16.85]
[16.85]
[16.82]
[22.09]
[48.14]
[54.09]
[52.25]
[50.82]
[26.21]
[24.32]
[46.38]
[54.6]
[55.32]
[58.59]
[42.22]
[59.61]
[52.27]
[91.07]
[134.99]
[99.13]
[93.08]
[89.49]
[90.15]
[90.7]
[92.91]
[90.54]
[92.41]
[91.17]
[89.85]
[54.37]
[55.31]
[91.98]
[89.63]
[92.51]
[92.65]
[53.92]
[58.15]
[118.86]
[121.02]
[128.01]
[129.11]
[130.04]
[130.07]
[129.96]
[130.52]
[93.73]
[94.19]
[93.43]
[94.32]
[94.03]
[49.04]
[42.92]
[63.69]
[56.03]
[54.7]
[38.34]
[11.79]
[11.72]
[12.96]
[33.11]
[57.23]
[47.44]
[52.93]
[38.46]
[13.38]
[10.84]
[32.12]
[12.86]
[13.04]
[11.96]
[9.06]
[9.09]
[9.87]
[13.99]
[13.87]
[12.77]
[11.54]
[13.62]
[10.08]
[9.89]
[11.66]
[11.41]
[10.97]
[12.27]
[12.58]
[13.52]
[14.11]
[18.19]
[19.12]
[13.6]
[13.55]
[13.48]
[13.43]
[13.64]
[13.07]
[13.76]
[13.75]
[12.85]
[13.71]
[11.22]
[9.92]
[11.7]
[12.05]
[15.5]
[15.5]
[20.41]
[11.86]
[11.21]
[12.16]
[10.03]
[8.58]
[11.93]
[24.96]
[9.81]
[9.12]
[11.89]
[11.97]
[19.72]
[18.14]
[16.04]
[11.71]
[13.74]
[39.18]
[46.43]
[42.22]
[40.7]
[29.17]
[11.6]
[7.7]
[7.77]
[5.18]
[5.21]
[5.24]
[5.27]
[5.28]
[5.29]
[5.31]
[5.33]
[5.34]
[5.35]
[5.36]
[5.37]
[5.38]
[5.39]