0.9011193255883178, 0.9042905941660816, 6.620261646763373, 191.41592068665682[11.541291]
[9.074055]
[7.988706]
[9.8032465]
[8.960961]
[5.6745667]
[5.096481]
[5.1448193]
[5.1360517]
[5.12768]
[5.1104193]
[5.065663]
[5.09578]
[7.3051414]
[7.732217]
[7.8043666]
[7.8773236]
[8.128399]
[9.404672]
[10.122603]
[9.666988]
[8.562267]
[8.339859]
[8.264524]
[8.198091]
[8.214478]
[8.213895]
[8.198815]
[8.104021]
[8.067421]
[8.021797]
[8.0848675]
[8.159087]
[8.2368355]
[8.175782]
[8.229349]
[8.149616]
[8.281773]
[12.009978]
[9.187624]
[8.580383]
[9.003883]
[9.218424]
[9.068162]
[10.588711]
[10.835045]
[10.744934]
[10.784223]
[10.696987]
[11.027883]
[11.263208]
[11.178478]
[10.881593]
[10.91597]
[10.826677]
[10.7696295]
[10.787001]
[10.705976]
[10.636596]
[10.624776]
[10.633985]
[10.504546]
[10.587799]
[10.632152]
[10.770419]
[10.786616]
[11.184182]
[11.3006935]
[11.156042]
[11.222213]
[13.49186]
[8.827985]
[10.16269]
[10.70361]
[36.68686]
[16.370228]
[12.078162]
[12.077181]
[12.015885]
[12.1473]
[12.267655]
[12.154591]
[12.280228]
[12.337858]
[12.298644]
[12.286342]
[12.437213]
[12.498817]
[12.510707]
[12.593682]
[12.692939]
[13.0850315]
[13.028436]
[12.778815]
[12.780635]
[12.773691]
[12.713359]
[12.536885]
[12.39964]
[12.6152935]
[13.083447]
[13.283797]
[13.478111]
[13.897167]
[13.914974]
[13.397266]
[17.33072]
[19.618258]
[18.29905]
[29.732742]
[45.291355]
[20.00462]
[62.22937]
[63.24475]
[76.2994]
[89.41156]
[119.61889]
[89.03236]
[66.66887]
[52.73401]
[55.832077]
[54.071064]
[50.9658]
[48.197227]
[49.72583]
[46.641644]
[38.318115]
[46.44275]
[49.378983]
[47.752518]
[47.28212]
[50.35902]
[28.671572]
[23.84569]
[39.42304]
[47.972794]
[44.38486]
[48.650734]
[44.912178]
[20.35539]
[20.763645]
[41.404182]
[44.459667]
[69.187614]
[93.342735]
[127.75159]
[137.7413]
[162.15398]
[194.89204]
[161.05707]
[138.91335]
[134.67422]
[120.02324]
[98.74524]
[82.05143]
[105.72755]
[109.264755]
[110.631676]
[111.92912]
[120.47673]
[101.0094]
[90.01124]
[87.247696]
[86.59721]
[82.9896]
[83.10984]
[86.987274]
[65.45967]
[60.35239]
[69.04362]
[68.03601]
[63.964783]
[63.396538]
[62.692482]
[54.849358]
[52.944717]
[49.8604]
[52.850708]
[39.097385]
[51.841557]
[53.23827]
[45.611263]
[41.86472]
[54.632698]
[50.777576]
[45.357895]
[42.170662]
[43.60136]
[37.05621]
[36.679726]
[40.357147]
[55.999287]
[61.138737]
[52.60876]
[58.82505]
[53.490574]
[51.04871]
[88.22661]
[87.58455]
[86.61763]
[81.90887]
[78.651505]
[79.5885]
[74.57053]
[78.13943]
[86.12882]
[83.53585]
[90.88974]
[93.97116]
[65.31612]
[63.990314]
[71.1837]
[50.827152]
[65.62873]
[45.270718]
[59.099552]
[31.407875]
[21.648687]
[42.280823]
[31.578506]
[30.361525]
[23.29297]
[26.717371]
[19.29055]
[14.826411]
[18.388954]
[24.818312]
[34.263363]
[36.309975]
[40.07969]
[26.028425]
[16.458319]
[38.634357]
[46.597366]
[38.722454]
[34.049072]
[20.199837]
[17.132]
[17.380152]
[21.685892]
[28.402227]
[37.014355]
[35.493988]
[41.517838]
[18.369984]
[13.826966]
[36.659916]
[39.59118]
[38.63034]
[38.569584]
[37.536762]
[18.16913]
[14.888046]
[25.422586]
[29.181551]
[22.401964]
[29.593563]
[30.219166]
[16.026428]
[11.381374]
[23.12625]
[26.9807]
[25.945791]
[24.427956]
[22.795116]
[18.595167]
[14.445133]
[18.529312]
[21.558807]
[16.315706]
[16.352417]
[35.39411]
[19.627972]
[14.457201]
[23.871614]
[27.624437]
[26.067392]
[24.813639]
[23.842495]
[12.806371]
[8.76509]
[19.838655]
[21.154861]
[23.40506]
[24.279558]
[22.584833]
[12.026313]
[7.860732]
[7.2515326]
[6.1245394]
[5.8456874]
[6.0536785]
[6.2338924]
[6.0846353]
[5.9032044]
[5.770758]
[5.7886014]
[5.770116]
[5.7228394]
[5.6113324]
[5.5327506]
[5.5101337]
[5.5153584]
[5.4176316]
[5.39826]
[5.338051]
[5.313194]
[5.313194]
[5.313194]
[5.313194]
[5.185469]
[7.103741]
[12.210645]
[12.366366]
[14.212334]
[9.682615]
[10.178052]
[11.088301]
[15.744855]
[14.414355]
[12.393336]
[9.282673]
[6.2138166]
[8.867551]
[9.503414]
[8.347418]
[8.562649]
[9.069429]
[10.603713]
[10.935865]
[9.650262]
[10.657441]
[17.812017]
[12.427107]
[11.1720705]
[7.7411685]
[10.822748]
[11.284971]
[11.232713]
[6.0946226]
[5.1658387]
[5.183765]
[5.881137]
[9.004313]
[9.053742]
[9.14932]
[6.724996]
[5.291251]
[5.1474338]
[5.1697636]
[5.158467]
[5.11317]
[6.4571967]
[5.3914447]
[5.1159067]
[5.172393]
[5.133073]
[5.1134005]
[5.0860786]
[5.4730115]
[5.557994]
[5.4101534]
[5.3342433]
[5.21323]
[5.1603694]
[5.1724105]
[5.2233663]
[5.3336186]
[5.3632975]
[5.2827644]
[5.3215804]
[5.198924]
[5.181614]
[5.205896]
[5.2037163]
[5.224948]
[7.245347]
[7.4984207]
[12.022951]
[8.385193]
[7.7322]
[8.585503]
[8.519331]
[7.707087]
[10.324335]
[9.841116]
[8.409277]
[9.73291]
[10.207216]
[8.626821]
[8.408365]
[10.724975]
[10.987901]
[10.948042]
[10.707068]
[15.566733]
[10.58293]
[8.982171]
[11.706598]
[15.159494]
[19.302732]
[13.514266]
[10.958149]
[10.195392]
[9.036676]
[8.974476]
[9.793422]
[10.056461]
[10.805005]
[10.96481]
[10.305791]
[10.234281]
[10.943515]
[10.910265]
[10.78208]
[11.292608]
[11.480354]
[10.613616]
[10.02887]
[10.820009]
[11.090653]
[11.107407]
[11.105889]
[10.762921]
[10.173233]
[10.35243]
[10.995387]
[11.851769]
[11.557698]
[10.612433]
[11.768021]
[11.375713]
[10.935117]
[11.46944]
[11.474732]
[10.764825]
[12.364753]
[12.02915]
[12.04582]
[11.977354]
[11.8603735]
[11.822323]
[11.793774]
[11.913912]
[11.849501]
[13.80128]
[17.306072]
[16.47819]
[12.363107]
[11.73528]
[11.904207]
[11.995825]
[12.066657]
[11.877448]
[11.861672]
[11.951665]
[12.057652]
[12.200284]
[12.298501]
[12.374028]
[12.249717]
[12.248066]
[12.213754]
[12.342194]
[12.538524]
[12.845621]
[12.93691]
[12.853658]
[12.660161]
[12.613703]
[12.574225]
[12.620548]
[12.562289]
[12.382359]
[12.258833]
[12.210943]
[12.258307]
[12.111115]
[12.099021]
[12.049484]
[11.968688]
[12.022945]
[11.7212925]
[11.714794]
[11.720757]
[11.529029]
[11.615863]
[11.703226]
[11.428128]
[11.222062]
[11.05213]
[10.809671]
[10.802026]
[11.13869]
[11.376345]
[11.603043]
[11.602938]
[11.838855]
[11.916912]
[12.001583]
[11.241485]
[14.4194355]
[-0.14886814]
[9.879304]
[10.412234]
[9.804109]
[11.824034]
[12.552724]
[13.126329]
[13.063009]
[13.2225895]
[13.104376]
[12.831603]
[12.52705]
[12.412268]
[12.36429]
[12.41486]
[12.402171]
[12.965914]
[12.386375]
[12.268284]
[12.232665]
[12.219837]
[11.743522]
[12.291323]
[10.944655]
[10.649632]
[10.263424]
[10.469814]
[10.58082]
[11.637084]
[11.09437]
[11.159066]
[11.071301]
[11.056833]
[10.975854]
[10.7425585]
[11.047481]
[11.045543]
[10.960998]
[10.910777]
[10.827355]
[10.747813]
[10.659488]
[10.658478]
[10.7762375]
[10.241372]
[11.243858]
[11.980404]
[11.649574]
[12.077041]
[11.277111]
[11.54435]
[11.543212]
[11.503112]
[10.980812]
[9.685568]
[10.061809]
[9.903315]
[9.704196]
[9.783316]
[9.672493]
[9.686354]
[9.566784]
[9.608791]
[9.48791]
[9.428734]
[9.503517]
[9.344119]
[9.454615]
[9.363349]
[9.397187]
[9.372908]
[9.38434]
[9.326811]
[9.310087]
[9.241595]
[9.246323]
[9.1750555]
[9.166028]
[9.1734295]
[9.120578]
[9.059824]
[9.102243]
[9.098637]
[9.100666]
[8.78455]
[8.714419]
[8.573112]
[8.349713]
[8.257664]
[8.348103]
[8.45306]
[8.374418]
[8.212324]
[8.179854]
[8.18539]
[8.191713]
[9.223016]
[9.316973]
[9.060015]
[8.851357]
[8.668741]
[8.55522]
[8.484096]
[8.385457]
[8.4742]
[8.380534]
[8.321017]
[8.223509]
[8.228416]
[8.13338]
[8.383133]
[8.601684]
[8.42844]
[8.6110935]
[8.585034]
[8.148464]
[7.9326525]
[7.7875075]
[7.74248]
[7.657438]
[7.709128]
[7.7614145]
[7.58237]
[7.632813]
[7.5674367]
[7.521825]
[7.5117517]
[7.517008]
[7.396457]
[7.4610124]
[7.367494]
[7.3416433]
[7.2150483]
[7.1695232]
[7.243642]
[7.106526]
[7.020096]
[7.1143003]
[7.161052]
[7.056294]
[7.1136603]
[7.1572905]
[7.3569317]
[7.4410706]
[7.46048]
[6.353637]
[6.045276]
[5.772641]
[5.402785]
[5.2833753]
[5.315448]
[5.2515593]
[5.213773]
[5.298661]
[5.2346897]
[5.20705]
[5.1910515]
[5.168042]
[5.172425]
[5.079754]
[5.0372753]
[5.1260614]
[4.975834]
[5.018765]
[5.1241355]
[5.068312]
[5.035992]
[5.028434]
[5.018585]
[5.0274005]
[5.020062]
[5.012505]
[5.004759]
[5.0098414]
[4.9221954]
[4.975114]
[4.923132]
[5.2335434]
[5.205684]
[8.157615]
[5.593704]
[6.372331]
[6.5615773]
[5.227029]
[5.0177073]
[4.969754]
[4.92158]
[5.1375585]
[4.9308596]
[5.1143594]
[4.929722]
[5.096952]
[4.917932]
[6.7714868]
[5.384639]
[5.071364]
[5.058998]
[5.047126]
[5.035255]
[5.023345]
[4.8334465]
[4.9820557]
[4.9562664]
[6.723102]
[5.132716]
[4.8175526]
[4.9409895]
[4.81839]
[4.803703]
[4.912563]
[4.8094425]
[4.89111]
[4.885322]
[4.8054442]
[4.8647265]
[4.812181]
[4.768485]
[4.771956]
[4.8278527]
[4.786576]
[4.8106217]
[4.775624]
[4.777049]
[4.783739]
[4.778744]
[4.726755]
[4.770397]
[4.7628593]
[4.7529745]
[4.7556877]
[4.733421]
[4.746607]
[4.753059]
[4.716168]
[4.7102475]
[7.4695134]
[7.4646807]
[7.8209095]
[7.473155]
[7.787365]
[7.8615794]
[7.80837]
[7.7759576]
[8.332169]
[7.8250346]
[8.279462]
[7.77317]
[8.226741]
[7.7214913]
[8.175618]
[8.248587]
[7.6994905]
[7.672929]
[7.7291594]
[7.7857604]
[7.8528733]
[7.9243317]
[7.970359]
[8.377445]
[8.169916]
[8.716188]
[8.592929]
[8.356282]
[9.163714]
[9.338139]
[9.374152]
[11.018712]
[11.1680155]
[11.066804]
[11.503878]
[10.941484]
[11.294591]
[11.808513]
[11.773391]
[13.933421]
[14.9975]
[13.593297]
[11.064115]
[10.881205]
[10.746979]
[10.874249]
[12.989943]
[10.890571]
[10.232224]
[10.023421]
[10.137905]
[9.338154]
[9.012959]
[9.353989]
[9.881732]
[10.317403]
[10.470439]
[9.914158]
[9.544341]
[9.601061]
[9.577881]
[10.479942]
[11.044891]
[11.348561]
[11.624073]
[11.327212]
[11.489994]
[11.290119]
[11.431552]
[11.43941]
[11.920895]
[10.642922]
[24.506456]
[13.213047]
[13.133136]
[10.62379]
[13.45443]
[14.233796]
[14.429389]
[14.432123]
[14.200558]
[13.896426]
[13.767968]
[13.62173]
[13.471797]
[14.240648]
[13.33608]
[13.093385]
[12.80332]
[13.0303545]
[13.140117]
[13.419665]
[12.289664]
[11.662087]
[12.251965]
[11.362472]
[11.042926]
[13.03524]
[13.965682]
[14.429511]
[15.100488]
[14.369996]
[13.850895]
[14.021298]
[14.779055]
[14.278739]
[14.932105]
[15.438052]
[14.865657]
[14.2984085]
[14.242982]
[14.088296]
[13.942337]
[13.847638]
[13.911605]
[14.751604]
[15.745127]
[15.403926]
[14.684639]
[14.270718]
[13.786001]
[13.691366]
[13.531241]
[13.883608]
[13.9790745]
[14.583881]
[14.879141]
[14.574648]
[14.368663]
[14.360554]
[14.008589]
[14.2493725]
[14.327978]
[14.835142]
[19.444687]
[21.135378]
[15.907462]
[22.945919]
[22.859707]
[19.085493]
[18.840544]
[17.847466]
[5.622794]
[14.203811]
[16.359232]
[16.149456]
[19.355268]
[36.637257]
[43.191795]
[46.17081]
[50.651276]
[39.31705]
[34.913868]
[51.96592]
[61.162666]
[59.706776]
[60.184246]
[49.216972]
[66.1513]
[76.066444]
[90.05322]
[117.671326]
[105.45627]
[105.01821]
[96.62478]
[96.32025]
[92.44051]
[93.07089]
[88.45831]
[85.69712]
[83.0103]
[80.28576]
[65.097725]
[66.81846]
[82.67035]
[82.633484]
[81.66669]
[82.710815]
[75.64345]
[77.28046]
[106.52683]
[114.98057]
[128.95404]
[123.953125]
[121.238396]
[123.29125]
[124.961914]
[120.386566]
[94.8368]
[94.062416]
[89.84452]
[88.925766]
[86.39022]
[54.99977]
[45.652725]
[55.88157]
[52.38696]
[49.582718]
[38.411438]
[20.336573]
[17.311544]
[17.731041]
[28.980194]
[44.809433]
[40.728363]
[42.535366]
[34.145786]
[17.804922]
[13.907487]
[26.038586]
[17.066334]
[14.654503]
[14.036841]
[12.148089]
[11.531649]
[11.597132]
[13.610299]
[13.693873]
[12.802716]
[11.8832035]
[12.643715]
[11.004569]
[10.61139]
[11.611929]
[11.5419855]
[10.958319]
[11.376673]
[11.509406]
[11.751656]
[12.03345]
[13.998792]
[14.671612]
[11.6854925]
[11.1785]
[11.673727]
[12.044344]
[12.003749]
[11.42864]
[11.533523]
[11.522148]
[10.935932]
[11.300841]
[10.021787]
[9.008387]
[9.950382]
[10.804997]
[12.803863]
[13.090831]
[15.777773]
[12.18224]
[11.64021]
[12.015323]
[10.607779]
[9.2674675]
[10.4612]
[17.273294]
[10.315673]
[8.436284]
[9.571315]
[9.705099]
[13.422098]
[13.272694]
[11.934369]
[9.527643]
[9.99341]
[23.550844]
[29.703564]
[28.624382]
[26.932812]
[20.872467]
[11.991267]
[9.419961]
[9.024426]
[7.21319]
[6.5767307]
[6.2914705]
[6.0627003]
[5.5756106]
[5.6308618]
[5.723717]
[5.8554664]
[5.5555186]
[5.552375]
[5.540417]
[5.381306]
[5.385738][10.25]
[9.45]
[13.02]
[10.69]
[5.31]
[5.25]
[5.26]
[5.31]
[5.31]
[5.3]
[5.29]
[5.3]
[9.25]
[9.31]
[9.28]
[9.29]
[9.27]
[9.26]
[9.25]
[9.26]
[9.26]
[9.27]
[9.25]
[9.25]
[9.32]
[9.28]
[9.26]
[9.22]
[9.21]
[9.23]
[9.23]
[9.06]
[9.24]
[9.25]
[9.24]
[9.29]
[9.55]
[9.28]
[9.27]
[9.27]
[9.25]
[9.24]
[9.28]
[12.21]
[12.29]
[12.32]
[12.27]
[12.3]
[12.29]
[12.25]
[12.25]
[12.25]
[12.29]
[12.3]
[12.3]
[12.31]
[12.36]
[12.34]
[12.35]
[12.36]
[12.37]
[12.39]
[12.39]
[12.4]
[12.36]
[12.39]
[12.4]
[12.41]
[12.52]
[12.25]
[12.25]
[12.03]
[12.31]
[26.75]
[15.2]
[15.05]
[15.12]
[15.03]
[15.09]
[15.17]
[15.22]
[15.41]
[15.4]
[15.43]
[15.24]
[15.14]
[15.08]
[15.29]
[15.3]
[15.23]
[15.22]
[15.17]
[15.21]
[15.24]
[15.21]
[15.26]
[15.09]
[15.03]
[14.94]
[15.09]
[15.28]
[15.3]
[15.52]
[15.38]
[15.46]
[15.26]
[15.55]
[15.54]
[15.27]
[22.36]
[17.87]
[15.85]
[42.75]
[82.22]
[94.05]
[93.25]
[90.97]
[55.68]
[49.63]
[58.09]
[56.67]
[54.59]
[53.59]
[58.05]
[53.08]
[41.74]
[57.88]
[58.89]
[56.17]
[56.45]
[59.98]
[24.57]
[23.68]
[48.95]
[58.59]
[52.66]
[61.65]
[55.39]
[15.63]
[15.57]
[49.45]
[48.02]
[57.5]
[95.04]
[91.35]
[127.12]
[159.08]
[215.85]
[192.9]
[144.63]
[136.75]
[131.02]
[99.64]
[86.83]
[129.19]
[131.03]
[129.73]
[130.49]
[130.52]
[92.3]
[87.76]
[90.33]
[91.84]
[90.24]
[92.4]
[96.82]
[52.74]
[45.22]
[55.96]
[60.38]
[51.61]
[55.5]
[62.81]
[54.04]
[56.12]
[53.08]
[60.33]
[38.11]
[64.66]
[62.07]
[50.21]
[45.53]
[67.12]
[58.52]
[53.52]
[50.52]
[53.77]
[41.06]
[38.17]
[35.45]
[50.08]
[57.71]
[43.73]
[61.41]
[54.5]
[42.43]
[96.98]
[93.31]
[95.73]
[93.08]
[91.61]
[94.94]
[85.74]
[88.4]
[98.74]
[90.94]
[95.37]
[98.5]
[45.13]
[47.61]
[67.66]
[39.1]
[71.69]
[37.29]
[69.59]
[19.53]
[12.7]
[49.99]
[27.12]
[31.05]
[19.21]
[28.46]
[14.31]
[9.94]
[17.83]
[28.86]
[44.83]
[46.46]
[52.06]
[24.01]
[9.42]
[50.97]
[57.23]
[44.2]
[37.8]
[12.15]
[9.41]
[10.47]
[20.43]
[33.31]
[48.25]
[44.01]
[55.45]
[12.7]
[10.36]
[51.64]
[50.92]
[50.38]
[49.93]
[49.1]
[13.79]
[10.13]
[29.22]
[34.2]
[23.2]
[39.35]
[38.77]
[14.08]
[10.2]
[32.49]
[35.58]
[33.86]
[32.24]
[29.9]
[23.23]
[16.87]
[24.9]
[28.37]
[17.49]
[16.74]
[47.53]
[16.06]
[15.03]
[32.65]
[36.66]
[33.79]
[32.62]
[31.6]
[12.79]
[8.68]
[29.3]
[28.48]
[33.01]
[32.79]
[29.71]
[12.11]
[7.79]
[7.39]
[5.3]
[5.33]
[5.36]
[5.41]
[5.44]
[5.46]
[5.48]
[5.51]
[5.52]
[5.54]
[5.55]
[5.56]
[5.57]
[5.58]
[5.41]
[5.59]
[5.59]
[5.59]
[5.59]
[5.59]
[5.59]
[5.52]
[9.82]
[15.53]
[16.95]
[20.82]
[11.7]
[14.18]
[15.4]
[23.39]
[19.41]
[16.47]
[11.42]
[6.71]
[12.54]
[12.67]
[10.63]
[11.37]
[12.05]
[14.44]
[14.47]
[12.32]
[14.46]
[13.82]
[14.57]
[14.58]
[8.47]
[14.78]
[14.81]
[14.47]
[5.31]
[5.31]
[5.29]
[6.65]
[12.03]
[10.97]
[11.68]
[7.09]
[5.32]
[5.32]
[5.33]
[5.32]
[5.32]
[7.66]
[5.32]
[5.32]
[5.32]
[5.29]
[5.21]
[5.09]
[5.1]
[5.1]
[5.1]
[5.11]
[5.11]
[5.1]
[5.12]
[5.22]
[5.48]
[5.49]
[5.27]
[5.12]
[5.13]
[5.12]
[5.12]
[5.11]
[5.16]
[8.76]
[8.76]
[8.94]
[8.95]
[8.95]
[10.8]
[10.34]
[8.93]
[12.82]
[12.41]
[9.78]
[12.71]
[13.05]
[9.78]
[9.61]
[13.47]
[13.71]
[13.82]
[13.8]
[20.11]
[12.1]
[10.21]
[15.44]
[19.36]
[24.22]
[16.35]
[13.82]
[12.91]
[11.05]
[11.21]
[12.63]
[12.73]
[13.93]
[14.]
[12.75]
[12.72]
[14.06]
[13.64]
[13.18]
[14.13]
[14.47]
[12.97]
[12.08]
[13.53]
[13.92]
[14.]
[14.03]
[13.47]
[12.53]
[12.61]
[12.89]
[13.87]
[13.64]
[12.29]
[13.75]
[12.77]
[12.77]
[13.97]
[13.97]
[12.95]
[15.58]
[14.78]
[14.97]
[14.82]
[14.67]
[14.69]
[14.7]
[14.81]
[14.7]
[17.5]
[18.04]
[19.37]
[14.58]
[14.62]
[14.69]
[14.75]
[14.6]
[14.39]
[14.42]
[14.49]
[14.55]
[14.59]
[14.62]
[14.6]
[14.31]
[14.23]
[14.12]
[14.15]
[14.3]
[14.52]
[14.49]
[14.43]
[14.23]
[14.17]
[14.28]
[14.37]
[14.29]
[14.2]
[14.09]
[14.11]
[14.23]
[14.04]
[14.13]
[14.15]
[14.07]
[14.02]
[13.88]
[13.88]
[13.78]
[13.82]
[13.92]
[14.08]
[13.97]
[13.86]
[13.82]
[13.83]
[13.99]
[14.01]
[13.84]
[13.78]
[13.71]
[13.96]
[14.1]
[13.99]
[13.72]
[16.98]
[13.92]
[13.67]
[13.53]
[13.42]
[13.41]
[13.36]
[14.17]
[14.52]
[14.48]
[14.44]
[14.41]
[14.38]
[14.37]
[14.35]
[14.34]
[14.31]
[15.25]
[14.32]
[14.31]
[14.29]
[14.29]
[14.58]
[14.56]
[12.15]
[11.95]
[11.88]
[11.87]
[11.82]
[13.39]
[11.95]
[11.94]
[11.89]
[11.86]
[11.86]
[11.84]
[11.83]
[11.81]
[11.86]
[11.86]
[11.8]
[11.8]
[11.79]
[11.78]
[11.77]
[11.96]
[11.94]
[11.9]
[11.85]
[11.35]
[11.83]
[11.8]
[12.]
[12.06]
[12.03]
[9.66]
[9.6]
[9.59]
[9.63]
[9.74]
[9.73]
[9.68]
[9.68]
[9.7]
[9.68]
[9.68]
[9.67]
[9.67]
[9.73]
[9.77]
[9.75]
[9.77]
[9.77]
[9.77]
[9.74]
[9.74]
[9.73]
[9.72]
[9.75]
[9.75]
[9.79]
[9.77]
[9.77]
[9.78]
[9.77]
[9.09]
[9.09]
[8.91]
[8.69]
[8.69]
[8.66]
[8.69]
[8.7]
[8.7]
[8.66]
[8.67]
[8.77]
[8.78]
[8.78]
[8.77]
[8.78]
[8.77]
[8.74]
[8.74]
[8.77]
[8.77]
[8.77]
[8.76]
[8.77]
[8.76]
[8.77]
[8.77]
[8.76]
[8.76]
[8.77]
[8.71]
[8.26]
[8.23]
[8.06]
[8.02]
[8.01]
[8.04]
[8.06]
[8.04]
[8.05]
[8.06]
[8.05]
[8.05]
[8.07]
[8.07]
[8.06]
[8.04]
[8.08]
[8.07]
[8.07]
[8.03]
[8.1]
[8.09]
[8.1]
[8.11]
[8.1]
[8.11]
[8.12]
[8.11]
[8.11]
[8.13]
[6.13]
[6.11]
[5.91]
[5.29]
[5.35]
[5.29]
[5.31]
[5.3]
[5.3]
[5.3]
[5.31]
[5.3]
[5.27]
[5.29]
[5.29]
[5.29]
[5.3]
[5.3]
[5.34]
[5.31]
[5.31]
[5.32]
[5.32]
[5.31]
[5.33]
[5.32]
[5.32]
[5.31]
[5.33]
[5.32]
[5.34]
[5.34]
[5.89]
[5.74]
[5.51]
[5.5]
[7.49]
[7.16]
[5.55]
[5.56]
[5.48]
[5.43]
[5.41]
[5.42]
[5.48]
[5.44]
[5.44]
[5.44]
[7.99]
[5.37]
[5.4]
[5.41]
[5.38]
[5.38]
[5.39]
[5.38]
[5.38]
[5.43]
[5.4]
[5.41]
[5.42]
[5.41]
[5.41]
[5.41]
[5.41]
[5.42]
[5.44]
[5.44]
[5.45]
[5.47]
[5.47]
[5.4]
[5.42]
[5.44]
[5.46]
[5.47]
[5.46]
[5.46]
[5.47]
[5.47]
[5.42]
[5.48]
[5.49]
[5.48]
[5.46]
[5.46]
[5.5]
[5.51]
[5.48]
[5.46]
[9.04]
[9.13]
[9.13]
[9.16]
[9.17]
[9.17]
[9.19]
[9.21]
[9.24]
[9.24]
[9.22]
[9.2]
[9.27]
[9.28]
[9.28]
[9.29]
[9.32]
[9.33]
[9.33]
[9.34]
[9.36]
[9.37]
[9.38]
[9.41]
[9.41]
[9.41]
[9.41]
[9.42]
[9.83]
[9.49]
[9.52]
[12.18]
[12.29]
[12.29]
[12.33]
[12.37]
[12.42]
[12.45]
[12.39]
[15.27]
[16.55]
[14.11]
[12.06]
[12.15]
[12.22]
[12.2]
[14.89]
[12.24]
[12.29]
[12.3]
[12.82]
[12.19]
[12.16]
[12.29]
[12.32]
[12.3]
[12.41]
[12.47]
[12.46]
[12.66]
[12.65]
[14.68]
[15.59]
[15.66]
[15.62]
[15.61]
[15.62]
[15.55]
[15.55]
[15.53]
[15.48]
[15.58]
[15.63]
[15.67]
[15.73]
[15.76]
[15.69]
[15.74]
[15.74]
[15.7]
[15.75]
[15.81]
[15.74]
[15.69]
[15.67]
[15.67]
[15.69]
[15.71]
[15.78]
[15.82]
[15.85]
[15.84]
[15.82]
[15.81]
[15.68]
[15.65]
[15.45]
[15.76]
[15.72]
[15.72]
[15.72]
[15.86]
[15.62]
[15.55]
[15.84]
[15.47]
[15.85]
[15.91]
[15.89]
[15.6]
[15.96]
[15.99]
[15.84]
[15.77]
[15.99]
[15.57]
[15.56]
[15.78]
[15.69]
[15.67]
[15.63]
[15.75]
[15.5]
[15.92]
[15.96]
[15.99]
[16.2]
[15.99]
[15.99]
[15.96]
[15.93]
[15.94]
[15.96]
[15.89]
[15.75]
[15.57]
[14.85]
[16.98]
[17.18]
[17.15]
[16.64]
[16.94]
[16.89]
[16.85]
[16.85]
[16.82]
[22.09]
[48.14]
[54.09]
[52.25]
[50.82]
[26.21]
[24.32]
[46.38]
[54.6]
[55.32]
[58.59]
[42.22]
[59.61]
[52.27]
[91.07]
[134.99]
[99.13]
[93.08]
[89.49]
[90.15]
[90.7]
[92.91]
[90.54]
[92.41]
[91.17]
[89.85]
[54.37]
[55.31]
[91.98]
[89.63]
[92.51]
[92.65]
[53.92]
[58.15]
[118.86]
[121.02]
[128.01]
[129.11]
[130.04]
[130.07]
[129.96]
[130.52]
[93.73]
[94.19]
[93.43]
[94.32]
[94.03]
[49.04]
[42.92]
[63.69]
[56.03]
[54.7]
[38.34]
[11.79]
[11.72]
[12.96]
[33.11]
[57.23]
[47.44]
[52.93]
[38.46]
[13.38]
[10.84]
[32.12]
[12.86]
[13.04]
[11.96]
[9.06]
[9.09]
[9.87]
[13.99]
[13.87]
[12.77]
[11.54]
[13.62]
[10.08]
[9.89]
[11.66]
[11.41]
[10.97]
[12.27]
[12.58]
[13.52]
[14.11]
[18.19]
[19.12]
[13.6]
[13.55]
[13.48]
[13.43]
[13.64]
[13.07]
[13.76]
[13.75]
[12.85]
[13.71]
[11.22]
[9.92]
[11.7]
[12.05]
[15.5]
[15.5]
[20.41]
[11.86]
[11.21]
[12.16]
[10.03]
[8.58]
[11.93]
[24.96]
[9.81]
[9.12]
[11.89]
[11.97]
[19.72]
[18.14]
[16.04]
[11.71]
[13.74]
[39.18]
[46.43]
[42.22]
[40.7]
[29.17]
[11.6]
[7.7]
[7.77]
[5.18]
[5.21]
[5.24]
[5.27]
[5.28]
[5.29]
[5.31]
[5.33]
[5.34]
[5.35]
[5.36]
[5.37]
[5.38]
[5.39]