0.9011194958089697, 0.9018702398348377, -0.29256637964284155, 191.41575592768334[13.238954]
[10.300793]
[9.208862]
[11.316264]
[10.132747]
[6.5602975]
[5.9624796]
[6.097892]
[6.1182833]
[6.071842]
[6.1241164]
[6.0025516]
[6.0691605]
[8.533067]
[9.027121]
[8.949501]
[8.886511]
[8.29619]
[9.255529]
[11.522424]
[10.884371]
[9.828026]
[9.492142]
[9.404004]
[9.33144]
[9.310452]
[9.306175]
[9.34478]
[9.241731]
[9.221193]
[9.11399]
[9.03413]
[9.19955]
[9.390085]
[9.229729]
[9.30926]
[9.387725]
[9.079496]
[13.100414]
[10.075976]
[9.160592]
[9.605698]
[10.188204]
[10.254151]
[11.833479]
[11.965118]
[11.783792]
[11.83598]
[11.547946]
[11.81529]
[12.287718]
[12.3678255]
[11.954717]
[11.984654]
[11.912724]
[11.794465]
[11.806366]
[11.904428]
[11.834433]
[11.786233]
[11.804978]
[11.878815]
[11.768514]
[11.79283]
[11.801882]
[11.518396]
[11.945531]
[12.545582]
[12.128191]
[12.233611]
[14.858638]
[9.579214]
[11.368683]
[11.901758]
[38.511536]
[17.72376]
[13.878013]
[13.955439]
[13.874822]
[13.853702]
[13.99292]
[14.252785]
[14.1837845]
[14.198219]
[14.371427]
[14.074781]
[13.925928]
[14.109567]
[14.49903]
[14.251761]
[14.171163]
[13.84866]
[14.573309]
[14.788247]
[14.292143]
[14.406827]
[14.572423]
[14.374798]
[14.369326]
[13.655565]
[13.828867]
[14.58256]
[14.175012]
[14.20166]
[14.312394]
[13.8756075]
[17.716179]
[18.840832]
[18.635136]
[24.968302]
[44.29946]
[23.815012]
[55.447124]
[62.60919]
[82.48091]
[94.21781]
[116.222565]
[90.96784]
[72.04994]
[59.209324]
[60.75448]
[59.569683]
[56.70215]
[52.91581]
[53.841145]
[50.302692]
[41.988125]
[50.078625]
[52.10984]
[50.065926]
[50.53203]
[53.115467]
[31.798992]
[27.259346]
[43.379673]
[50.14813]
[45.94905]
[49.69905]
[45.657368]
[21.9881]
[20.780218]
[46.047997]
[49.641148]
[62.467636]
[93.50507]
[124.551186]
[144.53638]
[164.72932]
[198.8454]
[169.55801]
[140.6713]
[134.17717]
[122.60191]
[100.13661]
[85.40067]
[109.025696]
[114.33827]
[115.9198]
[118.59836]
[122.31928]
[97.6035]
[91.63383]
[90.7012]
[90.52095]
[87.855965]
[88.519295]
[91.77767]
[65.6112]
[58.05718]
[66.520195]
[68.547134]
[64.49891]
[63.954678]
[67.643135]
[60.284954]
[58.393696]
[55.07548]
[57.85894]
[44.067715]
[56.571304]
[56.68505]
[49.997578]
[46.713974]
[58.576862]
[53.407074]
[47.972733]
[44.758358]
[46.120342]
[41.60944]
[41.292366]
[42.670662]
[56.083073]
[63.315605]
[56.063698]
[63.35303]
[59.386932]
[51.716404]
[88.15054]
[90.619774]
[90.15215]
[84.04201]
[80.2429]
[81.18578]
[78.9055]
[82.77476]
[91.78988]
[88.32666]
[92.23388]
[95.34815]
[63.40155]
[60.799984]
[72.29769]
[56.05258]
[70.21031]
[50.55806]
[64.8428]
[35.692997]
[24.64162]
[47.808403]
[36.43421]
[35.125717]
[27.224697]
[31.041126]
[22.516768]
[17.547447]
[21.695744]
[28.568567]
[37.867325]
[39.052296]
[42.7775]
[29.052305]
[18.54565]
[43.873734]
[49.850193]
[42.157326]
[38.22829]
[22.757889]
[19.026922]
[20.328072]
[26.216085]
[32.830795]
[40.646862]
[38.583332]
[43.726883]
[20.381618]
[15.325884]
[40.49302]
[41.66821]
[40.717167]
[40.23713]
[38.981438]
[19.915833]
[15.843596]
[29.539906]
[33.022278]
[25.234533]
[32.601593]
[32.614388]
[17.647991]
[12.759689]
[25.794018]
[29.27679]
[27.776587]
[26.299835]
[24.397383]
[20.206182]
[15.910008]
[20.274143]
[23.34217]
[17.778425]
[17.864279]
[38.697495]
[21.89548]
[16.512415]
[26.193205]
[29.411034]
[27.429533]
[26.201849]
[25.009834]
[13.959445]
[9.784759]
[21.823175]
[22.48404]
[24.586842]
[25.112244]
[23.545668]
[13.128977]
[8.866919]
[8.356452]
[7.0358286]
[6.83143]
[6.789671]
[7.038901]
[7.208661]
[6.9631267]
[6.823527]
[6.750594]
[6.78107]
[6.775097]
[6.7019167]
[6.6154103]
[6.5467687]
[6.553344]
[6.450724]
[6.519366]
[6.4446707]
[6.3794584]
[6.3794584]
[6.3794584]
[6.3794584]
[6.33088]
[8.746925]
[14.070775]
[13.892367]
[15.718252]
[10.906588]
[11.729458]
[12.701266]
[17.283611]
[15.675868]
[13.736196]
[10.615181]
[7.2982745]
[10.446089]
[11.007993]
[9.685436]
[9.973777]
[10.464414]
[12.021449]
[12.345952]
[11.006304]
[12.052986]
[19.494242]
[13.639471]
[12.592682]
[8.826993]
[12.38576]
[12.944279]
[12.473728]
[6.8995495]
[6.0608015]
[6.117234]
[7.0500402]
[10.430907]
[10.506366]
[10.5632105]
[7.7203503]
[6.174283]
[6.0708995]
[6.1081424]
[6.164522]
[6.0431123]
[7.585742]
[6.3754244]
[6.005859]
[6.1316285]
[6.051953]
[6.066501]
[5.5790434]
[6.061835]
[6.504077]
[6.3054304]
[6.301292]
[6.1668344]
[6.039635]
[6.0511646]
[6.1737695]
[6.283831]
[6.279722]
[5.9896426]
[6.2537465]
[6.143288]
[6.016825]
[6.0762305]
[6.072601]
[6.1637545]
[8.399852]
[8.820773]
[13.67821]
[9.786614]
[8.907951]
[10.332953]
[9.995807]
[9.046108]
[12.324652]
[11.678287]
[9.741181]
[11.548232]
[12.065072]
[9.883255]
[9.511821]
[12.123346]
[12.966878]
[12.907917]
[12.903337]
[17.858856]
[12.412724]
[9.975254]
[13.819958]
[17.655588]
[21.356825]
[15.702158]
[13.17015]
[12.398602]
[11.02625]
[11.132547]
[12.156116]
[12.228177]
[13.141675]
[13.330487]
[12.372084]
[12.349534]
[13.55808]
[12.97223]
[12.576659]
[13.723356]
[14.012135]
[12.67482]
[11.922312]
[13.251234]
[13.725305]
[13.534167]
[13.477069]
[12.979548]
[12.340529]
[11.729948]
[11.374092]
[13.533261]
[14.061834]
[11.633846]
[11.915212]
[13.099735]
[13.3879385]
[13.844474]
[13.8202915]
[12.902687]
[14.72025]
[14.140465]
[14.0494375]
[13.946874]
[13.812116]
[13.681497]
[13.497888]
[13.606015]
[13.458042]
[15.239102]
[18.078669]
[16.987509]
[13.358789]
[13.11765]
[13.422876]
[13.67525]
[13.931174]
[13.560307]
[13.372631]
[13.333354]
[13.358281]
[13.457663]
[13.445271]
[13.453816]
[13.26749]
[13.154997]
[13.034417]
[13.095821]
[13.1593075]
[13.337121]
[13.304227]
[13.273743]
[13.153611]
[13.144014]
[13.157801]
[13.251692]
[13.22032]
[13.084547]
[13.005404]
[13.005823]
[13.101271]
[13.000066]
[13.033522]
[13.059208]
[13.0672035]
[13.102142]
[12.851652]
[12.881843]
[12.847358]
[12.675077]
[12.779301]
[12.920515]
[12.784237]
[12.662117]
[12.58781]
[12.5862665]
[12.541648]
[12.582757]
[12.516622]
[12.521842]
[12.696917]
[12.7943125]
[13.040372]
[12.932535]
[10.274073]
[-2.613469]
[5.20714]
[56.62541]
[11.138947]
[9.8876095]
[13.088845]
[13.594651]
[14.3889475]
[14.535211]
[14.249055]
[14.1696005]
[14.093706]
[14.191169]
[13.996154]
[13.724389]
[13.741752]
[13.818019]
[14.354611]
[13.702816]
[13.599907]
[13.535249]
[13.712609]
[13.128638]
[13.337641]
[11.646255]
[11.355674]
[10.994794]
[11.087204]
[11.247337]
[12.412495]
[11.648378]
[11.808839]
[11.61257]
[11.627274]
[11.623096]
[11.03652]
[11.412445]
[11.636043]
[11.802705]
[11.67309]
[11.681192]
[11.762933]
[11.790199]
[11.550808]
[11.132567]
[10.250746]
[10.90818]
[11.369963]
[12.890286]
[13.388072]
[12.0899315]
[12.425972]
[12.424117]
[12.203052]
[11.428377]
[9.840412]
[10.981988]
[10.874398]
[10.370057]
[10.433348]
[10.2912655]
[10.383287]
[10.264217]
[10.371855]
[10.249426]
[10.1307125]
[10.329579]
[10.108855]
[10.277789]
[10.156403]
[10.190753]
[10.19836]
[10.234926]
[10.176256]
[10.183895]
[10.11355]
[10.138622]
[10.064123]
[10.024673]
[10.03009]
[10.140295]
[10.07161]
[9.925268]
[10.0812845]
[9.899385]
[9.562963]
[9.561489]
[9.507364]
[9.285184]
[8.997388]
[9.085292]
[9.3101635]
[9.346153]
[9.320018]
[8.911628]
[8.675456]
[7.966268]
[9.571721]
[10.267764]
[9.998579]
[9.807681]
[9.58199]
[9.461971]
[9.414815]
[9.222331]
[9.397942]
[9.328905]
[9.206734]
[9.369638]
[9.159482]
[8.784122]
[9.018148]
[9.478367]
[9.148106]
[9.400028]
[9.587383]
[9.1399975]
[8.859104]
[8.668979]
[8.695039]
[8.530165]
[8.551134]
[8.70828]
[8.722138]
[8.522891]
[8.614115]
[8.611368]
[8.557166]
[8.568153]
[8.652998]
[8.51431]
[8.59129]
[8.605715]
[8.63343]
[8.583365]
[8.429079]
[8.69537]
[8.63937]
[8.462076]
[8.533706]
[8.679488]
[8.545445]
[8.5652895]
[8.443979]
[8.562536]
[8.685038]
[7.3444467]
[7.201591]
[7.132313]
[6.5369887]
[6.5505767]
[6.4019585]
[6.5050836]
[6.5075583]
[6.353676]
[6.505919]
[6.5188875]
[6.462073]
[6.4478436]
[6.456407]
[6.5648866]
[6.5183415]
[6.3737326]
[6.6316967]
[6.5114446]
[6.352985]
[6.560528]
[6.569824]
[6.523976]
[6.5241194]
[6.540463]
[6.5432367]
[6.545811]
[6.5469284]
[6.559925]
[6.6712112]
[6.53318]
[6.645555]
[6.966678]
[6.93082]
[10.511183]
[7.2844963]
[8.502487]
[8.778867]
[7.0539217]
[6.8175035]
[6.812704]
[6.777356]
[7.149904]
[6.806387]
[7.1261077]
[6.8276625]
[7.133241]
[6.8402505]
[9.111402]
[7.5338354]
[7.1639376]
[7.164146]
[7.1648164]
[7.165613]
[7.136391]
[6.8359675]
[7.0776567]
[6.6510525]
[9.140955]
[7.156482]
[6.741586]
[6.9508343]
[6.692663]
[6.666501]
[6.859691]
[6.6215363]
[6.772328]
[6.731715]
[6.528198]
[6.679402]
[6.517151]
[6.4634943]
[6.4706]
[6.5800633]
[6.406727]
[6.4966044]
[6.3531513]
[6.3479185]
[6.36225]
[6.406046]
[6.217835]
[6.256143]
[6.3250494]
[6.1833215]
[6.1809654]
[6.230829]
[6.111852]
[6.1809425]
[6.1029844]
[5.980426]
[9.171329]
[9.021404]
[9.358101]
[8.917161]
[9.235238]
[9.246459]
[9.13973]
[9.056841]
[9.583228]
[9.024771]
[9.492374]
[9.000087]
[9.464732]
[8.97265]
[9.435985]
[9.513765]
[8.967512]
[8.951081]
[8.973628]
[8.992569]
[9.021707]
[9.037105]
[8.996421]
[9.336326]
[9.071919]
[9.571427]
[9.3759985]
[9.095883]
[9.8189125]
[9.871329]
[9.838119]
[11.426213]
[11.6227455]
[11.572514]
[12.030238]
[11.542187]
[11.9172735]
[12.433275]
[12.435513]
[15.242384]
[16.787071]
[15.022577]
[11.924024]
[11.92233]
[11.908449]
[12.2920685]
[15.3548]
[12.526864]
[12.02358]
[11.920086]
[12.254013]
[11.317351]
[11.101252]
[11.044884]
[11.158624]
[11.258234]
[11.690229]
[11.788347]
[11.517794]
[11.656228]
[11.701328]
[13.0181]
[13.703503]
[13.656196]
[13.612471]
[13.236169]
[13.180937]
[12.838494]
[12.834524]
[13.173126]
[11.067301]
[9.255652]
[20.400991]
[9.202204]
[14.39097]
[12.260716]
[15.179931]
[15.361538]
[15.32106]
[15.219271]
[15.242897]
[15.195865]
[15.078063]
[15.034859]
[14.911057]
[14.3969345]
[12.867343]
[13.793506]
[13.49297]
[14.445787]
[13.934562]
[13.252867]
[12.794243]
[11.406709]
[10.571418]
[10.324706]
[9.307288]
[13.646786]
[15.613829]
[15.856012]
[15.06276]
[13.92016]
[14.32552]
[14.590833]
[15.090576]
[15.497217]
[16.296186]
[16.34924]
[16.428133]
[16.008297]
[16.205143]
[16.172375]
[15.982546]
[15.85314]
[15.985137]
[15.421812]
[15.800913]
[15.812005]
[16.079912]
[15.714769]
[15.439411]
[15.322145]
[14.843329]
[15.151833]
[15.211386]
[15.573035]
[15.85343]
[15.664748]
[15.2350025]
[15.046939]
[14.91839]
[15.000501]
[15.125451]
[15.452944]
[18.939344]
[20.73072]
[15.346372]
[22.015627]
[21.612688]
[23.040474]
[23.824392]
[20.875404]
[6.000702]
[16.478256]
[18.061243]
[17.687151]
[20.874157]
[38.145737]
[43.902695]
[47.560905]
[52.880123]
[39.293808]
[32.168724]
[51.099106]
[59.743645]
[61.87936]
[64.12687]
[52.51354]
[62.88283]
[72.445816]
[89.965294]
[121.21772]
[105.07104]
[102.98444]
[97.223175]
[97.52862]
[94.40612]
[94.2825]
[90.563225]
[89.6789]
[87.7028]
[85.28209]
[64.7743]
[65.153305]
[85.95725]
[87.02695]
[86.2287]
[87.30811]
[70.021416]
[75.65354]
[108.145386]
[116.587814]
[125.3928]
[126.58069]
[125.04602]
[124.454666]
[124.55809]
[122.68629]
[97.14472]
[93.91475]
[92.11583]
[92.26424]
[90.931206]
[61.38384]
[50.631046]
[61.76288]
[57.653835]
[54.482113]
[43.069016]
[23.55642]
[20.201553]
[21.219795]
[33.629387]
[48.439175]
[43.278248]
[45.01121]
[36.74982]
[19.930708]
[15.798708]
[29.598095]
[19.43711]
[16.946098]
[16.178099]
[14.007062]
[13.429271]
[13.429805]
[15.7066965]
[15.673216]
[14.620985]
[13.505668]
[14.413822]
[12.418511]
[11.95859]
[13.205668]
[13.152987]
[12.549213]
[12.982131]
[13.122766]
[13.517869]
[13.747757]
[15.970064]
[16.613394]
[13.294446]
[12.783453]
[13.064518]
[13.483788]
[13.748913]
[13.16645]
[13.260548]
[13.21758]
[12.602471]
[12.9718485]
[11.571233]
[10.501077]
[11.44526]
[12.135389]
[14.517249]
[14.871265]
[17.645939]
[13.453027]
[12.920824]
[13.735322]
[12.225345]
[10.675288]
[12.210955]
[19.587208]
[11.670491]
[9.768323]
[11.309285]
[11.384643]
[15.52442]
[15.091453]
[13.650021]
[11.023571]
[11.75033]
[25.622984]
[30.740084]
[29.310432]
[28.31722]
[22.146921]
[12.480126]
[10.17452]
[10.405386]
[8.268893]
[7.7537217]
[7.394422]
[7.197265]
[6.9120703]
[6.61552]
[6.682716]
[6.8762283]
[6.8041186]
[6.6212234]
[6.5882564]
[6.5897355]
[6.439427][10.25]
[9.45]
[13.02]
[10.69]
[5.31]
[5.25]
[5.26]
[5.31]
[5.31]
[5.3]
[5.29]
[5.3]
[9.25]
[9.31]
[9.28]
[9.29]
[9.27]
[9.26]
[9.25]
[9.26]
[9.26]
[9.27]
[9.25]
[9.25]
[9.32]
[9.28]
[9.26]
[9.22]
[9.21]
[9.23]
[9.23]
[9.06]
[9.24]
[9.25]
[9.24]
[9.29]
[9.55]
[9.28]
[9.27]
[9.27]
[9.25]
[9.24]
[9.28]
[12.21]
[12.29]
[12.32]
[12.27]
[12.3]
[12.29]
[12.25]
[12.25]
[12.25]
[12.29]
[12.3]
[12.3]
[12.31]
[12.36]
[12.34]
[12.35]
[12.36]
[12.37]
[12.39]
[12.39]
[12.4]
[12.36]
[12.39]
[12.4]
[12.41]
[12.52]
[12.25]
[12.25]
[12.03]
[12.31]
[26.75]
[15.2]
[15.05]
[15.12]
[15.03]
[15.09]
[15.17]
[15.22]
[15.41]
[15.4]
[15.43]
[15.24]
[15.14]
[15.08]
[15.29]
[15.3]
[15.23]
[15.22]
[15.17]
[15.21]
[15.24]
[15.21]
[15.26]
[15.09]
[15.03]
[14.94]
[15.09]
[15.28]
[15.3]
[15.52]
[15.38]
[15.46]
[15.26]
[15.55]
[15.54]
[15.27]
[22.36]
[17.87]
[15.85]
[42.75]
[82.22]
[94.05]
[93.25]
[90.97]
[55.68]
[49.63]
[58.09]
[56.67]
[54.59]
[53.59]
[58.05]
[53.08]
[41.74]
[57.88]
[58.89]
[56.17]
[56.45]
[59.98]
[24.57]
[23.68]
[48.95]
[58.59]
[52.66]
[61.65]
[55.39]
[15.63]
[15.57]
[49.45]
[48.02]
[57.5]
[95.04]
[91.35]
[127.12]
[159.08]
[215.85]
[192.9]
[144.63]
[136.75]
[131.02]
[99.64]
[86.83]
[129.19]
[131.03]
[129.73]
[130.49]
[130.52]
[92.3]
[87.76]
[90.33]
[91.84]
[90.24]
[92.4]
[96.82]
[52.74]
[45.22]
[55.96]
[60.38]
[51.61]
[55.5]
[62.81]
[54.04]
[56.12]
[53.08]
[60.33]
[38.11]
[64.66]
[62.07]
[50.21]
[45.53]
[67.12]
[58.52]
[53.52]
[50.52]
[53.77]
[41.06]
[38.17]
[35.45]
[50.08]
[57.71]
[43.73]
[61.41]
[54.5]
[42.43]
[96.98]
[93.31]
[95.73]
[93.08]
[91.61]
[94.94]
[85.74]
[88.4]
[98.74]
[90.94]
[95.37]
[98.5]
[45.13]
[47.61]
[67.66]
[39.1]
[71.69]
[37.29]
[69.59]
[19.53]
[12.7]
[49.99]
[27.12]
[31.05]
[19.21]
[28.46]
[14.31]
[9.94]
[17.83]
[28.86]
[44.83]
[46.46]
[52.06]
[24.01]
[9.42]
[50.97]
[57.23]
[44.2]
[37.8]
[12.15]
[9.41]
[10.47]
[20.43]
[33.31]
[48.25]
[44.01]
[55.45]
[12.7]
[10.36]
[51.64]
[50.92]
[50.38]
[49.93]
[49.1]
[13.79]
[10.13]
[29.22]
[34.2]
[23.2]
[39.35]
[38.77]
[14.08]
[10.2]
[32.49]
[35.58]
[33.86]
[32.24]
[29.9]
[23.23]
[16.87]
[24.9]
[28.37]
[17.49]
[16.74]
[47.53]
[16.06]
[15.03]
[32.65]
[36.66]
[33.79]
[32.62]
[31.6]
[12.79]
[8.68]
[29.3]
[28.48]
[33.01]
[32.79]
[29.71]
[12.11]
[7.79]
[7.39]
[5.3]
[5.33]
[5.36]
[5.41]
[5.44]
[5.46]
[5.48]
[5.51]
[5.52]
[5.54]
[5.55]
[5.56]
[5.57]
[5.58]
[5.41]
[5.59]
[5.59]
[5.59]
[5.59]
[5.59]
[5.59]
[5.52]
[9.82]
[15.53]
[16.95]
[20.82]
[11.7]
[14.18]
[15.4]
[23.39]
[19.41]
[16.47]
[11.42]
[6.71]
[12.54]
[12.67]
[10.63]
[11.37]
[12.05]
[14.44]
[14.47]
[12.32]
[14.46]
[13.82]
[14.57]
[14.58]
[8.47]
[14.78]
[14.81]
[14.47]
[5.31]
[5.31]
[5.29]
[6.65]
[12.03]
[10.97]
[11.68]
[7.09]
[5.32]
[5.32]
[5.33]
[5.32]
[5.32]
[7.66]
[5.32]
[5.32]
[5.32]
[5.29]
[5.21]
[5.09]
[5.1]
[5.1]
[5.1]
[5.11]
[5.11]
[5.1]
[5.12]
[5.22]
[5.48]
[5.49]
[5.27]
[5.12]
[5.13]
[5.12]
[5.12]
[5.11]
[5.16]
[8.76]
[8.76]
[8.94]
[8.95]
[8.95]
[10.8]
[10.34]
[8.93]
[12.82]
[12.41]
[9.78]
[12.71]
[13.05]
[9.78]
[9.61]
[13.47]
[13.71]
[13.82]
[13.8]
[20.11]
[12.1]
[10.21]
[15.44]
[19.36]
[24.22]
[16.35]
[13.82]
[12.91]
[11.05]
[11.21]
[12.63]
[12.73]
[13.93]
[14.]
[12.75]
[12.72]
[14.06]
[13.64]
[13.18]
[14.13]
[14.47]
[12.97]
[12.08]
[13.53]
[13.92]
[14.]
[14.03]
[13.47]
[12.53]
[12.61]
[12.89]
[13.87]
[13.64]
[12.29]
[13.75]
[12.77]
[12.77]
[13.97]
[13.97]
[12.95]
[15.58]
[14.78]
[14.97]
[14.82]
[14.67]
[14.69]
[14.7]
[14.81]
[14.7]
[17.5]
[18.04]
[19.37]
[14.58]
[14.62]
[14.69]
[14.75]
[14.6]
[14.39]
[14.42]
[14.49]
[14.55]
[14.59]
[14.62]
[14.6]
[14.31]
[14.23]
[14.12]
[14.15]
[14.3]
[14.52]
[14.49]
[14.43]
[14.23]
[14.17]
[14.28]
[14.37]
[14.29]
[14.2]
[14.09]
[14.11]
[14.23]
[14.04]
[14.13]
[14.15]
[14.07]
[14.02]
[13.88]
[13.88]
[13.78]
[13.82]
[13.92]
[14.08]
[13.97]
[13.86]
[13.82]
[13.83]
[13.99]
[14.01]
[13.84]
[13.78]
[13.71]
[13.96]
[14.1]
[13.99]
[13.72]
[16.98]
[13.92]
[13.67]
[13.53]
[13.42]
[13.41]
[13.36]
[14.17]
[14.52]
[14.48]
[14.44]
[14.41]
[14.38]
[14.37]
[14.35]
[14.34]
[14.31]
[15.25]
[14.32]
[14.31]
[14.29]
[14.29]
[14.58]
[14.56]
[12.15]
[11.95]
[11.88]
[11.87]
[11.82]
[13.39]
[11.95]
[11.94]
[11.89]
[11.86]
[11.86]
[11.84]
[11.83]
[11.81]
[11.86]
[11.86]
[11.8]
[11.8]
[11.79]
[11.78]
[11.77]
[11.96]
[11.94]
[11.9]
[11.85]
[11.35]
[11.83]
[11.8]
[12.]
[12.06]
[12.03]
[9.66]
[9.6]
[9.59]
[9.63]
[9.74]
[9.73]
[9.68]
[9.68]
[9.7]
[9.68]
[9.68]
[9.67]
[9.67]
[9.73]
[9.77]
[9.75]
[9.77]
[9.77]
[9.77]
[9.74]
[9.74]
[9.73]
[9.72]
[9.75]
[9.75]
[9.79]
[9.77]
[9.77]
[9.78]
[9.77]
[9.09]
[9.09]
[8.91]
[8.69]
[8.69]
[8.66]
[8.69]
[8.7]
[8.7]
[8.66]
[8.67]
[8.77]
[8.78]
[8.78]
[8.77]
[8.78]
[8.77]
[8.74]
[8.74]
[8.77]
[8.77]
[8.77]
[8.76]
[8.77]
[8.76]
[8.77]
[8.77]
[8.76]
[8.76]
[8.77]
[8.71]
[8.26]
[8.23]
[8.06]
[8.02]
[8.01]
[8.04]
[8.06]
[8.04]
[8.05]
[8.06]
[8.05]
[8.05]
[8.07]
[8.07]
[8.06]
[8.04]
[8.08]
[8.07]
[8.07]
[8.03]
[8.1]
[8.09]
[8.1]
[8.11]
[8.1]
[8.11]
[8.12]
[8.11]
[8.11]
[8.13]
[6.13]
[6.11]
[5.91]
[5.29]
[5.35]
[5.29]
[5.31]
[5.3]
[5.3]
[5.3]
[5.31]
[5.3]
[5.27]
[5.29]
[5.29]
[5.29]
[5.3]
[5.3]
[5.34]
[5.31]
[5.31]
[5.32]
[5.32]
[5.31]
[5.33]
[5.32]
[5.32]
[5.31]
[5.33]
[5.32]
[5.34]
[5.34]
[5.89]
[5.74]
[5.51]
[5.5]
[7.49]
[7.16]
[5.55]
[5.56]
[5.48]
[5.43]
[5.41]
[5.42]
[5.48]
[5.44]
[5.44]
[5.44]
[7.99]
[5.37]
[5.4]
[5.41]
[5.38]
[5.38]
[5.39]
[5.38]
[5.38]
[5.43]
[5.4]
[5.41]
[5.42]
[5.41]
[5.41]
[5.41]
[5.41]
[5.42]
[5.44]
[5.44]
[5.45]
[5.47]
[5.47]
[5.4]
[5.42]
[5.44]
[5.46]
[5.47]
[5.46]
[5.46]
[5.47]
[5.47]
[5.42]
[5.48]
[5.49]
[5.48]
[5.46]
[5.46]
[5.5]
[5.51]
[5.48]
[5.46]
[9.04]
[9.13]
[9.13]
[9.16]
[9.17]
[9.17]
[9.19]
[9.21]
[9.24]
[9.24]
[9.22]
[9.2]
[9.27]
[9.28]
[9.28]
[9.29]
[9.32]
[9.33]
[9.33]
[9.34]
[9.36]
[9.37]
[9.38]
[9.41]
[9.41]
[9.41]
[9.41]
[9.42]
[9.83]
[9.49]
[9.52]
[12.18]
[12.29]
[12.29]
[12.33]
[12.37]
[12.42]
[12.45]
[12.39]
[15.27]
[16.55]
[14.11]
[12.06]
[12.15]
[12.22]
[12.2]
[14.89]
[12.24]
[12.29]
[12.3]
[12.82]
[12.19]
[12.16]
[12.29]
[12.32]
[12.3]
[12.41]
[12.47]
[12.46]
[12.66]
[12.65]
[14.68]
[15.59]
[15.66]
[15.62]
[15.61]
[15.62]
[15.55]
[15.55]
[15.53]
[15.48]
[15.58]
[15.63]
[15.67]
[15.73]
[15.76]
[15.69]
[15.74]
[15.74]
[15.7]
[15.75]
[15.81]
[15.74]
[15.69]
[15.67]
[15.67]
[15.69]
[15.71]
[15.78]
[15.82]
[15.85]
[15.84]
[15.82]
[15.81]
[15.68]
[15.65]
[15.45]
[15.76]
[15.72]
[15.72]
[15.72]
[15.86]
[15.62]
[15.55]
[15.84]
[15.47]
[15.85]
[15.91]
[15.89]
[15.6]
[15.96]
[15.99]
[15.84]
[15.77]
[15.99]
[15.57]
[15.56]
[15.78]
[15.69]
[15.67]
[15.63]
[15.75]
[15.5]
[15.92]
[15.96]
[15.99]
[16.2]
[15.99]
[15.99]
[15.96]
[15.93]
[15.94]
[15.96]
[15.89]
[15.75]
[15.57]
[14.85]
[16.98]
[17.18]
[17.15]
[16.64]
[16.94]
[16.89]
[16.85]
[16.85]
[16.82]
[22.09]
[48.14]
[54.09]
[52.25]
[50.82]
[26.21]
[24.32]
[46.38]
[54.6]
[55.32]
[58.59]
[42.22]
[59.61]
[52.27]
[91.07]
[134.99]
[99.13]
[93.08]
[89.49]
[90.15]
[90.7]
[92.91]
[90.54]
[92.41]
[91.17]
[89.85]
[54.37]
[55.31]
[91.98]
[89.63]
[92.51]
[92.65]
[53.92]
[58.15]
[118.86]
[121.02]
[128.01]
[129.11]
[130.04]
[130.07]
[129.96]
[130.52]
[93.73]
[94.19]
[93.43]
[94.32]
[94.03]
[49.04]
[42.92]
[63.69]
[56.03]
[54.7]
[38.34]
[11.79]
[11.72]
[12.96]
[33.11]
[57.23]
[47.44]
[52.93]
[38.46]
[13.38]
[10.84]
[32.12]
[12.86]
[13.04]
[11.96]
[9.06]
[9.09]
[9.87]
[13.99]
[13.87]
[12.77]
[11.54]
[13.62]
[10.08]
[9.89]
[11.66]
[11.41]
[10.97]
[12.27]
[12.58]
[13.52]
[14.11]
[18.19]
[19.12]
[13.6]
[13.55]
[13.48]
[13.43]
[13.64]
[13.07]
[13.76]
[13.75]
[12.85]
[13.71]
[11.22]
[9.92]
[11.7]
[12.05]
[15.5]
[15.5]
[20.41]
[11.86]
[11.21]
[12.16]
[10.03]
[8.58]
[11.93]
[24.96]
[9.81]
[9.12]
[11.89]
[11.97]
[19.72]
[18.14]
[16.04]
[11.71]
[13.74]
[39.18]
[46.43]
[42.22]
[40.7]
[29.17]
[11.6]
[7.7]
[7.77]
[5.18]
[5.21]
[5.24]
[5.27]
[5.28]
[5.29]
[5.31]
[5.33]
[5.34]
[5.35]
[5.36]
[5.37]
[5.38]
[5.39]