0.8973711515413296, 0.9022578414243814, -0.7860038102834535, 195.0100863859527[11.908101]
[9.425314]
[8.229152]
[9.800895]
[9.057933]
[6.1728606]
[5.6128645]
[5.6327467]
[5.6088834]
[5.578209]
[5.496289]
[5.477603]
[5.45391]
[7.406016]
[7.9089293]
[7.920189]
[8.15342]
[9.290861]
[11.446702]
[11.962932]
[10.578811]
[9.420689]
[9.068129]
[8.878299]
[8.775606]
[8.766533]
[8.7677355]
[8.682458]
[8.548474]
[8.415218]
[8.397683]
[8.615362]
[8.7129965]
[8.7241335]
[8.675265]
[8.676472]
[8.5987215]
[8.89881]
[12.328381]
[10.141973]
[9.633688]
[10.287283]
[10.553945]
[10.265594]
[11.390986]
[11.5094595]
[11.409326]
[11.410061]
[11.508581]
[12.027183]
[12.341522]
[12.09663]
[11.688065]
[11.593064]
[11.460965]
[11.358421]
[11.375211]
[11.373717]
[11.280201]
[11.240824]
[11.267967]
[11.248122]
[11.213922]
[11.285798]
[11.39644]
[11.532197]
[12.129769]
[12.410482]
[12.004644]
[12.068156]
[14.371007]
[9.863887]
[10.870726]
[11.538386]
[36.783894]
[16.545536]
[13.144228]
[13.134106]
[13.070395]
[13.233121]
[13.38568]
[13.23036]
[13.344421]
[13.424377]
[13.369593]
[13.402684]
[13.614634]
[13.748762]
[13.735344]
[13.810208]
[13.951345]
[14.171672]
[14.478637]
[14.174243]
[14.070562]
[14.110596]
[14.044645]
[13.83922]
[13.681658]
[13.85719]
[14.419142]
[14.781207]
[14.915481]
[15.266192]
[15.536789]
[15.346942]
[20.05382]
[24.430042]
[21.585596]
[33.888702]
[58.24084]
[40.110832]
[66.92855]
[78.34311]
[90.961624]
[92.566986]
[126.674995]
[98.76483]
[69.29344]
[57.695595]
[57.595238]
[57.264908]
[53.209118]
[49.48826]
[49.560143]
[46.983498]
[39.375546]
[45.31123]
[48.8407]
[47.599503]
[45.748894]
[50.80038]
[31.187992]
[26.721754]
[40.587654]
[47.509506]
[43.12461]
[47.345123]
[43.34323]
[21.8996]
[25.375868]
[44.201756]
[44.97954]
[69.20492]
[100.0833]
[139.6905]
[170.71518]
[180.49432]
[218.70909]
[174.25154]
[153.68013]
[140.40938]
[130.52986]
[105.18524]
[87.41469]
[112.4651]
[118.1972]
[120.15835]
[123.5888]
[127.40966]
[104.930664]
[96.1692]
[93.53163]
[92.07234]
[89.28567]
[89.115524]
[91.21826]
[66.24029]
[62.513096]
[69.10398]
[69.829575]
[63.22381]
[63.734913]
[66.64756]
[58.010357]
[55.129364]
[51.126144]
[53.27403]
[40.475853]
[50.700577]
[51.79013]
[44.95556]
[42.5428]
[54.485344]
[49.799377]
[44.405132]
[41.154102]
[42.01302]
[36.427364]
[38.417267]
[41.54317]
[57.2544]
[62.808815]
[53.571243]
[62.080967]
[56.16013]
[48.884632]
[90.04813]
[94.26501]
[90.7415]
[84.81484]
[80.815186]
[81.68229]
[74.4062]
[79.70267]
[91.958855]
[87.25329]
[93.64851]
[97.389046]
[67.07687]
[67.53425]
[74.620026]
[56.264183]
[67.93601]
[49.63521]
[61.44586]
[35.434357]
[26.523901]
[43.956497]
[34.17697]
[32.710632]
[26.604975]
[29.01836]
[22.820713]
[18.048897]
[20.918177]
[26.46933]
[32.976772]
[33.98108]
[36.408268]
[26.624105]
[20.14978]
[38.226173]
[44.561443]
[37.212475]
[33.494602]
[24.106277]
[21.434837]
[21.136955]
[24.441816]
[29.391584]
[35.100384]
[33.065037]
[38.186264]
[20.2231]
[16.815853]
[35.842163]
[36.471745]
[34.787212]
[36.124397]
[34.798073]
[19.774778]
[18.3701]
[27.255953]
[29.85813]
[24.181173]
[29.391949]
[29.191547]
[18.39013]
[13.760666]
[23.710796]
[26.449753]
[25.812735]
[24.069227]
[22.923782]
[19.512024]
[16.092907]
[19.615162]
[22.15985]
[18.154074]
[19.03709]
[35.522446]
[22.15033]
[16.634857]
[24.761889]
[26.806957]
[25.478794]
[24.114897]
[23.467993]
[14.548395]
[10.4842205]
[19.837572]
[20.882305]
[21.724548]
[23.060202]
[21.709772]
[13.414747]
[9.33865]
[8.726563]
[7.717727]
[7.3640933]
[7.696824]
[7.8821664]
[7.681237]
[7.463152]
[7.219094]
[7.297908]
[7.209697]
[7.1719723]
[6.9592524]
[6.867801]
[6.828245]
[6.8354535]
[6.736649]
[6.630052]
[6.554838]
[6.513032]
[6.513032]
[6.513032]
[6.513032]
[6.297381]
[7.6487637]
[11.8361435]
[12.080474]
[13.650475]
[10.147588]
[10.304302]
[11.040271]
[14.920523]
[14.024807]
[12.272907]
[9.584488]
[6.9277425]
[8.916758]
[9.550275]
[8.537785]
[8.644601]
[9.137141]
[10.47897]
[10.763701]
[9.63506]
[10.391423]
[17.260218]
[12.692037]
[11.101317]
[8.165764]
[10.620339]
[11.34291]
[11.097867]
[6.7359486]
[5.738526]
[5.778312]
[6.271431]
[8.92745]
[9.173793]
[9.198514]
[7.026388]
[5.716632]
[5.582546]
[5.6133943]
[5.5375433]
[5.5175967]
[6.660221]
[5.7637763]
[5.4917297]
[5.5189366]
[5.5271716]
[5.455768]
[5.772848]
[6.36004]
[6.449025]
[6.2191505]
[5.9831877]
[5.7923574]
[5.693777]
[5.7044225]
[5.6943784]
[5.771444]
[5.791734]
[5.9071665]
[5.8551483]
[5.738663]
[5.6854005]
[5.7310214]
[5.727516]
[5.6878495]
[7.452604]
[7.872272]
[12.116501]
[9.114616]
[8.066232]
[9.096042]
[8.959611]
[8.171829]
[10.8177185]
[10.5182905]
[8.92074]
[10.326667]
[10.943301]
[9.250056]
[8.955938]
[11.3232]
[12.029551]
[11.927759]
[11.606405]
[16.11157]
[11.733203]
[9.577551]
[12.610167]
[15.91398]
[19.422335]
[14.622344]
[11.873289]
[11.101338]
[10.039595]
[9.928865]
[10.6741905]
[10.986667]
[11.69707]
[11.885284]
[11.328845]
[11.271104]
[11.857563]
[11.943807]
[11.918033]
[12.355237]
[12.489631]
[11.732448]
[11.199736]
[11.888593]
[12.089972]
[12.064015]
[12.011896]
[11.729738]
[11.21436]
[11.466206]
[12.1616535]
[13.401465]
[13.077762]
[11.95492]
[13.032474]
[13.121497]
[12.507511]
[12.786711]
[12.734189]
[12.013176]
[13.418974]
[13.155827]
[13.118369]
[13.05925]
[12.890604]
[12.779976]
[12.767203]
[12.848896]
[12.780125]
[14.523104]
[17.391441]
[16.432554]
[13.245544]
[12.64483]
[12.895707]
[12.928384]
[13.188199]
[13.096833]
[12.787689]
[12.62212]
[12.683309]
[12.716863]
[12.708435]
[12.699683]
[12.506187]
[12.306109]
[12.235342]
[12.2189455]
[12.299474]
[12.412156]
[12.394727]
[12.35891]
[12.298482]
[12.232297]
[12.271865]
[12.369885]
[12.298955]
[12.179169]
[12.093793]
[12.111]
[12.233781]
[12.154668]
[12.21397]
[12.300429]
[12.359266]
[12.367459]
[12.198718]
[12.212965]
[12.151132]
[12.092072]
[12.215387]
[12.402401]
[12.341438]
[12.25932]
[12.235447]
[12.270987]
[12.205829]
[12.451495]
[12.541057]
[12.589951]
[12.683326]
[12.820023]
[13.026209]
[13.277272]
[14.88682]
[15.225831]
[17.609241]
[27.89778]
[14.94808]
[14.410313]
[16.56627]
[15.490903]
[15.459728]
[15.195996]
[14.7285185]
[14.458293]
[14.4674635]
[14.507759]
[14.3228855]
[14.18795]
[14.258456]
[14.259733]
[14.7120495]
[14.129796]
[13.972111]
[13.91014]
[13.893574]
[13.380562]
[13.85046]
[12.66825]
[12.412702]
[12.363737]
[12.729497]
[13.106407]
[14.140723]
[13.496179]
[13.182162]
[12.955225]
[12.818199]
[12.679285]
[12.619473]
[12.816165]
[12.737345]
[12.628894]
[12.509102]
[12.420644]
[12.320614]
[12.203653]
[12.149854]
[12.226704]
[12.226209]
[13.824052]
[14.573167]
[14.851157]
[14.880582]
[13.779339]
[13.938881]
[13.70696]
[13.488924]
[13.016821]
[12.19386]
[12.65447]
[12.186863]
[11.69609]
[11.650116]
[11.419506]
[11.360071]
[11.132772]
[11.095359]
[10.872915]
[10.760814]
[10.806793]
[10.559279]
[10.637522]
[10.50823]
[10.519076]
[10.480918]
[10.451762]
[10.359626]
[10.301874]
[10.194057]
[10.15369]
[10.043699]
[10.010077]
[10.0191345]
[10.056237]
[9.953901]
[9.887006]
[10.008934]
[9.932752]
[9.69455]
[9.629208]
[9.510304]
[9.244931]
[9.107859]
[9.270839]
[9.395021]
[9.322377]
[9.188805]
[8.98841]
[9.177905]
[9.975139]
[11.140277]
[11.203017]
[10.611167]
[10.148675]
[9.822604]
[9.614927]
[9.463472]
[9.327048]
[9.38884]
[9.23853]
[9.134096]
[9.1008625]
[8.932649]
[8.94079]
[9.381197]
[9.675177]
[9.519832]
[9.718494]
[9.648409]
[9.082656]
[8.758013]
[8.585247]
[8.496788]
[8.398516]
[8.466132]
[8.513715]
[8.387239]
[8.277272]
[8.298084]
[8.25726]
[8.212368]
[8.225694]
[8.20414]
[8.143421]
[8.15466]
[8.129478]
[8.061952]
[7.978552]
[7.941452]
[8.035545]
[7.910269]
[7.8483067]
[7.9642525]
[8.009745]
[7.9444666]
[8.011858]
[8.10223]
[8.294802]
[8.408914]
[7.296197]
[6.9903717]
[6.7817316]
[6.2660074]
[6.177241]
[6.1057906]
[6.139636]
[6.1019435]
[6.0668864]
[6.1466985]
[6.117791]
[6.070835]
[6.0580034]
[6.0667186]
[6.072188]
[5.99044]
[5.9607854]
[5.9704747]
[5.9530787]
[5.9567065]
[6.083151]
[6.032556]
[6.0176053]
[6.0075393]
[6.015647]
[6.0090666]
[6.0008907]
[5.992641]
[5.997187]
[5.889362]
[5.937524]
[5.8828707]
[6.1758795]
[6.167931]
[8.926012]
[6.6916146]
[7.2598186]
[7.4830685]
[6.214941]
[5.9581165]
[5.915199]
[5.862725]
[6.0540824]
[5.867101]
[6.0257587]
[5.8647127]
[6.0087214]
[5.8517466]
[7.5999274]
[6.374232]
[5.9772997]
[5.963746]
[5.950809]
[5.9378815]
[5.924845]
[5.7555385]
[5.886084]
[5.9268036]
[7.591358]
[6.1536756]
[5.7424607]
[5.848653]
[5.7387714]
[5.726756]
[5.817647]
[5.7264824]
[5.788557]
[5.7759876]
[5.712489]
[5.760026]
[5.723329]
[5.687032]
[5.6932316]
[5.72364]
[5.6917653]
[5.698912]
[5.6780233]
[5.6886625]
[5.7019033]
[5.669714]
[5.6222844]
[5.6745257]
[5.6498513]
[5.6449184]
[5.658856]
[5.615366]
[5.6329436]
[5.624419]
[5.573553]
[5.583841]
[8.169964]
[8.3137245]
[8.597987]
[8.303324]
[8.557954]
[8.641263]
[8.58116]
[8.540203]
[9.0474205]
[8.600524]
[8.979707]
[8.533662]
[8.911255]
[8.466182]
[8.843652]
[8.934066]
[8.401246]
[8.262412]
[8.285579]
[8.295168]
[8.315168]
[8.241323]
[8.183331]
[8.416556]
[8.2358675]
[8.632935]
[8.455769]
[8.241712]
[8.790986]
[8.867125]
[8.823838]
[10.215785]
[10.496773]
[10.456806]
[10.896607]
[10.481653]
[10.813666]
[11.363628]
[11.423764]
[13.828874]
[14.875327]
[13.392479]
[11.181147]
[11.039574]
[11.102226]
[11.538386]
[14.115235]
[11.639792]
[11.484582]
[11.436491]
[11.755772]
[10.966647]
[10.713328]
[10.8358965]
[11.048816]
[11.181543]
[11.489109]
[11.58508]
[11.470215]
[11.624584]
[11.56112]
[12.589658]
[12.893546]
[13.03994]
[13.224257]
[12.84824]
[13.064496]
[12.778085]
[12.731892]
[13.146044]
[13.4136095]
[13.556642]
[26.16637]
[15.410502]
[15.401857]
[12.460364]
[14.871725]
[15.439744]
[15.411669]
[15.3599205]
[15.351178]
[15.119188]
[14.970818]
[14.939322]
[14.758572]
[14.7479]
[15.873594]
[16.193657]
[16.35973]
[15.992092]
[16.105444]
[16.813475]
[17.576498]
[18.094097]
[18.37648]
[20.285091]
[20.18691]
[16.379583]
[17.044947]
[16.566092]
[18.131924]
[19.66644]
[17.8526]
[18.421942]
[18.931286]
[18.054224]
[18.503704]
[18.309935]
[17.946316]
[17.434118]
[17.261824]
[17.092642]
[16.711002]
[16.465487]
[16.499073]
[17.49279]
[18.46806]
[17.411482]
[17.146912]
[16.221909]
[15.748309]
[15.661422]
[15.361037]
[15.706715]
[15.920054]
[16.415573]
[16.86281]
[16.7408]
[16.426046]
[16.324821]
[16.167177]
[16.62851]
[16.430265]
[17.177582]
[21.318907]
[26.975433]
[20.814745]
[28.437555]
[29.578144]
[25.483973]
[24.582502]
[22.062174]
[9.009307]
[16.351076]
[18.608717]
[18.16635]
[20.957598]
[37.004887]
[42.547295]
[43.965202]
[53.1356]
[43.72692]
[43.093235]
[56.41637]
[65.46703]
[64.12931]
[64.17381]
[52.112766]
[70.00826]
[85.715904]
[95.94758]
[123.347565]
[107.94127]
[113.84572]
[103.882484]
[101.58397]
[99.093]
[96.07098]
[93.354416]
[92.00365]
[88.50194]
[84.244865]
[64.601814]
[68.081825]
[87.504486]
[87.0104]
[85.57584]
[85.46671]
[73.98243]
[81.933044]
[112.4888]
[124.08486]
[134.50931]
[135.08348]
[132.43968]
[131.97397]
[130.99728]
[130.33548]
[101.58823]
[95.417]
[94.876495]
[94.48969]
[92.88678]
[59.660824]
[49.476654]
[58.73377]
[54.87182]
[51.67775]
[40.719418]
[24.80963]
[21.200779]
[21.309952]
[31.316555]
[44.15949]
[40.023354]
[41.158237]
[34.31666]
[20.813541]
[16.770817]
[27.78005]
[20.2619]
[17.206802]
[16.743008]
[14.866221]
[14.186996]
[14.109526]
[15.795401]
[15.87216]
[14.987598]
[14.115797]
[14.609121]
[13.329455]
[12.865144]
[13.771345]
[13.682146]
[13.054259]
[13.32218]
[13.378448]
[13.468076]
[13.707802]
[15.175587]
[15.830729]
[13.283582]
[12.748838]
[13.435844]
[13.844201]
[13.744786]
[13.173936]
[13.142672]
[13.129354]
[12.570418]
[12.87923]
[11.761366]
[10.823084]
[11.657734]
[12.65517]
[14.338768]
[14.71918]
[17.02316]
[14.362957]
[13.894272]
[14.067721]
[12.828376]
[11.442748]
[12.24037]
[17.70502]
[12.337765]
[10.271738]
[11.003165]
[11.184606]
[13.911855]
[14.154933]
[12.876981]
[10.927756]
[10.984195]
[22.242748]
[25.742323]
[24.883657]
[24.88404]
[19.152445]
[13.55471]
[11.486229]
[11.312799]
[9.394741]
[8.673315]
[8.295691]
[8.001943]
[7.2212434]
[7.4925833]
[7.5048947]
[7.7603025]
[7.193134]
[7.385918]
[7.241506]
[7.016419]
[7.101558][10.25]
[9.45]
[13.02]
[10.69]
[5.31]
[5.25]
[5.26]
[5.31]
[5.31]
[5.3]
[5.29]
[5.3]
[9.25]
[9.31]
[9.28]
[9.29]
[9.27]
[9.26]
[9.25]
[9.26]
[9.26]
[9.27]
[9.25]
[9.25]
[9.32]
[9.28]
[9.26]
[9.22]
[9.21]
[9.23]
[9.23]
[9.06]
[9.24]
[9.25]
[9.24]
[9.29]
[9.55]
[9.28]
[9.27]
[9.27]
[9.25]
[9.24]
[9.28]
[12.21]
[12.29]
[12.32]
[12.27]
[12.3]
[12.29]
[12.25]
[12.25]
[12.25]
[12.29]
[12.3]
[12.3]
[12.31]
[12.36]
[12.34]
[12.35]
[12.36]
[12.37]
[12.39]
[12.39]
[12.4]
[12.36]
[12.39]
[12.4]
[12.41]
[12.52]
[12.25]
[12.25]
[12.03]
[12.31]
[26.75]
[15.2]
[15.05]
[15.12]
[15.03]
[15.09]
[15.17]
[15.22]
[15.41]
[15.4]
[15.43]
[15.24]
[15.14]
[15.08]
[15.29]
[15.3]
[15.23]
[15.22]
[15.17]
[15.21]
[15.24]
[15.21]
[15.26]
[15.09]
[15.03]
[14.94]
[15.09]
[15.28]
[15.3]
[15.52]
[15.38]
[15.46]
[15.26]
[15.55]
[15.54]
[15.27]
[22.36]
[17.87]
[15.85]
[42.75]
[82.22]
[94.05]
[93.25]
[90.97]
[55.68]
[49.63]
[58.09]
[56.67]
[54.59]
[53.59]
[58.05]
[53.08]
[41.74]
[57.88]
[58.89]
[56.17]
[56.45]
[59.98]
[24.57]
[23.68]
[48.95]
[58.59]
[52.66]
[61.65]
[55.39]
[15.63]
[15.57]
[49.45]
[48.02]
[57.5]
[95.04]
[91.35]
[127.12]
[159.08]
[215.85]
[192.9]
[144.63]
[136.75]
[131.02]
[99.64]
[86.83]
[129.19]
[131.03]
[129.73]
[130.49]
[130.52]
[92.3]
[87.76]
[90.33]
[91.84]
[90.24]
[92.4]
[96.82]
[52.74]
[45.22]
[55.96]
[60.38]
[51.61]
[55.5]
[62.81]
[54.04]
[56.12]
[53.08]
[60.33]
[38.11]
[64.66]
[62.07]
[50.21]
[45.53]
[67.12]
[58.52]
[53.52]
[50.52]
[53.77]
[41.06]
[38.17]
[35.45]
[50.08]
[57.71]
[43.73]
[61.41]
[54.5]
[42.43]
[96.98]
[93.31]
[95.73]
[93.08]
[91.61]
[94.94]
[85.74]
[88.4]
[98.74]
[90.94]
[95.37]
[98.5]
[45.13]
[47.61]
[67.66]
[39.1]
[71.69]
[37.29]
[69.59]
[19.53]
[12.7]
[49.99]
[27.12]
[31.05]
[19.21]
[28.46]
[14.31]
[9.94]
[17.83]
[28.86]
[44.83]
[46.46]
[52.06]
[24.01]
[9.42]
[50.97]
[57.23]
[44.2]
[37.8]
[12.15]
[9.41]
[10.47]
[20.43]
[33.31]
[48.25]
[44.01]
[55.45]
[12.7]
[10.36]
[51.64]
[50.92]
[50.38]
[49.93]
[49.1]
[13.79]
[10.13]
[29.22]
[34.2]
[23.2]
[39.35]
[38.77]
[14.08]
[10.2]
[32.49]
[35.58]
[33.86]
[32.24]
[29.9]
[23.23]
[16.87]
[24.9]
[28.37]
[17.49]
[16.74]
[47.53]
[16.06]
[15.03]
[32.65]
[36.66]
[33.79]
[32.62]
[31.6]
[12.79]
[8.68]
[29.3]
[28.48]
[33.01]
[32.79]
[29.71]
[12.11]
[7.79]
[7.39]
[5.3]
[5.33]
[5.36]
[5.41]
[5.44]
[5.46]
[5.48]
[5.51]
[5.52]
[5.54]
[5.55]
[5.56]
[5.57]
[5.58]
[5.41]
[5.59]
[5.59]
[5.59]
[5.59]
[5.59]
[5.59]
[5.52]
[9.82]
[15.53]
[16.95]
[20.82]
[11.7]
[14.18]
[15.4]
[23.39]
[19.41]
[16.47]
[11.42]
[6.71]
[12.54]
[12.67]
[10.63]
[11.37]
[12.05]
[14.44]
[14.47]
[12.32]
[14.46]
[13.82]
[14.57]
[14.58]
[8.47]
[14.78]
[14.81]
[14.47]
[5.31]
[5.31]
[5.29]
[6.65]
[12.03]
[10.97]
[11.68]
[7.09]
[5.32]
[5.32]
[5.33]
[5.32]
[5.32]
[7.66]
[5.32]
[5.32]
[5.32]
[5.29]
[5.21]
[5.09]
[5.1]
[5.1]
[5.1]
[5.11]
[5.11]
[5.1]
[5.12]
[5.22]
[5.48]
[5.49]
[5.27]
[5.12]
[5.13]
[5.12]
[5.12]
[5.11]
[5.16]
[8.76]
[8.76]
[8.94]
[8.95]
[8.95]
[10.8]
[10.34]
[8.93]
[12.82]
[12.41]
[9.78]
[12.71]
[13.05]
[9.78]
[9.61]
[13.47]
[13.71]
[13.82]
[13.8]
[20.11]
[12.1]
[10.21]
[15.44]
[19.36]
[24.22]
[16.35]
[13.82]
[12.91]
[11.05]
[11.21]
[12.63]
[12.73]
[13.93]
[14.]
[12.75]
[12.72]
[14.06]
[13.64]
[13.18]
[14.13]
[14.47]
[12.97]
[12.08]
[13.53]
[13.92]
[14.]
[14.03]
[13.47]
[12.53]
[12.61]
[12.89]
[13.87]
[13.64]
[12.29]
[13.75]
[12.77]
[12.77]
[13.97]
[13.97]
[12.95]
[15.58]
[14.78]
[14.97]
[14.82]
[14.67]
[14.69]
[14.7]
[14.81]
[14.7]
[17.5]
[18.04]
[19.37]
[14.58]
[14.62]
[14.69]
[14.75]
[14.6]
[14.39]
[14.42]
[14.49]
[14.55]
[14.59]
[14.62]
[14.6]
[14.31]
[14.23]
[14.12]
[14.15]
[14.3]
[14.52]
[14.49]
[14.43]
[14.23]
[14.17]
[14.28]
[14.37]
[14.29]
[14.2]
[14.09]
[14.11]
[14.23]
[14.04]
[14.13]
[14.15]
[14.07]
[14.02]
[13.88]
[13.88]
[13.78]
[13.82]
[13.92]
[14.08]
[13.97]
[13.86]
[13.82]
[13.83]
[13.99]
[14.01]
[13.84]
[13.78]
[13.71]
[13.96]
[14.1]
[13.99]
[13.72]
[16.98]
[13.92]
[13.67]
[13.53]
[13.42]
[13.41]
[13.36]
[14.17]
[14.52]
[14.48]
[14.44]
[14.41]
[14.38]
[14.37]
[14.35]
[14.34]
[14.31]
[15.25]
[14.32]
[14.31]
[14.29]
[14.29]
[14.58]
[14.56]
[12.15]
[11.95]
[11.88]
[11.87]
[11.82]
[13.39]
[11.95]
[11.94]
[11.89]
[11.86]
[11.86]
[11.84]
[11.83]
[11.81]
[11.86]
[11.86]
[11.8]
[11.8]
[11.79]
[11.78]
[11.77]
[11.96]
[11.94]
[11.9]
[11.85]
[11.35]
[11.83]
[11.8]
[12.]
[12.06]
[12.03]
[9.66]
[9.6]
[9.59]
[9.63]
[9.74]
[9.73]
[9.68]
[9.68]
[9.7]
[9.68]
[9.68]
[9.67]
[9.67]
[9.73]
[9.77]
[9.75]
[9.77]
[9.77]
[9.77]
[9.74]
[9.74]
[9.73]
[9.72]
[9.75]
[9.75]
[9.79]
[9.77]
[9.77]
[9.78]
[9.77]
[9.09]
[9.09]
[8.91]
[8.69]
[8.69]
[8.66]
[8.69]
[8.7]
[8.7]
[8.66]
[8.67]
[8.77]
[8.78]
[8.78]
[8.77]
[8.78]
[8.77]
[8.74]
[8.74]
[8.77]
[8.77]
[8.77]
[8.76]
[8.77]
[8.76]
[8.77]
[8.77]
[8.76]
[8.76]
[8.77]
[8.71]
[8.26]
[8.23]
[8.06]
[8.02]
[8.01]
[8.04]
[8.06]
[8.04]
[8.05]
[8.06]
[8.05]
[8.05]
[8.07]
[8.07]
[8.06]
[8.04]
[8.08]
[8.07]
[8.07]
[8.03]
[8.1]
[8.09]
[8.1]
[8.11]
[8.1]
[8.11]
[8.12]
[8.11]
[8.11]
[8.13]
[6.13]
[6.11]
[5.91]
[5.29]
[5.35]
[5.29]
[5.31]
[5.3]
[5.3]
[5.3]
[5.31]
[5.3]
[5.27]
[5.29]
[5.29]
[5.29]
[5.3]
[5.3]
[5.34]
[5.31]
[5.31]
[5.32]
[5.32]
[5.31]
[5.33]
[5.32]
[5.32]
[5.31]
[5.33]
[5.32]
[5.34]
[5.34]
[5.89]
[5.74]
[5.51]
[5.5]
[7.49]
[7.16]
[5.55]
[5.56]
[5.48]
[5.43]
[5.41]
[5.42]
[5.48]
[5.44]
[5.44]
[5.44]
[7.99]
[5.37]
[5.4]
[5.41]
[5.38]
[5.38]
[5.39]
[5.38]
[5.38]
[5.43]
[5.4]
[5.41]
[5.42]
[5.41]
[5.41]
[5.41]
[5.41]
[5.42]
[5.44]
[5.44]
[5.45]
[5.47]
[5.47]
[5.4]
[5.42]
[5.44]
[5.46]
[5.47]
[5.46]
[5.46]
[5.47]
[5.47]
[5.42]
[5.48]
[5.49]
[5.48]
[5.46]
[5.46]
[5.5]
[5.51]
[5.48]
[5.46]
[9.04]
[9.13]
[9.13]
[9.16]
[9.17]
[9.17]
[9.19]
[9.21]
[9.24]
[9.24]
[9.22]
[9.2]
[9.27]
[9.28]
[9.28]
[9.29]
[9.32]
[9.33]
[9.33]
[9.34]
[9.36]
[9.37]
[9.38]
[9.41]
[9.41]
[9.41]
[9.41]
[9.42]
[9.83]
[9.49]
[9.52]
[12.18]
[12.29]
[12.29]
[12.33]
[12.37]
[12.42]
[12.45]
[12.39]
[15.27]
[16.55]
[14.11]
[12.06]
[12.15]
[12.22]
[12.2]
[14.89]
[12.24]
[12.29]
[12.3]
[12.82]
[12.19]
[12.16]
[12.29]
[12.32]
[12.3]
[12.41]
[12.47]
[12.46]
[12.66]
[12.65]
[14.68]
[15.59]
[15.66]
[15.62]
[15.61]
[15.62]
[15.55]
[15.55]
[15.53]
[15.48]
[15.58]
[15.63]
[15.67]
[15.73]
[15.76]
[15.69]
[15.74]
[15.74]
[15.7]
[15.75]
[15.81]
[15.74]
[15.69]
[15.67]
[15.67]
[15.69]
[15.71]
[15.78]
[15.82]
[15.85]
[15.84]
[15.82]
[15.81]
[15.68]
[15.65]
[15.45]
[15.76]
[15.72]
[15.72]
[15.72]
[15.86]
[15.62]
[15.55]
[15.84]
[15.47]
[15.85]
[15.91]
[15.89]
[15.6]
[15.96]
[15.99]
[15.84]
[15.77]
[15.99]
[15.57]
[15.56]
[15.78]
[15.69]
[15.67]
[15.63]
[15.75]
[15.5]
[15.92]
[15.96]
[15.99]
[16.2]
[15.99]
[15.99]
[15.96]
[15.93]
[15.94]
[15.96]
[15.89]
[15.75]
[15.57]
[14.85]
[16.98]
[17.18]
[17.15]
[16.64]
[16.94]
[16.89]
[16.85]
[16.85]
[16.82]
[22.09]
[48.14]
[54.09]
[52.25]
[50.82]
[26.21]
[24.32]
[46.38]
[54.6]
[55.32]
[58.59]
[42.22]
[59.61]
[52.27]
[91.07]
[134.99]
[99.13]
[93.08]
[89.49]
[90.15]
[90.7]
[92.91]
[90.54]
[92.41]
[91.17]
[89.85]
[54.37]
[55.31]
[91.98]
[89.63]
[92.51]
[92.65]
[53.92]
[58.15]
[118.86]
[121.02]
[128.01]
[129.11]
[130.04]
[130.07]
[129.96]
[130.52]
[93.73]
[94.19]
[93.43]
[94.32]
[94.03]
[49.04]
[42.92]
[63.69]
[56.03]
[54.7]
[38.34]
[11.79]
[11.72]
[12.96]
[33.11]
[57.23]
[47.44]
[52.93]
[38.46]
[13.38]
[10.84]
[32.12]
[12.86]
[13.04]
[11.96]
[9.06]
[9.09]
[9.87]
[13.99]
[13.87]
[12.77]
[11.54]
[13.62]
[10.08]
[9.89]
[11.66]
[11.41]
[10.97]
[12.27]
[12.58]
[13.52]
[14.11]
[18.19]
[19.12]
[13.6]
[13.55]
[13.48]
[13.43]
[13.64]
[13.07]
[13.76]
[13.75]
[12.85]
[13.71]
[11.22]
[9.92]
[11.7]
[12.05]
[15.5]
[15.5]
[20.41]
[11.86]
[11.21]
[12.16]
[10.03]
[8.58]
[11.93]
[24.96]
[9.81]
[9.12]
[11.89]
[11.97]
[19.72]
[18.14]
[16.04]
[11.71]
[13.74]
[39.18]
[46.43]
[42.22]
[40.7]
[29.17]
[11.6]
[7.7]
[7.77]
[5.18]
[5.21]
[5.24]
[5.27]
[5.28]
[5.29]
[5.31]
[5.33]
[5.34]
[5.35]
[5.36]
[5.37]
[5.38]
[5.39]