0.8953634015016343, 0.898374267256693, 2.1319139599258157, 196.90835921978504[11.897065]
[9.174052]
[8.058437]
[10.100575]
[9.05844]
[5.5626645]
[4.9125233]
[4.9681587]
[4.965243]
[4.9546947]
[4.9501595]
[4.892052]
[4.928951]
[7.3034983]
[7.8432446]
[7.8016496]
[7.853838]
[8.020656]
[9.11327]
[9.873442]
[9.088927]
[8.485499]
[8.282042]
[8.212445]
[8.148987]
[8.165024]
[8.1584215]
[8.142405]
[8.047481]
[8.011522]
[7.961765]
[8.006315]
[8.058952]
[8.143406]
[8.080926]
[8.128611]
[8.135154]
[8.174165]
[11.979684]
[9.041221]
[8.379813]
[8.755931]
[8.977089]
[8.867539]
[10.4947605]
[10.753086]
[10.672887]
[10.697345]
[10.631041]
[10.933148]
[11.13259]
[11.044396]
[10.773587]
[10.801206]
[10.7116995]
[10.655234]
[10.664868]
[10.718657]
[10.652922]
[10.631895]
[10.64916]
[10.678005]
[10.612865]
[10.658793]
[10.67631]
[10.614487]
[10.978525]
[11.230753]
[10.932562]
[11.063658]
[13.65316]
[8.503638]
[10.061916]
[10.688204]
[38.403893]
[17.302206]
[12.736613]
[12.755219]
[12.692778]
[12.691864]
[12.827816]
[13.000543]
[12.958566]
[13.012478]
[13.123076]
[12.862542]
[12.779799]
[12.906538]
[13.191098]
[12.99813]
[12.982437]
[12.780336]
[13.329424]
[13.359195]
[13.01566]
[13.140837]
[13.222831]
[13.035227]
[13.010707]
[12.472155]
[12.845931]
[13.300162]
[13.225719]
[13.662182]
[13.838566]
[14.024264]
[19.297758]
[20.813364]
[19.121113]
[29.534744]
[45.78757]
[22.935833]
[63.957554]
[69.9947]
[77.937614]
[92.06728]
[128.79027]
[94.391914]
[69.633736]
[57.97845]
[60.689186]
[58.47465]
[53.837254]
[50.130257]
[51.58967]
[48.351994]
[39.94242]
[48.185734]
[50.610218]
[48.428474]
[48.98603]
[51.74172]
[29.853296]
[25.013]
[41.127842]
[48.306843]
[44.72303]
[48.59863]
[44.864395]
[21.521757]
[21.083254]
[43.667694]
[48.242065]
[63.98437]
[96.00279]
[139.1561]
[155.56734]
[172.85823]
[205.65172]
[172.50925]
[144.29164]
[135.50217]
[123.58631]
[102.35031]
[85.84262]
[108.63777]
[113.710304]
[114.92492]
[118.07585]
[121.90332]
[99.323425]
[93.35352]
[89.78093]
[90.84323]
[87.77818]
[86.85641]
[90.33987]
[64.85679]
[62.51541]
[68.90664]
[71.368546]
[67.26074]
[67.41474]
[68.50393]
[59.840034]
[57.068703]
[53.329475]
[55.58564]
[41.361973]
[54.016396]
[54.74734]
[48.270176]
[44.947098]
[56.136528]
[51.4175]
[46.387573]
[43.339977]
[44.841797]
[40.143604]
[40.454334]
[44.069023]
[59.186745]
[65.59799]
[57.349384]
[63.67344]
[56.83993]
[53.03893]
[92.921196]
[91.443695]
[88.53337]
[82.22974]
[78.40454]
[79.38504]
[76.66917]
[81.573105]
[89.762314]
[86.66549]
[91.96292]
[97.256966]
[64.92858]
[64.31181]
[73.05769]
[56.13255]
[70.548546]
[49.730877]
[63.29673]
[34.214134]
[22.224386]
[44.769512]
[33.254562]
[31.87716]
[24.163618]
[27.959427]
[19.814243]
[14.7913265]
[18.833338]
[25.96286]
[36.019257]
[37.94957]
[41.870636]
[28.153929]
[16.614716]
[40.93612]
[47.991913]
[40.63757]
[36.652954]
[20.884514]
[17.066185]
[17.088573]
[22.05228]
[29.762611]
[38.79444]
[37.387753]
[42.751507]
[19.458595]
[14.018557]
[38.324627]
[40.518394]
[40.134956]
[39.68064]
[38.388615]
[19.626682]
[15.01587]
[26.295181]
[30.592495]
[23.462421]
[30.983004]
[31.689253]
[16.78107]
[11.600521]
[24.279852]
[28.42849]
[27.183308]
[25.759605]
[23.951933]
[19.561127]
[15.192472]
[19.509285]
[22.64596]
[17.19427]
[17.165379]
[37.133144]
[20.26242]
[14.887311]
[24.883022]
[28.757837]
[27.086191]
[25.854618]
[24.644947]
[13.418346]
[8.942228]
[20.642275]
[21.848331]
[24.377838]
[25.052727]
[23.250294]
[12.509927]
[7.9787984]
[7.28935]
[6.0320325]
[5.737633]
[5.9190216]
[6.0847545]
[5.9794736]
[5.821583]
[5.7060027]
[5.7227216]
[5.7097216]
[5.6750813]
[5.5796437]
[5.513121]
[5.4915524]
[5.497596]
[5.391519]
[5.3955736]
[5.3471766]
[5.322408]
[5.322408]
[5.322408]
[5.322408]
[5.2063246]
[7.3644457]
[12.836661]
[12.99765]
[14.89081]
[10.16081]
[10.64871]
[11.589247]
[16.36573]
[14.962055]
[12.89677]
[9.641382]
[6.3414907]
[9.191799]
[9.8647175]
[8.6488695]
[8.8658695]
[9.388094]
[10.965627]
[11.276562]
[9.948203]
[10.980604]
[18.726404]
[12.912923]
[11.542495]
[7.8523874]
[11.185606]
[11.851456]
[11.505958]
[6.0254693]
[5.000922]
[5.0160084]
[5.809558]
[9.1481495]
[9.365045]
[9.432438]
[6.69222]
[5.128971]
[4.9625063]
[4.9823112]
[4.983823]
[4.9250374]
[6.3827353]
[5.228361]
[4.9154706]
[4.978139]
[4.9236884]
[4.907372]
[4.7668896]
[5.1243887]
[5.253929]
[5.1169863]
[5.0747285]
[4.963123]
[4.907824]
[4.9186435]
[4.9881163]
[5.1121006]
[5.139905]
[5.0013595]
[5.0632095]
[4.937506]
[4.912347]
[4.9342713]
[4.92967]
[4.967113]
[7.1409593]
[7.5993724]
[12.507108]
[8.716535]
[7.721056]
[9.060618]
[8.799654]
[7.889993]
[11.049866]
[10.516729]
[8.634004]
[10.315692]
[10.85827]
[8.782551]
[8.372269]
[10.922474]
[11.713533]
[11.655838]
[11.659433]
[16.774246]
[11.375859]
[8.901945]
[12.533742]
[16.463032]
[20.493824]
[14.711912]
[11.941702]
[11.106854]
[9.7156315]
[9.75397]
[10.738884]
[10.870789]
[11.779011]
[11.954638]
[11.030621]
[10.975081]
[12.08726]
[11.579903]
[11.262096]
[12.252936]
[12.504423]
[11.255331]
[10.51603]
[11.7117605]
[12.165103]
[12.104627]
[12.185919]
[11.656915]
[10.94]
[10.392736]
[10.876957]
[12.4592]
[12.303985]
[10.633736]
[11.74267]
[12.027022]
[11.590487]
[12.151991]
[12.191545]
[11.307752]
[13.302779]
[12.893839]
[12.8388195]
[12.788123]
[12.780587]
[12.801156]
[12.623356]
[12.825806]
[12.753654]
[14.765783]
[17.960213]
[17.091467]
[13.238969]
[12.679421]
[13.014464]
[12.768849]
[13.310958]
[13.207664]
[13.078501]
[13.109542]
[13.032168]
[13.221425]
[13.229419]
[13.189158]
[12.899448]
[12.68502]
[12.574153]
[12.609053]
[12.666636]
[12.814185]
[12.788525]
[12.791975]
[12.757736]
[12.71606]
[12.740068]
[12.8808]
[12.814435]
[12.701968]
[12.671235]
[12.711215]
[12.850673]
[12.782192]
[12.858348]
[12.981572]
[13.072168]
[13.042605]
[12.864114]
[12.970781]
[12.882659]
[12.835276]
[13.046213]
[13.196323]
[13.133405]
[13.0978565]
[13.101795]
[13.149763]
[13.265998]
[13.428207]
[13.39539]
[13.391795]
[13.431119]
[13.523692]
[13.68527]
[13.75221]
[13.350172]
[47.544094]
[55.566624]
[52.049522]
[15.429745]
[9.135579]
[12.123639]
[13.580255]
[13.888329]
[13.94066]
[13.655246]
[13.52033]
[13.402292]
[13.482821]
[13.294457]
[13.083283]
[13.185183]
[13.304817]
[13.856356]
[13.1631155]
[13.062412]
[12.980945]
[13.0626135]
[12.455077]
[12.806375]
[11.243097]
[11.018379]
[10.651392]
[10.640693]
[11.176162]
[12.321797]
[11.5710745]
[11.362892]
[11.145134]
[11.077766]
[10.96086]
[10.754319]
[10.982661]
[10.923211]
[10.898568]
[10.757453]
[10.701865]
[10.639785]
[10.564707]
[10.445436]
[10.42294]
[10.590304]
[11.264675]
[12.113884]
[12.34424]
[12.372839]
[11.626174]
[11.57356]
[11.397584]
[11.311281]
[11.277189]
[10.075093]
[9.960651]
[9.494958]
[9.23872]
[9.218661]
[9.128734]
[9.167566]
[9.065062]
[9.130673]
[9.024087]
[8.976059]
[9.065213]
[8.914639]
[9.039249]
[8.954988]
[8.995553]
[8.976347]
[8.99555]
[8.943715]
[8.932011]
[8.867689]
[8.876571]
[8.807378]
[8.8004675]
[8.80627]
[8.867605]
[8.803708]
[8.734257]
[8.836566]
[8.724618]
[8.386473]
[8.313742]
[8.22476]
[8.000045]
[7.8485837]
[7.9315553]
[8.039994]
[8.034243]
[7.9970856]
[7.773243]
[7.746998]
[7.8915367]
[8.680026]
[8.824867]
[8.622795]
[8.452562]
[8.294194]
[8.196625]
[8.139016]
[8.042679]
[8.140438]
[8.052252]
[7.9955297]
[8.059529]
[7.910689]
[7.795475]
[8.018445]
[8.239666]
[8.057507]
[8.246747]
[8.23747]
[7.8081884]
[7.5993576]
[7.450765]
[7.4241076]
[7.3206053]
[7.3691616]
[7.44312]
[7.4135575]
[7.3001356]
[7.367358]
[7.3378706]
[7.313499]
[7.3230314]
[7.359202]
[7.2707686]
[7.323564]
[7.311562]
[7.32353]
[7.275989]
[7.192244]
[7.363152]
[7.28761]
[7.205516]
[7.268444]
[7.3381543]
[7.2467804]
[7.28768]
[7.2204313]
[7.3264756]
[7.3867426]
[6.0890307]
[5.870826]
[5.752369]
[5.2261486]
[5.2185597]
[5.1080065]
[5.185121]
[5.1621485]
[5.082825]
[5.1804066]
[5.1667333]
[5.137284]
[5.1193967]
[5.1260495]
[5.187213]
[5.1419206]
[5.068468]
[5.229208]
[5.129663]
[5.0664644]
[5.1907406]
[5.172911]
[5.152222]
[5.1483836]
[5.1613116]
[5.1605654]
[5.158528]
[5.1559863]
[5.1655145]
[5.230402]
[5.133489]
[5.2239847]
[5.5255446]
[5.5138817]
[8.988641]
[5.935634]
[6.9998126]
[7.2680597]
[5.6309013]
[5.3623195]
[5.3351655]
[5.2923717]
[5.630419]
[5.318394]
[5.6091666]
[5.3276296]
[5.6044145]
[5.327124]
[7.528216]
[6.0066876]
[5.6109123]
[5.604054]
[5.5976915]
[5.5913577]
[5.584931]
[5.280275]
[5.5499296]
[5.143559]
[7.5543923]
[5.721496]
[5.284355]
[5.548263]
[5.3074403]
[5.2845173]
[5.5344057]
[5.3103256]
[5.5103126]
[5.5196214]
[5.3046575]
[5.498992]
[5.331806]
[5.287139]
[5.3052363]
[5.491134]
[5.3202744]
[5.470255]
[5.317181]
[5.3152046]
[5.3398404]
[5.4691834]
[5.283504]
[5.319092]
[5.4635277]
[5.316365]
[5.317771]
[5.4453807]
[5.3173413]
[5.4529457]
[5.426026]
[5.2774606]
[8.464724]
[8.457606]
[8.838682]
[8.444122]
[8.806481]
[8.877273]
[8.824283]
[8.789448]
[9.355631]
[8.836241]
[9.304321]
[8.807795]
[9.307814]
[8.812838]
[9.311233]
[9.412473]
[8.764645]
[8.751734]
[8.798073]
[8.829922]
[8.870772]
[8.991021]
[8.964704]
[9.219864]
[8.851406]
[9.25285]
[9.040461]
[8.831884]
[9.470649]
[9.499667]
[9.4926405]
[10.947296]
[11.136971]
[11.118731]
[11.578819]
[11.149535]
[11.541719]
[12.066596]
[12.1090355]
[14.844376]
[16.4363]
[14.822402]
[11.859331]
[11.923031]
[11.9686985]
[12.4200735]
[15.50203]
[12.862682]
[12.4143305]
[12.393787]
[12.840718]
[11.945109]
[11.793551]
[11.893608]
[12.069393]
[12.084257]
[12.33526]
[12.371614]
[12.027284]
[12.144109]
[12.014163]
[12.937964]
[13.397262]
[13.5239105]
[13.592568]
[13.167521]
[13.154326]
[12.823057]
[13.20126]
[13.3322735]
[13.947389]
[36.042187]
[18.2577]
[16.464273]
[14.903991]
[11.908741]
[14.802888]
[15.519679]
[15.606376]
[15.602509]
[15.632923]
[15.586196]
[15.483051]
[15.207581]
[15.01313]
[15.376432]
[14.890684]
[15.0166]
[14.6587515]
[14.583877]
[14.800273]
[15.145735]
[15.679891]
[16.111414]
[15.575375]
[16.611227]
[14.417807]
[14.342688]
[14.91425]
[15.553077]
[16.52392]
[15.804141]
[14.238695]
[15.515487]
[15.8187275]
[15.59611]
[16.302979]
[16.327982]
[16.097141]
[15.648205]
[15.729604]
[15.644924]
[15.372368]
[15.203566]
[15.317797]
[15.5405855]
[16.612854]
[16.162054]
[15.633448]
[15.099606]
[14.676035]
[14.646991]
[14.199676]
[14.553124]
[14.726785]
[14.895027]
[15.476667]
[15.337163]
[15.033651]
[14.942817]
[14.624839]
[15.100336]
[14.754621]
[15.305312]
[21.161934]
[20.636269]
[15.645907]
[25.28589]
[23.289906]
[19.00014]
[20.667316]
[19.108374]
[4.752362]
[14.28131]
[16.4059]
[16.031315]
[19.366724]
[37.00777]
[43.14791]
[47.687664]
[54.247665]
[40.70039]
[35.10399]
[51.350086]
[60.084385]
[61.904625]
[61.996326]
[53.64266]
[63.664276]
[82.798744]
[91.46241]
[119.70134]
[104.25847]
[112.02924]
[98.41105]
[95.55021]
[94.060005]
[94.573364]
[92.13465]
[89.76832]
[85.91077]
[83.47676]
[64.33791]
[69.882935]
[85.25516]
[85.01579]
[84.01234]
[85.85681]
[69.779274]
[77.910835]
[106.71193]
[118.01245]
[128.03899]
[129.26125]
[124.84292]
[124.16977]
[125.56442]
[124.12952]
[98.210556]
[94.899025]
[94.36651]
[92.72963]
[91.18874]
[60.536255]
[49.77962]
[60.192333]
[55.755043]
[52.317535]
[40.778057]
[20.835012]
[17.225325]
[17.674795]
[30.194462]
[46.276733]
[41.87842]
[43.724022]
[35.600716]
[18.44462]
[13.997126]
[27.236176]
[17.54815]
[14.840891]
[14.211198]
[12.107665]
[11.482935]
[11.620672]
[13.90348]
[14.058038]
[13.128233]
[12.149198]
[12.999041]
[11.232813]
[10.757101]
[11.852906]
[11.78642]
[11.194895]
[11.705557]
[11.87704]
[12.180489]
[12.536176]
[14.681729]
[15.470745]
[12.266872]
[11.698507]
[12.191887]
[12.4941435]
[12.436376]
[11.869952]
[12.016835]
[12.024926]
[11.395022]
[11.805658]
[10.403359]
[9.30444]
[10.32362]
[11.20373]
[13.327161]
[13.671852]
[16.616554]
[12.670031]
[11.924367]
[12.262715]
[10.808645]
[9.384313]
[10.757014]
[18.202671]
[10.799132]
[8.678665]
[9.939461]
[10.145522]
[14.196712]
[14.111052]
[12.662064]
[10.048805]
[10.543235]
[24.792023]
[31.056343]
[29.850906]
[28.572327]
[22.097937]
[12.892769]
[9.394865]
[9.003294]
[7.066401]
[6.4450154]
[6.18848]
[5.9883065]
[5.554586]
[5.61161]
[5.6802797]
[5.813839]
[5.5436025]
[5.552305]
[5.528888]
[5.397143]
[5.401957][10.25]
[9.45]
[13.02]
[10.69]
[5.31]
[5.25]
[5.26]
[5.31]
[5.31]
[5.3]
[5.29]
[5.3]
[9.25]
[9.31]
[9.28]
[9.29]
[9.27]
[9.26]
[9.25]
[9.26]
[9.26]
[9.27]
[9.25]
[9.25]
[9.32]
[9.28]
[9.26]
[9.22]
[9.21]
[9.23]
[9.23]
[9.06]
[9.24]
[9.25]
[9.24]
[9.29]
[9.55]
[9.28]
[9.27]
[9.27]
[9.25]
[9.24]
[9.28]
[12.21]
[12.29]
[12.32]
[12.27]
[12.3]
[12.29]
[12.25]
[12.25]
[12.25]
[12.29]
[12.3]
[12.3]
[12.31]
[12.36]
[12.34]
[12.35]
[12.36]
[12.37]
[12.39]
[12.39]
[12.4]
[12.36]
[12.39]
[12.4]
[12.41]
[12.52]
[12.25]
[12.25]
[12.03]
[12.31]
[26.75]
[15.2]
[15.05]
[15.12]
[15.03]
[15.09]
[15.17]
[15.22]
[15.41]
[15.4]
[15.43]
[15.24]
[15.14]
[15.08]
[15.29]
[15.3]
[15.23]
[15.22]
[15.17]
[15.21]
[15.24]
[15.21]
[15.26]
[15.09]
[15.03]
[14.94]
[15.09]
[15.28]
[15.3]
[15.52]
[15.38]
[15.46]
[15.26]
[15.55]
[15.54]
[15.27]
[22.36]
[17.87]
[15.85]
[42.75]
[82.22]
[94.05]
[93.25]
[90.97]
[55.68]
[49.63]
[58.09]
[56.67]
[54.59]
[53.59]
[58.05]
[53.08]
[41.74]
[57.88]
[58.89]
[56.17]
[56.45]
[59.98]
[24.57]
[23.68]
[48.95]
[58.59]
[52.66]
[61.65]
[55.39]
[15.63]
[15.57]
[49.45]
[48.02]
[57.5]
[95.04]
[91.35]
[127.12]
[159.08]
[215.85]
[192.9]
[144.63]
[136.75]
[131.02]
[99.64]
[86.83]
[129.19]
[131.03]
[129.73]
[130.49]
[130.52]
[92.3]
[87.76]
[90.33]
[91.84]
[90.24]
[92.4]
[96.82]
[52.74]
[45.22]
[55.96]
[60.38]
[51.61]
[55.5]
[62.81]
[54.04]
[56.12]
[53.08]
[60.33]
[38.11]
[64.66]
[62.07]
[50.21]
[45.53]
[67.12]
[58.52]
[53.52]
[50.52]
[53.77]
[41.06]
[38.17]
[35.45]
[50.08]
[57.71]
[43.73]
[61.41]
[54.5]
[42.43]
[96.98]
[93.31]
[95.73]
[93.08]
[91.61]
[94.94]
[85.74]
[88.4]
[98.74]
[90.94]
[95.37]
[98.5]
[45.13]
[47.61]
[67.66]
[39.1]
[71.69]
[37.29]
[69.59]
[19.53]
[12.7]
[49.99]
[27.12]
[31.05]
[19.21]
[28.46]
[14.31]
[9.94]
[17.83]
[28.86]
[44.83]
[46.46]
[52.06]
[24.01]
[9.42]
[50.97]
[57.23]
[44.2]
[37.8]
[12.15]
[9.41]
[10.47]
[20.43]
[33.31]
[48.25]
[44.01]
[55.45]
[12.7]
[10.36]
[51.64]
[50.92]
[50.38]
[49.93]
[49.1]
[13.79]
[10.13]
[29.22]
[34.2]
[23.2]
[39.35]
[38.77]
[14.08]
[10.2]
[32.49]
[35.58]
[33.86]
[32.24]
[29.9]
[23.23]
[16.87]
[24.9]
[28.37]
[17.49]
[16.74]
[47.53]
[16.06]
[15.03]
[32.65]
[36.66]
[33.79]
[32.62]
[31.6]
[12.79]
[8.68]
[29.3]
[28.48]
[33.01]
[32.79]
[29.71]
[12.11]
[7.79]
[7.39]
[5.3]
[5.33]
[5.36]
[5.41]
[5.44]
[5.46]
[5.48]
[5.51]
[5.52]
[5.54]
[5.55]
[5.56]
[5.57]
[5.58]
[5.41]
[5.59]
[5.59]
[5.59]
[5.59]
[5.59]
[5.59]
[5.52]
[9.82]
[15.53]
[16.95]
[20.82]
[11.7]
[14.18]
[15.4]
[23.39]
[19.41]
[16.47]
[11.42]
[6.71]
[12.54]
[12.67]
[10.63]
[11.37]
[12.05]
[14.44]
[14.47]
[12.32]
[14.46]
[13.82]
[14.57]
[14.58]
[8.47]
[14.78]
[14.81]
[14.47]
[5.31]
[5.31]
[5.29]
[6.65]
[12.03]
[10.97]
[11.68]
[7.09]
[5.32]
[5.32]
[5.33]
[5.32]
[5.32]
[7.66]
[5.32]
[5.32]
[5.32]
[5.29]
[5.21]
[5.09]
[5.1]
[5.1]
[5.1]
[5.11]
[5.11]
[5.1]
[5.12]
[5.22]
[5.48]
[5.49]
[5.27]
[5.12]
[5.13]
[5.12]
[5.12]
[5.11]
[5.16]
[8.76]
[8.76]
[8.94]
[8.95]
[8.95]
[10.8]
[10.34]
[8.93]
[12.82]
[12.41]
[9.78]
[12.71]
[13.05]
[9.78]
[9.61]
[13.47]
[13.71]
[13.82]
[13.8]
[20.11]
[12.1]
[10.21]
[15.44]
[19.36]
[24.22]
[16.35]
[13.82]
[12.91]
[11.05]
[11.21]
[12.63]
[12.73]
[13.93]
[14.]
[12.75]
[12.72]
[14.06]
[13.64]
[13.18]
[14.13]
[14.47]
[12.97]
[12.08]
[13.53]
[13.92]
[14.]
[14.03]
[13.47]
[12.53]
[12.61]
[12.89]
[13.87]
[13.64]
[12.29]
[13.75]
[12.77]
[12.77]
[13.97]
[13.97]
[12.95]
[15.58]
[14.78]
[14.97]
[14.82]
[14.67]
[14.69]
[14.7]
[14.81]
[14.7]
[17.5]
[18.04]
[19.37]
[14.58]
[14.62]
[14.69]
[14.75]
[14.6]
[14.39]
[14.42]
[14.49]
[14.55]
[14.59]
[14.62]
[14.6]
[14.31]
[14.23]
[14.12]
[14.15]
[14.3]
[14.52]
[14.49]
[14.43]
[14.23]
[14.17]
[14.28]
[14.37]
[14.29]
[14.2]
[14.09]
[14.11]
[14.23]
[14.04]
[14.13]
[14.15]
[14.07]
[14.02]
[13.88]
[13.88]
[13.78]
[13.82]
[13.92]
[14.08]
[13.97]
[13.86]
[13.82]
[13.83]
[13.99]
[14.01]
[13.84]
[13.78]
[13.71]
[13.96]
[14.1]
[13.99]
[13.72]
[16.98]
[13.92]
[13.67]
[13.53]
[13.42]
[13.41]
[13.36]
[14.17]
[14.52]
[14.48]
[14.44]
[14.41]
[14.38]
[14.37]
[14.35]
[14.34]
[14.31]
[15.25]
[14.32]
[14.31]
[14.29]
[14.29]
[14.58]
[14.56]
[12.15]
[11.95]
[11.88]
[11.87]
[11.82]
[13.39]
[11.95]
[11.94]
[11.89]
[11.86]
[11.86]
[11.84]
[11.83]
[11.81]
[11.86]
[11.86]
[11.8]
[11.8]
[11.79]
[11.78]
[11.77]
[11.96]
[11.94]
[11.9]
[11.85]
[11.35]
[11.83]
[11.8]
[12.]
[12.06]
[12.03]
[9.66]
[9.6]
[9.59]
[9.63]
[9.74]
[9.73]
[9.68]
[9.68]
[9.7]
[9.68]
[9.68]
[9.67]
[9.67]
[9.73]
[9.77]
[9.75]
[9.77]
[9.77]
[9.77]
[9.74]
[9.74]
[9.73]
[9.72]
[9.75]
[9.75]
[9.79]
[9.77]
[9.77]
[9.78]
[9.77]
[9.09]
[9.09]
[8.91]
[8.69]
[8.69]
[8.66]
[8.69]
[8.7]
[8.7]
[8.66]
[8.67]
[8.77]
[8.78]
[8.78]
[8.77]
[8.78]
[8.77]
[8.74]
[8.74]
[8.77]
[8.77]
[8.77]
[8.76]
[8.77]
[8.76]
[8.77]
[8.77]
[8.76]
[8.76]
[8.77]
[8.71]
[8.26]
[8.23]
[8.06]
[8.02]
[8.01]
[8.04]
[8.06]
[8.04]
[8.05]
[8.06]
[8.05]
[8.05]
[8.07]
[8.07]
[8.06]
[8.04]
[8.08]
[8.07]
[8.07]
[8.03]
[8.1]
[8.09]
[8.1]
[8.11]
[8.1]
[8.11]
[8.12]
[8.11]
[8.11]
[8.13]
[6.13]
[6.11]
[5.91]
[5.29]
[5.35]
[5.29]
[5.31]
[5.3]
[5.3]
[5.3]
[5.31]
[5.3]
[5.27]
[5.29]
[5.29]
[5.29]
[5.3]
[5.3]
[5.34]
[5.31]
[5.31]
[5.32]
[5.32]
[5.31]
[5.33]
[5.32]
[5.32]
[5.31]
[5.33]
[5.32]
[5.34]
[5.34]
[5.89]
[5.74]
[5.51]
[5.5]
[7.49]
[7.16]
[5.55]
[5.56]
[5.48]
[5.43]
[5.41]
[5.42]
[5.48]
[5.44]
[5.44]
[5.44]
[7.99]
[5.37]
[5.4]
[5.41]
[5.38]
[5.38]
[5.39]
[5.38]
[5.38]
[5.43]
[5.4]
[5.41]
[5.42]
[5.41]
[5.41]
[5.41]
[5.41]
[5.42]
[5.44]
[5.44]
[5.45]
[5.47]
[5.47]
[5.4]
[5.42]
[5.44]
[5.46]
[5.47]
[5.46]
[5.46]
[5.47]
[5.47]
[5.42]
[5.48]
[5.49]
[5.48]
[5.46]
[5.46]
[5.5]
[5.51]
[5.48]
[5.46]
[9.04]
[9.13]
[9.13]
[9.16]
[9.17]
[9.17]
[9.19]
[9.21]
[9.24]
[9.24]
[9.22]
[9.2]
[9.27]
[9.28]
[9.28]
[9.29]
[9.32]
[9.33]
[9.33]
[9.34]
[9.36]
[9.37]
[9.38]
[9.41]
[9.41]
[9.41]
[9.41]
[9.42]
[9.83]
[9.49]
[9.52]
[12.18]
[12.29]
[12.29]
[12.33]
[12.37]
[12.42]
[12.45]
[12.39]
[15.27]
[16.55]
[14.11]
[12.06]
[12.15]
[12.22]
[12.2]
[14.89]
[12.24]
[12.29]
[12.3]
[12.82]
[12.19]
[12.16]
[12.29]
[12.32]
[12.3]
[12.41]
[12.47]
[12.46]
[12.66]
[12.65]
[14.68]
[15.59]
[15.66]
[15.62]
[15.61]
[15.62]
[15.55]
[15.55]
[15.53]
[15.48]
[15.58]
[15.63]
[15.67]
[15.73]
[15.76]
[15.69]
[15.74]
[15.74]
[15.7]
[15.75]
[15.81]
[15.74]
[15.69]
[15.67]
[15.67]
[15.69]
[15.71]
[15.78]
[15.82]
[15.85]
[15.84]
[15.82]
[15.81]
[15.68]
[15.65]
[15.45]
[15.76]
[15.72]
[15.72]
[15.72]
[15.86]
[15.62]
[15.55]
[15.84]
[15.47]
[15.85]
[15.91]
[15.89]
[15.6]
[15.96]
[15.99]
[15.84]
[15.77]
[15.99]
[15.57]
[15.56]
[15.78]
[15.69]
[15.67]
[15.63]
[15.75]
[15.5]
[15.92]
[15.96]
[15.99]
[16.2]
[15.99]
[15.99]
[15.96]
[15.93]
[15.94]
[15.96]
[15.89]
[15.75]
[15.57]
[14.85]
[16.98]
[17.18]
[17.15]
[16.64]
[16.94]
[16.89]
[16.85]
[16.85]
[16.82]
[22.09]
[48.14]
[54.09]
[52.25]
[50.82]
[26.21]
[24.32]
[46.38]
[54.6]
[55.32]
[58.59]
[42.22]
[59.61]
[52.27]
[91.07]
[134.99]
[99.13]
[93.08]
[89.49]
[90.15]
[90.7]
[92.91]
[90.54]
[92.41]
[91.17]
[89.85]
[54.37]
[55.31]
[91.98]
[89.63]
[92.51]
[92.65]
[53.92]
[58.15]
[118.86]
[121.02]
[128.01]
[129.11]
[130.04]
[130.07]
[129.96]
[130.52]
[93.73]
[94.19]
[93.43]
[94.32]
[94.03]
[49.04]
[42.92]
[63.69]
[56.03]
[54.7]
[38.34]
[11.79]
[11.72]
[12.96]
[33.11]
[57.23]
[47.44]
[52.93]
[38.46]
[13.38]
[10.84]
[32.12]
[12.86]
[13.04]
[11.96]
[9.06]
[9.09]
[9.87]
[13.99]
[13.87]
[12.77]
[11.54]
[13.62]
[10.08]
[9.89]
[11.66]
[11.41]
[10.97]
[12.27]
[12.58]
[13.52]
[14.11]
[18.19]
[19.12]
[13.6]
[13.55]
[13.48]
[13.43]
[13.64]
[13.07]
[13.76]
[13.75]
[12.85]
[13.71]
[11.22]
[9.92]
[11.7]
[12.05]
[15.5]
[15.5]
[20.41]
[11.86]
[11.21]
[12.16]
[10.03]
[8.58]
[11.93]
[24.96]
[9.81]
[9.12]
[11.89]
[11.97]
[19.72]
[18.14]
[16.04]
[11.71]
[13.74]
[39.18]
[46.43]
[42.22]
[40.7]
[29.17]
[11.6]
[7.7]
[7.77]
[5.18]
[5.21]
[5.24]
[5.27]
[5.28]
[5.29]
[5.31]
[5.33]
[5.34]
[5.35]
[5.36]
[5.37]
[5.38]
[5.39]