0.8916818556462961, 0.8985781799883252, -0.7639195511557142, 200.34243702946432[11.833185]
[9.598276]
[8.27381]
[10.016301]
[9.368267]
[6.16222]
[5.3368917]
[5.311644]
[5.3265553]
[5.3155766]
[5.254473]
[5.272781]
[5.229622]
[7.29013]
[7.9582286]
[7.988379]
[8.103873]
[8.929976]
[9.832549]
[9.820502]
[9.559731]
[8.664001]
[8.516227]
[8.40418]
[8.363499]
[8.376352]
[8.370195]
[8.305488]
[8.236004]
[8.151977]
[8.171683]
[8.280248]
[8.236034]
[8.2827635]
[8.298234]
[8.271843]
[8.253888]
[8.580413]
[11.690251]
[9.623522]
[8.84448]
[9.1233225]
[9.173028]
[9.008453]
[10.413466]
[10.8354225]
[10.826806]
[10.785508]
[10.927543]
[11.116234]
[11.193549]
[11.050332]
[10.91609]
[10.844556]
[10.813835]
[10.761965]
[10.768366]
[10.781439]
[10.748296]
[10.727094]
[10.741685]
[10.732361]
[10.734437]
[10.747973]
[10.795213]
[10.878081]
[11.067536]
[11.154134]
[11.062144]
[11.064057]
[13.484771]
[9.14527]
[9.862589]
[10.748688]
[37.602795]
[15.356691]
[12.871863]
[12.922294]
[12.870102]
[12.891156]
[12.987732]
[13.119143]
[13.195915]
[13.223539]
[13.315027]
[13.144946]
[13.009818]
[13.033872]
[13.268638]
[13.219883]
[13.140657]
[12.9857025]
[13.209397]
[13.360281]
[13.177241]
[13.199592]
[13.302092]
[13.175711]
[13.137571]
[12.766425]
[12.786795]
[13.175508]
[13.044979]
[13.349214]
[13.50514]
[14.1672325]
[19.528751]
[19.55356]
[17.797865]
[35.418873]
[69.89757]
[32.416294]
[75.782455]
[78.12469]
[78.8917]
[92.62169]
[136.13643]
[93.01913]
[71.518]
[56.81855]
[60.566868]
[59.22641]
[54.25961]
[50.77089]
[51.089725]
[48.34562]
[40.764915]
[47.167263]
[49.99955]
[48.37987]
[46.49715]
[51.190445]
[31.508867]
[27.118044]
[42.319557]
[48.153698]
[43.767033]
[48.22125]
[43.918274]
[21.601612]
[21.501093]
[43.66507]
[47.02965]
[77.32624]
[104.066505]
[145.33057]
[160.66393]
[173.68811]
[209.21854]
[170.38904]
[147.37698]
[145.05197]
[126.825905]
[103.221405]
[85.19403]
[110.242676]
[116.8936]
[119.566734]
[120.62553]
[130.76065]
[110.5456]
[98.13031]
[90.403656]
[90.3984]
[86.86472]
[86.75613]
[91.98315]
[73.33728]
[64.06031]
[73.41702]
[71.15591]
[69.376114]
[66.417786]
[66.267334]
[59.48566]
[58.161823]
[53.756836]
[56.080418]
[42.931667]
[54.506172]
[54.6595]
[47.455685]
[45.02463]
[57.32584]
[51.72347]
[46.576096]
[43.23859]
[44.06614]
[37.59017]
[40.856697]
[43.682133]
[60.943195]
[65.40707]
[58.567837]
[63.975597]
[56.749386]
[56.497494]
[94.77145]
[91.78769]
[87.62049]
[83.94221]
[80.942955]
[81.91324]
[78.17529]
[84.25381]
[90.96736]
[88.877815]
[97.42326]
[98.08243]
[73.13658]
[68.08374]
[73.58731]
[55.83948]
[69.036865]
[50.348446]
[63.871147]
[36.3338]
[25.262579]
[46.92618]
[36.53706]
[35.241302]
[28.305634]
[30.920794]
[24.033745]
[18.533901]
[21.945288]
[28.991922]
[38.068653]
[38.70683]
[41.30299]
[29.25017]
[20.232029]
[43.510246]
[49.04949]
[40.8935]
[36.922516]
[25.10187]
[20.909222]
[20.88105]
[25.995337]
[33.694176]
[40.81122]
[38.127594]
[43.808018]
[22.803585]
[16.96599]
[41.05069]
[41.24432]
[39.449825]
[40.30988]
[38.509]
[21.007902]
[17.192322]
[28.356081]
[33.568695]
[27.206366]
[33.4721]
[32.527367]
[20.485605]
[14.084814]
[25.732498]
[29.51699]
[28.632935]
[26.64013]
[25.408596]
[21.769043]
[17.175137]
[20.765541]
[24.46676]
[19.562565]
[18.722937]
[38.610065]
[24.43418]
[17.224358]
[26.314486]
[29.1106]
[27.588211]
[26.111267]
[25.42706]
[15.838869]
[10.040762]
[20.963564]
[22.653429]
[23.474062]
[24.57023]
[23.024734]
[14.198226]
[8.909936]
[8.066977]
[7.0190387]
[6.5906568]
[6.9439025]
[7.024177]
[6.9911685]
[6.8433642]
[6.55503]
[6.6532187]
[6.5499926]
[6.5860753]
[6.385479]
[6.3578105]
[6.309843]
[6.317023]
[6.2202334]
[6.1580114]
[6.12688]
[6.101422]
[6.101422]
[6.101422]
[6.101422]
[5.93239]
[7.63307]
[12.886404]
[13.512052]
[15.285611]
[11.061177]
[10.873685]
[11.85322]
[16.55107]
[15.695576]
[13.445011]
[10.204943]
[7.045366]
[9.121346]
[10.120974]
[9.036904]
[9.075675]
[9.620395]
[11.087235]
[11.484981]
[10.281487]
[11.074426]
[18.66332]
[13.922109]
[11.718045]
[8.461428]
[10.925886]
[12.050058]
[11.776408]
[6.84913]
[5.4158325]
[5.4300046]
[5.990327]
[8.985066]
[9.514551]
[9.553166]
[7.1799717]
[5.568238]
[5.31636]
[5.333585]
[5.2784443]
[5.2965746]
[6.456068]
[5.6368146]
[5.28077]
[5.262962]
[5.286846]
[5.1939564]
[5.4631996]
[5.6021023]
[5.6376705]
[5.5489573]
[5.3993363]
[5.3341284]
[5.280397]
[5.2889357]
[5.2969794]
[5.431341]
[5.463667]
[5.4987173]
[5.3276224]
[5.3222294]
[5.2756653]
[5.2956767]
[5.2904124]
[5.268818]
[7.1326904]
[7.7110353]
[12.239559]
[9.235634]
[7.894254]
[8.961422]
[8.978614]
[8.079215]
[10.802923]
[10.740328]
[8.939577]
[10.185948]
[10.954974]
[9.140098]
[8.528035]
[10.791838]
[11.706954]
[11.7729025]
[11.736001]
[16.745613]
[12.250921]
[9.263199]
[12.202262]
[16.614872]
[19.420942]
[14.610479]
[12.396152]
[11.361104]
[10.000779]
[9.824969]
[10.786111]
[11.088227]
[11.917572]
[12.2379265]
[11.386177]
[11.156147]
[12.183677]
[12.003845]
[11.536977]
[12.317812]
[12.801306]
[11.698492]
[10.780672]
[11.739516]
[12.422985]
[12.513241]
[12.611037]
[12.168888]
[11.366491]
[10.769128]
[11.207538]
[11.911795]
[12.22866]
[10.776821]
[11.975372]
[11.444223]
[11.413109]
[12.163209]
[12.412771]
[11.640407]
[13.434537]
[13.478974]
[13.373928]
[13.342825]
[13.340699]
[13.440247]
[13.355705]
[13.526485]
[13.539294]
[14.915631]
[16.439043]
[15.256938]
[12.695763]
[13.278849]
[13.442159]
[13.9671135]
[13.679911]
[13.257967]
[13.148711]
[13.128242]
[13.246842]
[13.241164]
[13.289512]
[13.303249]
[13.094506]
[12.932777]
[12.848858]
[12.885409]
[12.887529]
[13.019479]
[12.86763]
[12.856015]
[12.79287]
[12.862511]
[12.718318]
[12.829705]
[12.777096]
[12.536067]
[12.496503]
[12.497786]
[12.58571]
[12.52258]
[12.539577]
[12.610678]
[12.76981]
[12.850691]
[12.426896]
[12.619292]
[12.546262]
[12.230443]
[12.514237]
[12.6152]
[12.441398]
[12.391102]
[12.363796]
[12.390056]
[12.326477]
[12.549945]
[12.593785]
[12.669131]
[12.856649]
[12.912392]
[13.599076]
[14.113006]
[18.257828]
[27.63213]
[41.01879]
[42.46523]
[12.941313]
[10.162883]
[12.966134]
[13.045226]
[13.544421]
[13.854149]
[13.837129]
[13.793518]
[13.70172]
[13.566284]
[13.409748]
[13.357226]
[13.324562]
[13.209939]
[13.779287]
[13.303324]
[13.073908]
[13.02005]
[12.988182]
[12.493947]
[13.0564785]
[11.714078]
[11.057256]
[11.031875]
[11.3073635]
[11.303672]
[12.242987]
[11.564752]
[11.046391]
[10.867221]
[10.715867]
[10.579595]
[10.67988]
[10.671022]
[10.488551]
[10.361317]
[10.289504]
[10.192729]
[10.235193]
[10.261665]
[10.181719]
[10.17507]
[10.973125]
[11.9612055]
[12.461866]
[11.926428]
[11.652281]
[11.387189]
[10.90675]
[10.764626]
[10.782752]
[11.2522135]
[10.458873]
[9.355911]
[9.341252]
[9.237078]
[9.301028]
[9.287144]
[9.25329]
[9.219154]
[9.206569]
[9.169202]
[9.131914]
[9.135992]
[9.095898]
[9.106581]
[9.126166]
[9.102074]
[9.110862]
[9.09168]
[9.072721]
[9.02433]
[8.992068]
[8.961668]
[8.926015]
[8.919827]
[8.926049]
[8.942124]
[8.912708]
[8.888184]
[8.913317]
[8.916698]
[8.554071]
[8.4621525]
[8.340769]
[8.157128]
[8.096613]
[8.118963]
[8.172314]
[8.15319]
[8.105332]
[8.055438]
[8.122056]
[8.436147]
[8.831076]
[8.973683]
[8.752221]
[8.59437]
[8.463423]
[8.360232]
[8.290432]
[8.272084]
[8.251582]
[8.221601]
[8.170705]
[8.142406]
[8.100986]
[8.141779]
[8.286635]
[8.374137]
[8.387606]
[8.402516]
[8.357393]
[7.974066]
[7.794098]
[7.658376]
[7.5827284]
[7.5564656]
[7.575061]
[7.597899]
[7.5516467]
[7.51732]
[7.5080028]
[7.505933]
[7.4830203]
[7.49093]
[7.479264]
[7.468081]
[7.445033]
[7.458974]
[7.426799]
[7.40954]
[7.3762097]
[7.4163275]
[7.4050694]
[7.3726215]
[7.4018836]
[7.4222894]
[7.409441]
[7.4183807]
[7.4410596]
[7.47965]
[7.5327787]
[6.4417806]
[6.0784326]
[5.9496956]
[5.542462]
[5.439846]
[5.416868]
[5.4090476]
[5.4152412]
[5.3920116]
[5.404283]
[5.418456]
[5.3920693]
[5.375358]
[5.3803115]
[5.387626]
[5.3742423]
[5.355911]
[5.377719]
[5.391572]
[5.355836]
[5.3917994]
[5.40387]
[5.3855805]
[5.3824058]
[5.3940935]
[5.394436]
[5.3926654]
[5.390628]
[5.3994584]
[5.412364]
[5.401148]
[5.4084077]
[5.7137647]
[5.7219586]
[8.731751]
[6.5100484]
[6.92366]
[7.395719]
[5.99836]
[5.582111]
[5.5589685]
[5.5187764]
[5.7832236]
[5.590912]
[5.767407]
[5.602254]
[5.76721]
[5.6048985]
[7.4399505]
[6.3869834]
[5.8289356]
[5.8246784]
[5.8210626]
[5.817536]
[5.813953]
[5.5794005]
[5.7396502]
[5.54345]
[7.414637]
[6.184807]
[5.5501175]
[5.7516975]
[5.619625]
[5.5580482]
[5.746953]
[5.6295843]
[5.731825]
[5.7861624]
[5.633582]
[5.731714]
[5.66301]
[5.585227]
[5.601331]
[5.734959]
[5.6638446]
[5.7249727]
[5.667214]
[5.6293907]
[5.6535125]
[5.736333]
[5.648948]
[5.644951]
[5.742369]
[5.689496]
[5.656287]
[5.736334]
[5.700963]
[5.7538276]
[5.772549]
[5.6790543]
[8.448473]
[8.905843]
[9.201749]
[8.920174]
[9.198225]
[9.353006]
[9.317574]
[9.253287]
[9.67363]
[9.207555]
[9.476904]
[9.015572]
[9.282609]
[8.826156]
[9.092194]
[9.139871]
[8.661929]
[8.5222]
[8.527316]
[8.54464]
[8.572898]
[8.530573]
[8.546355]
[8.850803]
[8.68683]
[9.10268]
[8.9559355]
[8.723631]
[9.330315]
[9.5076275]
[9.485478]
[11.091219]
[11.316157]
[11.277287]
[11.611898]
[11.194511]
[11.530659]
[11.864025]
[11.814944]
[14.100106]
[15.24206]
[13.542214]
[11.201411]
[11.547452]
[11.500577]
[11.828605]
[14.49439]
[11.694853]
[11.667676]
[11.621045]
[11.94591]
[11.156508]
[11.119497]
[11.146281]
[11.486903]
[11.706427]
[12.139907]
[11.850315]
[11.313519]
[11.3747635]
[11.207198]
[11.939975]
[12.029264]
[12.078615]
[12.184336]
[11.801724]
[11.9770155]
[11.689224]
[11.876721]
[12.490581]
[15.525049]
[17.686728]
[13.639444]
[16.56446]
[16.736803]
[12.13466]
[15.343436]
[16.399553]
[16.009224]
[15.488921]
[15.157989]
[14.7191305]
[14.490531]
[14.382338]
[14.150694]
[14.574742]
[16.156174]
[14.982509]
[15.024996]
[14.779329]
[16.227869]
[15.383754]
[15.399689]
[14.545814]
[13.913396]
[14.389634]
[12.571062]
[13.190509]
[15.048304]
[15.925674]
[15.900528]
[15.715626]
[14.042529]
[16.006397]
[14.994775]
[14.986217]
[15.68952]
[15.411779]
[15.564509]
[15.282459]
[15.515057]
[15.580908]
[15.432372]
[15.311776]
[15.466238]
[15.784859]
[15.135758]
[15.489908]
[15.276411]
[15.05662]
[14.8643055]
[14.8113985]
[14.606879]
[14.884951]
[14.989615]
[15.259267]
[15.572416]
[15.113008]
[14.931195]
[14.866136]
[14.935003]
[15.040436]
[15.132751]
[15.486772]
[22.272009]
[20.547817]
[16.18984]
[28.228577]
[22.421679]
[19.314688]
[20.375635]
[18.75195]
[6.628767]
[12.756354]
[15.965546]
[15.792389]
[18.903154]
[35.296562]
[40.025257]
[46.24824]
[54.087673]
[44.454407]
[33.363808]
[55.504906]
[64.61633]
[62.10361]
[62.044888]
[52.77802]
[71.867836]
[91.94217]
[93.59177]
[121.29495]
[113.835846]
[121.37103]
[105.44859]
[102.86301]
[97.50897]
[98.2024]
[92.33394]
[88.62641]
[85.35794]
[84.914665]
[72.813614]
[71.10837]
[84.85654]
[83.98279]
[85.28831]
[88.3057]
[87.865654]
[89.21645]
[109.69959]
[122.3718]
[140.43114]
[136.25963]
[129.19315]
[129.91258]
[132.62155]
[126.42583]
[99.77605]
[100.384544]
[94.53671]
[92.614586]
[90.282104]
[60.004585]
[50.88636]
[60.510612]
[55.88148]
[52.201954]
[40.9394]
[24.800388]
[20.077393]
[20.607616]
[32.330738]
[47.017227]
[41.8159]
[43.21736]
[35.742313]
[22.074062]
[16.392889]
[28.45762]
[21.161184]
[17.239594]
[16.855486]
[14.773659]
[14.225281]
[14.191155]
[16.228786]
[16.536642]
[15.63516]
[14.633546]
[15.221472]
[13.874663]
[13.100645]
[14.232841]
[14.2569065]
[13.736062]
[14.102088]
[14.207307]
[14.475301]
[14.833952]
[16.6653]
[17.750288]
[14.600022]
[13.710673]
[14.235557]
[14.540104]
[14.697106]
[14.212782]
[14.131288]
[14.151019]
[13.50034]
[13.84904]
[12.519298]
[11.442185]
[12.259413]
[13.24215]
[15.226204]
[16.0082]
[18.640654]
[15.353217]
[14.246466]
[14.620889]
[13.665123]
[11.948466]
[13.007567]
[20.060652]
[13.838643]
[10.730669]
[11.804466]
[12.246717]
[15.737765]
[16.240784]
[14.47332]
[11.999491]
[12.022129]
[26.30519]
[29.765537]
[28.33807]
[27.840193]
[21.35048]
[14.222537]
[10.630676]
[11.339247]
[8.972075]
[8.399482]
[7.9267917]
[7.6630044]
[7.081867]
[7.272647]
[6.988926]
[7.441912]
[6.9609456]
[7.223576]
[6.8730063]
[6.89952]
[6.8985453][10.25]
[9.45]
[13.02]
[10.69]
[5.31]
[5.25]
[5.26]
[5.31]
[5.31]
[5.3]
[5.29]
[5.3]
[9.25]
[9.31]
[9.28]
[9.29]
[9.27]
[9.26]
[9.25]
[9.26]
[9.26]
[9.27]
[9.25]
[9.25]
[9.32]
[9.28]
[9.26]
[9.22]
[9.21]
[9.23]
[9.23]
[9.06]
[9.24]
[9.25]
[9.24]
[9.29]
[9.55]
[9.28]
[9.27]
[9.27]
[9.25]
[9.24]
[9.28]
[12.21]
[12.29]
[12.32]
[12.27]
[12.3]
[12.29]
[12.25]
[12.25]
[12.25]
[12.29]
[12.3]
[12.3]
[12.31]
[12.36]
[12.34]
[12.35]
[12.36]
[12.37]
[12.39]
[12.39]
[12.4]
[12.36]
[12.39]
[12.4]
[12.41]
[12.52]
[12.25]
[12.25]
[12.03]
[12.31]
[26.75]
[15.2]
[15.05]
[15.12]
[15.03]
[15.09]
[15.17]
[15.22]
[15.41]
[15.4]
[15.43]
[15.24]
[15.14]
[15.08]
[15.29]
[15.3]
[15.23]
[15.22]
[15.17]
[15.21]
[15.24]
[15.21]
[15.26]
[15.09]
[15.03]
[14.94]
[15.09]
[15.28]
[15.3]
[15.52]
[15.38]
[15.46]
[15.26]
[15.55]
[15.54]
[15.27]
[22.36]
[17.87]
[15.85]
[42.75]
[82.22]
[94.05]
[93.25]
[90.97]
[55.68]
[49.63]
[58.09]
[56.67]
[54.59]
[53.59]
[58.05]
[53.08]
[41.74]
[57.88]
[58.89]
[56.17]
[56.45]
[59.98]
[24.57]
[23.68]
[48.95]
[58.59]
[52.66]
[61.65]
[55.39]
[15.63]
[15.57]
[49.45]
[48.02]
[57.5]
[95.04]
[91.35]
[127.12]
[159.08]
[215.85]
[192.9]
[144.63]
[136.75]
[131.02]
[99.64]
[86.83]
[129.19]
[131.03]
[129.73]
[130.49]
[130.52]
[92.3]
[87.76]
[90.33]
[91.84]
[90.24]
[92.4]
[96.82]
[52.74]
[45.22]
[55.96]
[60.38]
[51.61]
[55.5]
[62.81]
[54.04]
[56.12]
[53.08]
[60.33]
[38.11]
[64.66]
[62.07]
[50.21]
[45.53]
[67.12]
[58.52]
[53.52]
[50.52]
[53.77]
[41.06]
[38.17]
[35.45]
[50.08]
[57.71]
[43.73]
[61.41]
[54.5]
[42.43]
[96.98]
[93.31]
[95.73]
[93.08]
[91.61]
[94.94]
[85.74]
[88.4]
[98.74]
[90.94]
[95.37]
[98.5]
[45.13]
[47.61]
[67.66]
[39.1]
[71.69]
[37.29]
[69.59]
[19.53]
[12.7]
[49.99]
[27.12]
[31.05]
[19.21]
[28.46]
[14.31]
[9.94]
[17.83]
[28.86]
[44.83]
[46.46]
[52.06]
[24.01]
[9.42]
[50.97]
[57.23]
[44.2]
[37.8]
[12.15]
[9.41]
[10.47]
[20.43]
[33.31]
[48.25]
[44.01]
[55.45]
[12.7]
[10.36]
[51.64]
[50.92]
[50.38]
[49.93]
[49.1]
[13.79]
[10.13]
[29.22]
[34.2]
[23.2]
[39.35]
[38.77]
[14.08]
[10.2]
[32.49]
[35.58]
[33.86]
[32.24]
[29.9]
[23.23]
[16.87]
[24.9]
[28.37]
[17.49]
[16.74]
[47.53]
[16.06]
[15.03]
[32.65]
[36.66]
[33.79]
[32.62]
[31.6]
[12.79]
[8.68]
[29.3]
[28.48]
[33.01]
[32.79]
[29.71]
[12.11]
[7.79]
[7.39]
[5.3]
[5.33]
[5.36]
[5.41]
[5.44]
[5.46]
[5.48]
[5.51]
[5.52]
[5.54]
[5.55]
[5.56]
[5.57]
[5.58]
[5.41]
[5.59]
[5.59]
[5.59]
[5.59]
[5.59]
[5.59]
[5.52]
[9.82]
[15.53]
[16.95]
[20.82]
[11.7]
[14.18]
[15.4]
[23.39]
[19.41]
[16.47]
[11.42]
[6.71]
[12.54]
[12.67]
[10.63]
[11.37]
[12.05]
[14.44]
[14.47]
[12.32]
[14.46]
[13.82]
[14.57]
[14.58]
[8.47]
[14.78]
[14.81]
[14.47]
[5.31]
[5.31]
[5.29]
[6.65]
[12.03]
[10.97]
[11.68]
[7.09]
[5.32]
[5.32]
[5.33]
[5.32]
[5.32]
[7.66]
[5.32]
[5.32]
[5.32]
[5.29]
[5.21]
[5.09]
[5.1]
[5.1]
[5.1]
[5.11]
[5.11]
[5.1]
[5.12]
[5.22]
[5.48]
[5.49]
[5.27]
[5.12]
[5.13]
[5.12]
[5.12]
[5.11]
[5.16]
[8.76]
[8.76]
[8.94]
[8.95]
[8.95]
[10.8]
[10.34]
[8.93]
[12.82]
[12.41]
[9.78]
[12.71]
[13.05]
[9.78]
[9.61]
[13.47]
[13.71]
[13.82]
[13.8]
[20.11]
[12.1]
[10.21]
[15.44]
[19.36]
[24.22]
[16.35]
[13.82]
[12.91]
[11.05]
[11.21]
[12.63]
[12.73]
[13.93]
[14.]
[12.75]
[12.72]
[14.06]
[13.64]
[13.18]
[14.13]
[14.47]
[12.97]
[12.08]
[13.53]
[13.92]
[14.]
[14.03]
[13.47]
[12.53]
[12.61]
[12.89]
[13.87]
[13.64]
[12.29]
[13.75]
[12.77]
[12.77]
[13.97]
[13.97]
[12.95]
[15.58]
[14.78]
[14.97]
[14.82]
[14.67]
[14.69]
[14.7]
[14.81]
[14.7]
[17.5]
[18.04]
[19.37]
[14.58]
[14.62]
[14.69]
[14.75]
[14.6]
[14.39]
[14.42]
[14.49]
[14.55]
[14.59]
[14.62]
[14.6]
[14.31]
[14.23]
[14.12]
[14.15]
[14.3]
[14.52]
[14.49]
[14.43]
[14.23]
[14.17]
[14.28]
[14.37]
[14.29]
[14.2]
[14.09]
[14.11]
[14.23]
[14.04]
[14.13]
[14.15]
[14.07]
[14.02]
[13.88]
[13.88]
[13.78]
[13.82]
[13.92]
[14.08]
[13.97]
[13.86]
[13.82]
[13.83]
[13.99]
[14.01]
[13.84]
[13.78]
[13.71]
[13.96]
[14.1]
[13.99]
[13.72]
[16.98]
[13.92]
[13.67]
[13.53]
[13.42]
[13.41]
[13.36]
[14.17]
[14.52]
[14.48]
[14.44]
[14.41]
[14.38]
[14.37]
[14.35]
[14.34]
[14.31]
[15.25]
[14.32]
[14.31]
[14.29]
[14.29]
[14.58]
[14.56]
[12.15]
[11.95]
[11.88]
[11.87]
[11.82]
[13.39]
[11.95]
[11.94]
[11.89]
[11.86]
[11.86]
[11.84]
[11.83]
[11.81]
[11.86]
[11.86]
[11.8]
[11.8]
[11.79]
[11.78]
[11.77]
[11.96]
[11.94]
[11.9]
[11.85]
[11.35]
[11.83]
[11.8]
[12.]
[12.06]
[12.03]
[9.66]
[9.6]
[9.59]
[9.63]
[9.74]
[9.73]
[9.68]
[9.68]
[9.7]
[9.68]
[9.68]
[9.67]
[9.67]
[9.73]
[9.77]
[9.75]
[9.77]
[9.77]
[9.77]
[9.74]
[9.74]
[9.73]
[9.72]
[9.75]
[9.75]
[9.79]
[9.77]
[9.77]
[9.78]
[9.77]
[9.09]
[9.09]
[8.91]
[8.69]
[8.69]
[8.66]
[8.69]
[8.7]
[8.7]
[8.66]
[8.67]
[8.77]
[8.78]
[8.78]
[8.77]
[8.78]
[8.77]
[8.74]
[8.74]
[8.77]
[8.77]
[8.77]
[8.76]
[8.77]
[8.76]
[8.77]
[8.77]
[8.76]
[8.76]
[8.77]
[8.71]
[8.26]
[8.23]
[8.06]
[8.02]
[8.01]
[8.04]
[8.06]
[8.04]
[8.05]
[8.06]
[8.05]
[8.05]
[8.07]
[8.07]
[8.06]
[8.04]
[8.08]
[8.07]
[8.07]
[8.03]
[8.1]
[8.09]
[8.1]
[8.11]
[8.1]
[8.11]
[8.12]
[8.11]
[8.11]
[8.13]
[6.13]
[6.11]
[5.91]
[5.29]
[5.35]
[5.29]
[5.31]
[5.3]
[5.3]
[5.3]
[5.31]
[5.3]
[5.27]
[5.29]
[5.29]
[5.29]
[5.3]
[5.3]
[5.34]
[5.31]
[5.31]
[5.32]
[5.32]
[5.31]
[5.33]
[5.32]
[5.32]
[5.31]
[5.33]
[5.32]
[5.34]
[5.34]
[5.89]
[5.74]
[5.51]
[5.5]
[7.49]
[7.16]
[5.55]
[5.56]
[5.48]
[5.43]
[5.41]
[5.42]
[5.48]
[5.44]
[5.44]
[5.44]
[7.99]
[5.37]
[5.4]
[5.41]
[5.38]
[5.38]
[5.39]
[5.38]
[5.38]
[5.43]
[5.4]
[5.41]
[5.42]
[5.41]
[5.41]
[5.41]
[5.41]
[5.42]
[5.44]
[5.44]
[5.45]
[5.47]
[5.47]
[5.4]
[5.42]
[5.44]
[5.46]
[5.47]
[5.46]
[5.46]
[5.47]
[5.47]
[5.42]
[5.48]
[5.49]
[5.48]
[5.46]
[5.46]
[5.5]
[5.51]
[5.48]
[5.46]
[9.04]
[9.13]
[9.13]
[9.16]
[9.17]
[9.17]
[9.19]
[9.21]
[9.24]
[9.24]
[9.22]
[9.2]
[9.27]
[9.28]
[9.28]
[9.29]
[9.32]
[9.33]
[9.33]
[9.34]
[9.36]
[9.37]
[9.38]
[9.41]
[9.41]
[9.41]
[9.41]
[9.42]
[9.83]
[9.49]
[9.52]
[12.18]
[12.29]
[12.29]
[12.33]
[12.37]
[12.42]
[12.45]
[12.39]
[15.27]
[16.55]
[14.11]
[12.06]
[12.15]
[12.22]
[12.2]
[14.89]
[12.24]
[12.29]
[12.3]
[12.82]
[12.19]
[12.16]
[12.29]
[12.32]
[12.3]
[12.41]
[12.47]
[12.46]
[12.66]
[12.65]
[14.68]
[15.59]
[15.66]
[15.62]
[15.61]
[15.62]
[15.55]
[15.55]
[15.53]
[15.48]
[15.58]
[15.63]
[15.67]
[15.73]
[15.76]
[15.69]
[15.74]
[15.74]
[15.7]
[15.75]
[15.81]
[15.74]
[15.69]
[15.67]
[15.67]
[15.69]
[15.71]
[15.78]
[15.82]
[15.85]
[15.84]
[15.82]
[15.81]
[15.68]
[15.65]
[15.45]
[15.76]
[15.72]
[15.72]
[15.72]
[15.86]
[15.62]
[15.55]
[15.84]
[15.47]
[15.85]
[15.91]
[15.89]
[15.6]
[15.96]
[15.99]
[15.84]
[15.77]
[15.99]
[15.57]
[15.56]
[15.78]
[15.69]
[15.67]
[15.63]
[15.75]
[15.5]
[15.92]
[15.96]
[15.99]
[16.2]
[15.99]
[15.99]
[15.96]
[15.93]
[15.94]
[15.96]
[15.89]
[15.75]
[15.57]
[14.85]
[16.98]
[17.18]
[17.15]
[16.64]
[16.94]
[16.89]
[16.85]
[16.85]
[16.82]
[22.09]
[48.14]
[54.09]
[52.25]
[50.82]
[26.21]
[24.32]
[46.38]
[54.6]
[55.32]
[58.59]
[42.22]
[59.61]
[52.27]
[91.07]
[134.99]
[99.13]
[93.08]
[89.49]
[90.15]
[90.7]
[92.91]
[90.54]
[92.41]
[91.17]
[89.85]
[54.37]
[55.31]
[91.98]
[89.63]
[92.51]
[92.65]
[53.92]
[58.15]
[118.86]
[121.02]
[128.01]
[129.11]
[130.04]
[130.07]
[129.96]
[130.52]
[93.73]
[94.19]
[93.43]
[94.32]
[94.03]
[49.04]
[42.92]
[63.69]
[56.03]
[54.7]
[38.34]
[11.79]
[11.72]
[12.96]
[33.11]
[57.23]
[47.44]
[52.93]
[38.46]
[13.38]
[10.84]
[32.12]
[12.86]
[13.04]
[11.96]
[9.06]
[9.09]
[9.87]
[13.99]
[13.87]
[12.77]
[11.54]
[13.62]
[10.08]
[9.89]
[11.66]
[11.41]
[10.97]
[12.27]
[12.58]
[13.52]
[14.11]
[18.19]
[19.12]
[13.6]
[13.55]
[13.48]
[13.43]
[13.64]
[13.07]
[13.76]
[13.75]
[12.85]
[13.71]
[11.22]
[9.92]
[11.7]
[12.05]
[15.5]
[15.5]
[20.41]
[11.86]
[11.21]
[12.16]
[10.03]
[8.58]
[11.93]
[24.96]
[9.81]
[9.12]
[11.89]
[11.97]
[19.72]
[18.14]
[16.04]
[11.71]
[13.74]
[39.18]
[46.43]
[42.22]
[40.7]
[29.17]
[11.6]
[7.7]
[7.77]
[5.18]
[5.21]
[5.24]
[5.27]
[5.28]
[5.29]
[5.31]
[5.33]
[5.34]
[5.35]
[5.36]
[5.37]
[5.38]
[5.39]