0.8976713276937804, 0.8998631926035645, 5.500544605861527, 194.72468786213037[11.335516]
[8.865352]
[7.79318]
[9.607143]
[8.748853]
[5.4842596]
[4.910073]
[4.8529673]
[4.955925]
[4.931047]
[4.8929887]
[4.9640565]
[4.8688626]
[7.2272525]
[7.539301]
[7.652897]
[7.7806716]
[8.060732]
[8.765249]
[9.286473]
[9.173197]
[8.301579]
[8.14898]
[8.009755]
[8.010718]
[8.012671]
[8.008413]
[7.971895]
[7.94216]
[7.8032756]
[7.9128213]
[7.9453564]
[7.8805194]
[8.008516]
[8.044664]
[7.961992]
[7.9300776]
[8.292929]
[11.568095]
[9.075694]
[8.412735]
[8.6649065]
[8.844387]
[8.775486]
[10.408755]
[10.590855]
[10.540233]
[10.493411]
[10.608896]
[10.757199]
[11.000589]
[10.921513]
[10.731243]
[10.594967]
[10.584836]
[10.502829]
[10.514123]
[10.477726]
[10.44353]
[10.413925]
[10.432491]
[10.372387]
[10.43219]
[10.434295]
[10.554304]
[10.674779]
[10.9092455]
[11.089365]
[11.072123]
[10.939534]
[13.411628]
[8.519253]
[9.977381]
[10.581434]
[35.976746]
[16.22745]
[12.2061]
[12.290244]
[12.221418]
[12.304539]
[12.430692]
[12.493105]
[12.573454]
[12.592407]
[12.670725]
[12.564375]
[12.579602]
[12.707975]
[12.905112]
[12.884288]
[12.885168]
[13.048193]
[13.223887]
[13.301698]
[13.075367]
[13.077105]
[13.152916]
[12.970589]
[12.882257]
[12.755214]
[13.016742]
[13.55437]
[13.62098]
[13.810515]
[13.990213]
[13.932154]
[19.85715]
[20.082424]
[18.356821]
[31.886396]
[52.899372]
[26.326609]
[66.73402]
[73.69444]
[76.69903]
[92.37536]
[121.33623]
[82.760956]
[71.6543]
[57.319996]
[58.417656]
[56.620674]
[52.780014]
[49.018394]
[49.687595]
[46.49197]
[38.67802]
[45.762352]
[48.14901]
[46.24549]
[46.277496]
[49.460567]
[29.643412]
[25.508467]
[40.12492]
[46.24693]
[42.23958]
[45.941525]
[42.10462]
[20.707104]
[21.589941]
[42.904724]
[46.19211]
[68.10855]
[91.83426]
[123.44509]
[130.72717]
[153.07292]
[196.1291]
[163.64268]
[143.03468]
[131.33102]
[117.96649]
[97.82191]
[81.77182]
[105.3212]
[110.08886]
[112.202614]
[113.469444]
[120.665436]
[98.396225]
[88.61985]
[87.251175]
[87.30165]
[83.64247]
[83.64133]
[87.68814]
[65.71582]
[62.049458]
[69.186646]
[68.88163]
[65.64557]
[65.72254]
[65.80193]
[58.239986]
[55.528885]
[51.931503]
[53.7096]
[40.900288]
[51.807396]
[52.29814]
[46.119835]
[43.593307]
[54.02657]
[49.161987]
[43.868164]
[40.706688]
[41.872044]
[37.76195]
[39.725437]
[43.83914]
[58.484375]
[63.709225]
[55.975723]
[61.120464]
[55.94171]
[53.453323]
[85.783966]
[86.79006]
[85.03489]
[80.308365]
[76.70156]
[77.72085]
[74.18064]
[78.3124]
[86.48873]
[84.204636]
[89.94765]
[92.57098]
[66.518394]
[65.46509]
[70.93288]
[56.89186]
[67.130646]
[49.48004]
[61.099506]
[35.010033]
[22.868826]
[45.096363]
[34.070503]
[32.59954]
[24.88964]
[28.438898]
[20.048449]
[14.383549]
[18.97413]
[25.644161]
[33.684387]
[34.64654]
[37.930653]
[26.86843]
[15.932236]
[39.88854]
[45.19731]
[38.0311]
[35.050446]
[20.902767]
[17.267637]
[16.96176]
[23.09732]
[29.516768]
[36.167088]
[34.172066]
[38.924377]
[18.329498]
[13.109587]
[36.335835]
[36.971107]
[35.86834]
[35.938206]
[34.593636]
[18.44037]
[14.263331]
[26.651842]
[29.686937]
[22.627756]
[29.025826]
[28.864042]
[15.63184]
[10.661608]
[22.848595]
[25.821726]
[24.59299]
[23.148767]
[21.567577]
[17.773655]
[13.992262]
[18.005213]
[20.710299]
[16.02927]
[16.401667]
[35.298874]
[19.589466]
[14.446928]
[23.347563]
[26.088123]
[24.434011]
[23.261904]
[22.195587]
[12.377819]
[7.9413605]
[19.095417]
[19.67566]
[21.476038]
[22.241602]
[20.830963]
[11.513734]
[7.2907534]
[6.638734]
[5.383368]
[5.020141]
[5.305881]
[5.156007]
[5.2585783]
[5.236188]
[5.0154963]
[5.1248746]
[4.959838]
[5.06954]
[4.923738]
[4.9533844]
[4.882806]
[4.8871183]
[4.776514]
[4.795075]
[4.8236246]
[4.764695]
[4.764695]
[4.764695]
[4.764695]
[4.610468]
[6.6985507]
[11.764511]
[11.772493]
[13.409724]
[9.3221855]
[9.787186]
[10.6692295]
[14.799515]
[13.523551]
[11.804712]
[8.951382]
[5.9932747]
[8.563439]
[9.270325]
[8.135041]
[8.336171]
[8.857661]
[10.261323]
[10.532093]
[9.386496]
[10.315266]
[16.923489]
[11.916576]
[10.8136835]
[7.6101036]
[10.508864]
[11.086303]
[10.877802]
[5.881497]
[4.881198]
[4.9150515]
[5.626197]
[8.825828]
[8.897152]
[9.006076]
[6.622796]
[5.1221814]
[4.9505396]
[4.9812913]
[4.9489713]
[5.017787]
[6.2625246]
[5.2263227]
[5.0138636]
[4.9348197]
[5.044258]
[4.855256]
[5.11327]
[5.057765]
[5.098024]
[5.112804]
[4.9528675]
[5.015797]
[4.9319425]
[4.9469304]
[4.9822063]
[5.1923156]
[5.1895785]
[5.163129]
[4.9254317]
[5.101108]
[4.947159]
[4.987784]
[4.9864044]
[4.9542165]
[7.0848656]
[7.3415885]
[11.91906]
[8.289088]
[7.6170135]
[8.584954]
[8.563813]
[7.62729]
[10.462332]
[9.995656]
[8.414815]
[9.816393]
[10.372936]
[8.617317]
[8.26779]
[10.671539]
[11.144996]
[11.184815]
[11.015571]
[15.740537]
[10.841813]
[8.946281]
[11.93735]
[15.612092]
[19.199734]
[13.684391]
[11.259347]
[10.508718]
[9.384426]
[9.290875]
[10.159272]
[10.423586]
[11.138556]
[11.328779]
[10.683243]
[10.628329]
[11.335227]
[11.369417]
[11.190967]
[11.828154]
[12.010352]
[11.064076]
[10.496513]
[11.347168]
[11.5818205]
[11.470789]
[11.37053]
[11.05286]
[10.454002]
[11.111359]
[11.608311]
[12.335949]
[12.509566]
[11.484341]
[12.416584]
[11.826251]
[11.836061]
[12.358118]
[12.256926]
[11.595149]
[13.000566]
[12.661666]
[12.6982765]
[12.6846075]
[12.531574]
[12.457247]
[12.551598]
[12.663818]
[12.673646]
[14.530058]
[17.569935]
[16.746126]
[13.324036]
[13.159711]
[13.354559]
[14.10423]
[13.603433]
[13.45367]
[13.322601]
[13.269626]
[13.428317]
[13.39157]
[13.473359]
[13.477125]
[13.277083]
[13.14089]
[13.15191]
[13.105995]
[13.279586]
[13.421176]
[13.456531]
[13.436958]
[13.371394]
[13.289057]
[13.419093]
[13.520403]
[13.468333]
[13.42887]
[13.366259]
[13.407533]
[13.513837]
[13.335245]
[13.347433]
[13.544321]
[13.622018]
[13.270481]
[13.252923]
[13.180924]
[12.677769]
[12.756067]
[12.773846]
[12.702135]
[12.549341]
[12.3902]
[12.298234]
[12.077748]
[12.281101]
[12.455645]
[12.519002]
[12.61257]
[12.391905]
[12.920267]
[13.730021]
[14.097114]
[14.956769]
[22.318333]
[25.126104]
[21.124401]
[14.272068]
[11.983926]
[13.449149]
[13.519308]
[13.967848]
[14.437602]
[14.584535]
[14.435237]
[14.351613]
[14.093589]
[14.229837]
[14.240914]
[14.080502]
[13.916843]
[14.671454]
[14.089067]
[13.872673]
[13.854596]
[13.738508]
[13.304069]
[13.87189]
[12.27116]
[11.846708]
[11.93496]
[12.1550045]
[11.948921]
[13.173376]
[12.123698]
[11.904653]
[11.711485]
[11.45299]
[11.336894]
[11.387743]
[11.241245]
[11.208841]
[11.057646]
[11.018085]
[10.90123]
[10.890494]
[10.835285]
[10.777062]
[10.801274]
[11.031608]
[12.02437]
[12.360738]
[11.810133]
[12.552084]
[11.627258]
[11.562864]
[11.788601]
[11.596701]
[11.214679]
[9.626668]
[9.853608]
[9.974317]
[9.660385]
[9.676298]
[9.618485]
[9.521002]
[9.4842825]
[9.421048]
[9.381225]
[9.281875]
[9.29292]
[9.249495]
[9.221789]
[9.266831]
[9.185442]
[9.224553]
[9.187087]
[9.175903]
[9.090807]
[9.074005]
[8.964831]
[8.942078]
[8.927595]
[8.93076]
[8.891936]
[8.872652]
[8.895063]
[8.848829]
[8.996346]
[8.519559]
[8.499076]
[8.282825]
[8.105237]
[8.147886]
[8.142614]
[8.177008]
[8.105828]
[8.007186]
[8.120422]
[8.070475]
[7.9345737]
[8.564515]
[9.159411]
[8.814887]
[8.622984]
[8.454585]
[8.325595]
[8.265515]
[8.233915]
[8.163677]
[8.184318]
[8.106916]
[7.9545918]
[8.0230465]
[8.047665]
[8.150056]
[8.315944]
[8.341918]
[8.294638]
[8.341413]
[7.859012]
[7.717533]
[7.5445147]
[7.4163604]
[7.482809]
[7.470706]
[7.4374824]
[7.3574]
[7.405367]
[7.297121]
[7.335787]
[7.3043766]
[7.314417]
[7.2431116]
[7.321328]
[7.1993794]
[7.2604685]
[7.15899]
[7.176567]
[7.1853085]
[7.096039]
[7.149358]
[7.1581182]
[7.1590953]
[7.133566]
[7.20602]
[7.1807055]
[7.3160405]
[7.315553]
[7.3792496]
[6.1442432]
[5.8606744]
[5.657115]
[5.2764587]
[5.175549]
[5.2071366]
[5.1510134]
[5.153144]
[5.204079]
[5.1473513]
[5.1605315]
[5.148345]
[5.1301394]
[5.140981]
[5.0910025]
[5.100455]
[5.1476374]
[4.937926]
[5.119874]
[5.164821]
[5.093465]
[5.0822124]
[5.049197]
[5.034349]
[5.0424743]
[5.0296884]
[5.0182586]
[5.0058517]
[5.0092096]
[4.847565]
[4.978388]
[4.8265157]
[5.2423487]
[5.156778]
[8.385067]
[5.6503005]
[6.384359]
[6.671315]
[5.138965]
[4.9036517]
[4.8503532]
[4.7907267]
[5.0005016]
[4.789657]
[4.9554353]
[4.780976]
[4.9256988]
[4.7596183]
[6.769872]
[5.241867]
[4.874061]
[4.8550854]
[4.8365164]
[4.8180685]
[4.7995434]
[4.6142454]
[4.7431693]
[4.865163]
[6.6527114]
[4.998056]
[4.575497]
[4.681572]
[4.579995]
[4.5467005]
[4.6358466]
[4.55877]
[4.5910687]
[4.5941644]
[4.538511]
[4.5457664]
[4.586897]
[4.5375667]
[4.563666]
[4.557271]
[4.6309767]
[4.5724006]
[4.657656]
[4.663506]
[4.6922026]
[4.60771]
[4.6726747]
[4.733637]
[4.6453996]
[4.7667494]
[4.7700896]
[4.6676545]
[4.819561]
[4.7306476]
[4.723533]
[4.8313932]
[7.778349]
[7.8448753]
[8.229485]
[7.930109]
[8.277841]
[8.418293]
[8.3935795]
[8.40726]
[9.057599]
[8.553641]
[9.102545]
[8.597218]
[9.148604]
[8.642081]
[9.180114]
[9.27203]
[8.767656]
[8.689119]
[8.74284]
[8.777566]
[8.823733]
[8.791038]
[8.8466425]
[9.189193]
[8.978873]
[9.48709]
[9.282083]
[9.076805]
[9.775179]
[9.913305]
[9.892808]
[11.608846]
[11.827987]
[11.810643]
[12.345081]
[11.849777]
[12.21638]
[12.491429]
[12.399581]
[14.345841]
[15.360091]
[13.916917]
[11.599303]
[11.608781]
[11.522035]
[11.742226]
[14.013415]
[11.70805]
[11.339586]
[11.210241]
[11.418758]
[10.643935]
[10.45104]
[10.807836]
[10.964743]
[11.312452]
[11.106929]
[10.780764]
[10.578068]
[10.534821]
[10.625506]
[11.589079]
[12.237584]
[12.583729]
[12.743913]
[12.329383]
[12.403687]
[12.098909]
[12.395647]
[12.647764]
[13.881505]
[17.096607]
[19.389166]
[17.709108]
[15.74401]
[12.657003]
[15.727123]
[16.104874]
[15.569642]
[15.27219]
[14.90266]
[14.706189]
[14.533948]
[14.273363]
[14.18217]
[15.23944]
[15.117955]
[14.600927]
[14.680153]
[15.316317]
[15.2967825]
[14.799868]
[14.368184]
[13.754892]
[14.107326]
[12.321823]
[12.248073]
[14.8194]
[15.467032]
[15.024478]
[15.763633]
[15.827842]
[14.650032]
[15.7172]
[15.7220335]
[15.063631]
[15.690136]
[15.919884]
[15.451388]
[15.30576]
[15.401784]
[15.578347]
[15.455637]
[15.371023]
[15.463341]
[16.970968]
[16.577469]
[15.938965]
[15.641539]
[15.569393]
[15.414718]
[15.449189]
[15.450094]
[15.614476]
[15.734355]
[16.542782]
[15.998727]
[15.998684]
[15.900867]
[15.753594]
[15.695442]
[15.531446]
[16.00852]
[16.292221]
[21.724054]
[20.451952]
[18.088173]
[25.618517]
[23.633453]
[21.736166]
[21.765375]
[19.51775]
[3.677561]
[14.918572]
[17.015373]
[16.572979]
[19.771915]
[36.188587]
[41.71907]
[45.54609]
[51.410706]
[42.688515]
[34.89632]
[55.016846]
[62.2958]
[61.06225]
[61.407368]
[52.661366]
[65.86957]
[81.0281]
[84.342445]
[118.36241]
[105.555405]
[106.8359]
[92.109024]
[93.007195]
[91.095116]
[91.64898]
[87.3447]
[85.58639]
[82.66117]
[81.10366]
[65.165344]
[67.1317]
[81.72706]
[81.80426]
[81.81476]
[83.03994]
[74.03241]
[78.45256]
[98.841354]
[116.34681]
[126.80104]
[122.09697]
[120.418655]
[121.9142]
[122.760124]
[118.63147]
[94.70986]
[92.10511]
[88.661255]
[88.986885]
[86.76091]
[58.517952]
[49.364796]
[58.250725]
[54.08651]
[50.886]
[40.360703]
[21.61662]
[17.616827]
[18.083296]
[30.949812]
[44.10826]
[39.394302]
[40.82767]
[33.448524]
[18.0688]
[13.470611]
[27.031343]
[17.35822]
[14.409733]
[13.833609]
[11.231523]
[10.759882]
[10.812681]
[13.290469]
[13.344955]
[12.349415]
[11.303144]
[12.119818]
[10.357721]
[9.675533]
[10.942402]
[10.811679]
[10.25642]
[10.796624]
[10.879005]
[11.19767]
[11.562472]
[13.51707]
[14.218052]
[11.146477]
[10.649092]
[11.136187]
[11.359038]
[11.428748]
[10.928668]
[10.9948435]
[10.996615]
[10.343745]
[10.79282]
[9.320508]
[8.307334]
[9.313487]
[10.141894]
[12.218986]
[12.680008]
[15.409064]
[11.627241]
[10.852472]
[11.167148]
[9.963734]
[8.279205]
[9.7691345]
[16.790087]
[9.774826]
[7.5622716]
[8.8508415]
[9.188076]
[12.882129]
[12.745509]
[11.375056]
[9.033578]
[9.458036]
[21.725115]
[26.166311]
[25.14622]
[24.454285]
[18.952023]
[11.735398]
[7.6305714]
[8.489059]
[5.811056]
[5.5026183]
[5.149012]
[4.98134]
[4.5779634]
[4.903377]
[4.4790244]
[4.8863797]
[4.435542]
[4.823468]
[4.4188967]
[4.499504]
[4.5599766][10.25]
[9.45]
[13.02]
[10.69]
[5.31]
[5.25]
[5.26]
[5.31]
[5.31]
[5.3]
[5.29]
[5.3]
[9.25]
[9.31]
[9.28]
[9.29]
[9.27]
[9.26]
[9.25]
[9.26]
[9.26]
[9.27]
[9.25]
[9.25]
[9.32]
[9.28]
[9.26]
[9.22]
[9.21]
[9.23]
[9.23]
[9.06]
[9.24]
[9.25]
[9.24]
[9.29]
[9.55]
[9.28]
[9.27]
[9.27]
[9.25]
[9.24]
[9.28]
[12.21]
[12.29]
[12.32]
[12.27]
[12.3]
[12.29]
[12.25]
[12.25]
[12.25]
[12.29]
[12.3]
[12.3]
[12.31]
[12.36]
[12.34]
[12.35]
[12.36]
[12.37]
[12.39]
[12.39]
[12.4]
[12.36]
[12.39]
[12.4]
[12.41]
[12.52]
[12.25]
[12.25]
[12.03]
[12.31]
[26.75]
[15.2]
[15.05]
[15.12]
[15.03]
[15.09]
[15.17]
[15.22]
[15.41]
[15.4]
[15.43]
[15.24]
[15.14]
[15.08]
[15.29]
[15.3]
[15.23]
[15.22]
[15.17]
[15.21]
[15.24]
[15.21]
[15.26]
[15.09]
[15.03]
[14.94]
[15.09]
[15.28]
[15.3]
[15.52]
[15.38]
[15.46]
[15.26]
[15.55]
[15.54]
[15.27]
[22.36]
[17.87]
[15.85]
[42.75]
[82.22]
[94.05]
[93.25]
[90.97]
[55.68]
[49.63]
[58.09]
[56.67]
[54.59]
[53.59]
[58.05]
[53.08]
[41.74]
[57.88]
[58.89]
[56.17]
[56.45]
[59.98]
[24.57]
[23.68]
[48.95]
[58.59]
[52.66]
[61.65]
[55.39]
[15.63]
[15.57]
[49.45]
[48.02]
[57.5]
[95.04]
[91.35]
[127.12]
[159.08]
[215.85]
[192.9]
[144.63]
[136.75]
[131.02]
[99.64]
[86.83]
[129.19]
[131.03]
[129.73]
[130.49]
[130.52]
[92.3]
[87.76]
[90.33]
[91.84]
[90.24]
[92.4]
[96.82]
[52.74]
[45.22]
[55.96]
[60.38]
[51.61]
[55.5]
[62.81]
[54.04]
[56.12]
[53.08]
[60.33]
[38.11]
[64.66]
[62.07]
[50.21]
[45.53]
[67.12]
[58.52]
[53.52]
[50.52]
[53.77]
[41.06]
[38.17]
[35.45]
[50.08]
[57.71]
[43.73]
[61.41]
[54.5]
[42.43]
[96.98]
[93.31]
[95.73]
[93.08]
[91.61]
[94.94]
[85.74]
[88.4]
[98.74]
[90.94]
[95.37]
[98.5]
[45.13]
[47.61]
[67.66]
[39.1]
[71.69]
[37.29]
[69.59]
[19.53]
[12.7]
[49.99]
[27.12]
[31.05]
[19.21]
[28.46]
[14.31]
[9.94]
[17.83]
[28.86]
[44.83]
[46.46]
[52.06]
[24.01]
[9.42]
[50.97]
[57.23]
[44.2]
[37.8]
[12.15]
[9.41]
[10.47]
[20.43]
[33.31]
[48.25]
[44.01]
[55.45]
[12.7]
[10.36]
[51.64]
[50.92]
[50.38]
[49.93]
[49.1]
[13.79]
[10.13]
[29.22]
[34.2]
[23.2]
[39.35]
[38.77]
[14.08]
[10.2]
[32.49]
[35.58]
[33.86]
[32.24]
[29.9]
[23.23]
[16.87]
[24.9]
[28.37]
[17.49]
[16.74]
[47.53]
[16.06]
[15.03]
[32.65]
[36.66]
[33.79]
[32.62]
[31.6]
[12.79]
[8.68]
[29.3]
[28.48]
[33.01]
[32.79]
[29.71]
[12.11]
[7.79]
[7.39]
[5.3]
[5.33]
[5.36]
[5.41]
[5.44]
[5.46]
[5.48]
[5.51]
[5.52]
[5.54]
[5.55]
[5.56]
[5.57]
[5.58]
[5.41]
[5.59]
[5.59]
[5.59]
[5.59]
[5.59]
[5.59]
[5.52]
[9.82]
[15.53]
[16.95]
[20.82]
[11.7]
[14.18]
[15.4]
[23.39]
[19.41]
[16.47]
[11.42]
[6.71]
[12.54]
[12.67]
[10.63]
[11.37]
[12.05]
[14.44]
[14.47]
[12.32]
[14.46]
[13.82]
[14.57]
[14.58]
[8.47]
[14.78]
[14.81]
[14.47]
[5.31]
[5.31]
[5.29]
[6.65]
[12.03]
[10.97]
[11.68]
[7.09]
[5.32]
[5.32]
[5.33]
[5.32]
[5.32]
[7.66]
[5.32]
[5.32]
[5.32]
[5.29]
[5.21]
[5.09]
[5.1]
[5.1]
[5.1]
[5.11]
[5.11]
[5.1]
[5.12]
[5.22]
[5.48]
[5.49]
[5.27]
[5.12]
[5.13]
[5.12]
[5.12]
[5.11]
[5.16]
[8.76]
[8.76]
[8.94]
[8.95]
[8.95]
[10.8]
[10.34]
[8.93]
[12.82]
[12.41]
[9.78]
[12.71]
[13.05]
[9.78]
[9.61]
[13.47]
[13.71]
[13.82]
[13.8]
[20.11]
[12.1]
[10.21]
[15.44]
[19.36]
[24.22]
[16.35]
[13.82]
[12.91]
[11.05]
[11.21]
[12.63]
[12.73]
[13.93]
[14.]
[12.75]
[12.72]
[14.06]
[13.64]
[13.18]
[14.13]
[14.47]
[12.97]
[12.08]
[13.53]
[13.92]
[14.]
[14.03]
[13.47]
[12.53]
[12.61]
[12.89]
[13.87]
[13.64]
[12.29]
[13.75]
[12.77]
[12.77]
[13.97]
[13.97]
[12.95]
[15.58]
[14.78]
[14.97]
[14.82]
[14.67]
[14.69]
[14.7]
[14.81]
[14.7]
[17.5]
[18.04]
[19.37]
[14.58]
[14.62]
[14.69]
[14.75]
[14.6]
[14.39]
[14.42]
[14.49]
[14.55]
[14.59]
[14.62]
[14.6]
[14.31]
[14.23]
[14.12]
[14.15]
[14.3]
[14.52]
[14.49]
[14.43]
[14.23]
[14.17]
[14.28]
[14.37]
[14.29]
[14.2]
[14.09]
[14.11]
[14.23]
[14.04]
[14.13]
[14.15]
[14.07]
[14.02]
[13.88]
[13.88]
[13.78]
[13.82]
[13.92]
[14.08]
[13.97]
[13.86]
[13.82]
[13.83]
[13.99]
[14.01]
[13.84]
[13.78]
[13.71]
[13.96]
[14.1]
[13.99]
[13.72]
[16.98]
[13.92]
[13.67]
[13.53]
[13.42]
[13.41]
[13.36]
[14.17]
[14.52]
[14.48]
[14.44]
[14.41]
[14.38]
[14.37]
[14.35]
[14.34]
[14.31]
[15.25]
[14.32]
[14.31]
[14.29]
[14.29]
[14.58]
[14.56]
[12.15]
[11.95]
[11.88]
[11.87]
[11.82]
[13.39]
[11.95]
[11.94]
[11.89]
[11.86]
[11.86]
[11.84]
[11.83]
[11.81]
[11.86]
[11.86]
[11.8]
[11.8]
[11.79]
[11.78]
[11.77]
[11.96]
[11.94]
[11.9]
[11.85]
[11.35]
[11.83]
[11.8]
[12.]
[12.06]
[12.03]
[9.66]
[9.6]
[9.59]
[9.63]
[9.74]
[9.73]
[9.68]
[9.68]
[9.7]
[9.68]
[9.68]
[9.67]
[9.67]
[9.73]
[9.77]
[9.75]
[9.77]
[9.77]
[9.77]
[9.74]
[9.74]
[9.73]
[9.72]
[9.75]
[9.75]
[9.79]
[9.77]
[9.77]
[9.78]
[9.77]
[9.09]
[9.09]
[8.91]
[8.69]
[8.69]
[8.66]
[8.69]
[8.7]
[8.7]
[8.66]
[8.67]
[8.77]
[8.78]
[8.78]
[8.77]
[8.78]
[8.77]
[8.74]
[8.74]
[8.77]
[8.77]
[8.77]
[8.76]
[8.77]
[8.76]
[8.77]
[8.77]
[8.76]
[8.76]
[8.77]
[8.71]
[8.26]
[8.23]
[8.06]
[8.02]
[8.01]
[8.04]
[8.06]
[8.04]
[8.05]
[8.06]
[8.05]
[8.05]
[8.07]
[8.07]
[8.06]
[8.04]
[8.08]
[8.07]
[8.07]
[8.03]
[8.1]
[8.09]
[8.1]
[8.11]
[8.1]
[8.11]
[8.12]
[8.11]
[8.11]
[8.13]
[6.13]
[6.11]
[5.91]
[5.29]
[5.35]
[5.29]
[5.31]
[5.3]
[5.3]
[5.3]
[5.31]
[5.3]
[5.27]
[5.29]
[5.29]
[5.29]
[5.3]
[5.3]
[5.34]
[5.31]
[5.31]
[5.32]
[5.32]
[5.31]
[5.33]
[5.32]
[5.32]
[5.31]
[5.33]
[5.32]
[5.34]
[5.34]
[5.89]
[5.74]
[5.51]
[5.5]
[7.49]
[7.16]
[5.55]
[5.56]
[5.48]
[5.43]
[5.41]
[5.42]
[5.48]
[5.44]
[5.44]
[5.44]
[7.99]
[5.37]
[5.4]
[5.41]
[5.38]
[5.38]
[5.39]
[5.38]
[5.38]
[5.43]
[5.4]
[5.41]
[5.42]
[5.41]
[5.41]
[5.41]
[5.41]
[5.42]
[5.44]
[5.44]
[5.45]
[5.47]
[5.47]
[5.4]
[5.42]
[5.44]
[5.46]
[5.47]
[5.46]
[5.46]
[5.47]
[5.47]
[5.42]
[5.48]
[5.49]
[5.48]
[5.46]
[5.46]
[5.5]
[5.51]
[5.48]
[5.46]
[9.04]
[9.13]
[9.13]
[9.16]
[9.17]
[9.17]
[9.19]
[9.21]
[9.24]
[9.24]
[9.22]
[9.2]
[9.27]
[9.28]
[9.28]
[9.29]
[9.32]
[9.33]
[9.33]
[9.34]
[9.36]
[9.37]
[9.38]
[9.41]
[9.41]
[9.41]
[9.41]
[9.42]
[9.83]
[9.49]
[9.52]
[12.18]
[12.29]
[12.29]
[12.33]
[12.37]
[12.42]
[12.45]
[12.39]
[15.27]
[16.55]
[14.11]
[12.06]
[12.15]
[12.22]
[12.2]
[14.89]
[12.24]
[12.29]
[12.3]
[12.82]
[12.19]
[12.16]
[12.29]
[12.32]
[12.3]
[12.41]
[12.47]
[12.46]
[12.66]
[12.65]
[14.68]
[15.59]
[15.66]
[15.62]
[15.61]
[15.62]
[15.55]
[15.55]
[15.53]
[15.48]
[15.58]
[15.63]
[15.67]
[15.73]
[15.76]
[15.69]
[15.74]
[15.74]
[15.7]
[15.75]
[15.81]
[15.74]
[15.69]
[15.67]
[15.67]
[15.69]
[15.71]
[15.78]
[15.82]
[15.85]
[15.84]
[15.82]
[15.81]
[15.68]
[15.65]
[15.45]
[15.76]
[15.72]
[15.72]
[15.72]
[15.86]
[15.62]
[15.55]
[15.84]
[15.47]
[15.85]
[15.91]
[15.89]
[15.6]
[15.96]
[15.99]
[15.84]
[15.77]
[15.99]
[15.57]
[15.56]
[15.78]
[15.69]
[15.67]
[15.63]
[15.75]
[15.5]
[15.92]
[15.96]
[15.99]
[16.2]
[15.99]
[15.99]
[15.96]
[15.93]
[15.94]
[15.96]
[15.89]
[15.75]
[15.57]
[14.85]
[16.98]
[17.18]
[17.15]
[16.64]
[16.94]
[16.89]
[16.85]
[16.85]
[16.82]
[22.09]
[48.14]
[54.09]
[52.25]
[50.82]
[26.21]
[24.32]
[46.38]
[54.6]
[55.32]
[58.59]
[42.22]
[59.61]
[52.27]
[91.07]
[134.99]
[99.13]
[93.08]
[89.49]
[90.15]
[90.7]
[92.91]
[90.54]
[92.41]
[91.17]
[89.85]
[54.37]
[55.31]
[91.98]
[89.63]
[92.51]
[92.65]
[53.92]
[58.15]
[118.86]
[121.02]
[128.01]
[129.11]
[130.04]
[130.07]
[129.96]
[130.52]
[93.73]
[94.19]
[93.43]
[94.32]
[94.03]
[49.04]
[42.92]
[63.69]
[56.03]
[54.7]
[38.34]
[11.79]
[11.72]
[12.96]
[33.11]
[57.23]
[47.44]
[52.93]
[38.46]
[13.38]
[10.84]
[32.12]
[12.86]
[13.04]
[11.96]
[9.06]
[9.09]
[9.87]
[13.99]
[13.87]
[12.77]
[11.54]
[13.62]
[10.08]
[9.89]
[11.66]
[11.41]
[10.97]
[12.27]
[12.58]
[13.52]
[14.11]
[18.19]
[19.12]
[13.6]
[13.55]
[13.48]
[13.43]
[13.64]
[13.07]
[13.76]
[13.75]
[12.85]
[13.71]
[11.22]
[9.92]
[11.7]
[12.05]
[15.5]
[15.5]
[20.41]
[11.86]
[11.21]
[12.16]
[10.03]
[8.58]
[11.93]
[24.96]
[9.81]
[9.12]
[11.89]
[11.97]
[19.72]
[18.14]
[16.04]
[11.71]
[13.74]
[39.18]
[46.43]
[42.22]
[40.7]
[29.17]
[11.6]
[7.7]
[7.77]
[5.18]
[5.21]
[5.24]
[5.27]
[5.28]
[5.29]
[5.31]
[5.33]
[5.34]
[5.35]
[5.36]
[5.37]
[5.38]
[5.39]