0.8923742913321603, 0.8998599549395228, 0.2315511988534727, 199.70105479560064[11.749937]
[9.156355]
[7.6408114]
[9.552247]
[8.779736]
[5.224689]
[4.108231]
[4.225542]
[4.249117]
[4.2152014]
[4.2717695]
[4.1606183]
[4.22566]
[6.466101]
[7.375394]
[7.2815022]
[7.2147365]
[6.6028466]
[7.3627768]
[9.700856]
[9.144122]
[8.128251]
[7.7879505]
[7.7195153]
[7.637374]
[7.6201115]
[7.624681]
[7.669313]
[7.5597095]
[7.551363]
[7.426017]
[7.349476]
[7.531765]
[7.6877522]
[7.5395803]
[7.638778]
[7.712871]
[7.366074]
[11.339514]
[8.941371]
[7.4223347]
[7.8300242]
[8.413195]
[8.506332]
[10.032105]
[10.501278]
[10.300862]
[10.392618]
[10.024014]
[10.335714]
[10.840259]
[10.927648]
[10.458114]
[10.542]
[10.435774]
[10.325881]
[10.335184]
[10.446629]
[10.365254]
[10.316713]
[10.334948]
[10.425758]
[10.279883]
[10.328957]
[10.318383]
[10.007377]
[10.462946]
[11.107112]
[10.612153]
[10.783868]
[13.298478]
[8.723698]
[9.41601]
[10.380769]
[36.492477]
[20.805395]
[12.662737]
[12.672943]
[12.610308]
[12.550421]
[12.723697]
[13.029857]
[12.871555]
[12.953346]
[13.138471]
[12.781838]
[12.638803]
[12.846842]
[13.245183]
[12.935558]
[12.900958]
[12.514435]
[13.365687]
[13.513621]
[12.965885]
[13.152084]
[13.297856]
[13.098782]
[13.095435]
[12.278022]
[12.674209]
[13.500992]
[13.132082]
[13.444786]
[13.664127]
[13.280625]
[16.95806]
[18.339907]
[16.70399]
[29.77919]
[42.426342]
[32.40454]
[63.5384]
[68.306854]
[84.6488]
[93.74469]
[123.516815]
[101.2555]
[75.88197]
[63.359154]
[63.84085]
[63.77445]
[59.02322]
[55.177464]
[55.579536]
[53.24334]
[44.897743]
[50.481636]
[54.562653]
[52.795174]
[51.644466]
[55.82677]
[35.820354]
[26.635206]
[43.472504]
[51.342236]
[48.459248]
[51.453518]
[48.26907]
[24.834942]
[20.347258]
[45.70206]
[49.829926]
[68.00529]
[95.77788]
[129.10274]
[151.69664]
[168.0141]
[199.25967]
[190.6194]
[152.98715]
[137.42934]
[129.37527]
[108.60567]
[92.57592]
[109.611]
[117.442795]
[116.77784]
[119.585365]
[121.936806]
[104.78839]
[93.82499]
[94.47586]
[93.90457]
[92.026985]
[91.23669]
[93.11768]
[71.20965]
[63.647682]
[70.861374]
[73.03865]
[71.98323]
[69.66183]
[72.492294]
[65.82836]
[62.074547]
[58.13371]
[59.817516]
[47.693455]
[56.40321]
[58.96833]
[52.19772]
[48.58417]
[59.81156]
[56.26876]
[50.72174]
[47.103497]
[47.927982]
[41.944397]
[42.05142]
[44.613415]
[60.295197]
[67.947495]
[62.805454]
[67.56436]
[62.707294]
[56.49028]
[89.63306]
[97.4865]
[93.63627]
[87.68187]
[83.466995]
[83.81381]
[78.985596]
[82.97621]
[93.22941]
[90.18886]
[93.171776]
[98.515175]
[71.954346]
[65.57036]
[75.27844]
[61.765865]
[72.768166]
[57.454]
[65.951614]
[42.38027]
[28.351269]
[46.93634]
[40.38778]
[36.850353]
[30.749502]
[32.666634]
[26.74548]
[21.346354]
[24.550167]
[30.877628]
[38.716465]
[40.768288]
[43.379585]
[32.987823]
[23.563618]
[42.428215]
[51.78912]
[44.706745]
[39.732803]
[28.480616]
[24.463875]
[25.41664]
[29.914835]
[35.589977]
[41.987274]
[40.70376]
[45.19783]
[26.575659]
[19.479607]
[39.69683]
[43.328995]
[42.012836]
[42.84387]
[40.953068]
[23.681278]
[19.043724]
[29.916801]
[33.944813]
[27.883463]
[32.92986]
[34.19011]
[20.70837]
[14.388383]
[24.972431]
[30.318062]
[29.551888]
[27.53574]
[25.849508]
[21.275335]
[16.14104]
[20.044342]
[23.927164]
[18.36454]
[17.409544]
[38.14632]
[25.0215]
[15.806103]
[25.84469]
[30.303314]
[29.13568]
[27.419785]
[26.348295]
[14.846409]
[8.632479]
[20.512625]
[23.102356]
[24.71051]
[26.229168]
[24.472107]
[13.750851]
[7.560802]
[6.5630336]
[5.2180576]
[4.7840023]
[4.7440143]
[4.990803]
[5.171698]
[4.930823]
[4.799445]
[4.7242703]
[4.7635455]
[4.756234]
[4.6919065]
[4.606101]
[4.5433617]
[4.550525]
[4.452283]
[4.503805]
[4.448]
[4.3865833]
[4.3865833]
[4.3865833]
[4.3865833]
[4.3458667]
[6.71122]
[12.362241]
[13.133145]
[14.73739]
[10.420478]
[10.281707]
[11.485109]
[16.048311]
[15.296486]
[13.0018635]
[9.660667]
[5.9057374]
[8.470402]
[9.5785475]
[8.322862]
[8.394374]
[8.922368]
[10.5207]
[11.115137]
[9.777303]
[10.565563]
[18.00121]
[13.657729]
[11.363848]
[7.700515]
[10.523821]
[11.693635]
[11.2084875]
[5.9222507]
[4.177271]
[4.227834]
[5.094939]
[8.386616]
[9.055467]
[9.022129]
[6.395816]
[4.504997]
[4.2243915]
[4.258881]
[4.3192635]
[4.209576]
[5.614467]
[4.7650433]
[4.1858683]
[4.3029227]
[4.2310667]
[4.2457724]
[3.7871566]
[4.0959487]
[4.5544996]
[4.3921666]
[4.3993464]
[4.294887]
[4.1860595]
[4.1966434]
[4.3145213]
[4.4290056]
[4.4558287]
[4.190063]
[4.393463]
[4.292983]
[4.1817617]
[4.2334085]
[4.230976]
[4.317834]
[6.3452015]
[7.14396]
[11.666251]
[8.921985]
[7.2271366]
[8.600513]
[8.441918]
[7.5345945]
[10.455426]
[10.380353]
[8.380154]
[9.82584]
[10.595122]
[8.585332]
[7.902558]
[10.307676]
[11.628021]
[11.512421]
[11.579368]
[16.234701]
[11.935816]
[8.558355]
[12.094047]
[16.3058]
[20.388147]
[15.621446]
[12.049504]
[11.065775]
[9.687087]
[9.60377]
[10.567006]
[10.759227]
[11.667641]
[11.953685]
[11.04346]
[10.922701]
[12.059825]
[11.555713]
[11.209538]
[12.316288]
[12.508545]
[11.3765]
[10.5511675]
[11.731633]
[12.061853]
[11.911842]
[11.944476]
[11.420791]
[10.827911]
[10.43498]
[10.586424]
[12.785759]
[13.070899]
[10.79543]
[11.320612]
[12.598605]
[12.332393]
[12.602604]
[12.607934]
[11.7711]
[13.40609]
[13.013963]
[12.935064]
[12.936923]
[12.841527]
[12.699774]
[12.53426]
[12.797008]
[12.67823]
[14.525907]
[17.761276]
[17.365757]
[13.457573]
[12.422009]
[12.93964]
[12.7713995]
[13.633567]
[13.296621]
[12.984257]
[12.899624]
[12.820444]
[13.015078]
[12.946237]
[12.954373]
[12.795679]
[12.675467]
[12.45569]
[12.588109]
[12.589846]
[12.801498]
[12.756415]
[12.730211]
[12.599549]
[12.669643]
[12.620496]
[12.726525]
[12.772188]
[12.595915]
[12.522319]
[12.523262]
[12.625692]
[12.590121]
[12.605378]
[12.630243]
[12.686407]
[12.873008]
[12.533447]
[12.601268]
[12.6891]
[12.427182]
[12.608749]
[12.823056]
[12.738127]
[12.664184]
[12.631469]
[12.713465]
[12.650007]
[12.755238]
[12.736272]
[12.696457]
[12.845928]
[12.703293]
[12.68889]
[12.304323]
[11.281956]
[-5.4116073]
[14.518036]
[13.902785]
[10.504321]
[9.605237]
[12.030864]
[12.613484]
[14.052602]
[14.256128]
[13.719472]
[13.700255]
[13.734194]
[14.007769]
[13.737319]
[13.323182]
[13.40103]
[13.712853]
[14.197103]
[13.587934]
[13.430298]
[13.332184]
[13.516567]
[12.899037]
[12.838173]
[11.432745]
[11.12841]
[10.492561]
[10.120881]
[10.890886]
[11.993693]
[11.568572]
[11.398763]
[11.156081]
[11.122052]
[11.014968]
[10.534514]
[10.874841]
[10.937761]
[10.972009]
[10.77613]
[10.739087]
[10.722788]
[10.672831]
[10.43974]
[10.188862]
[9.76747]
[10.575069]
[10.977387]
[11.94927]
[12.22575]
[11.124348]
[11.298991]
[11.138756]
[10.958112]
[10.314534]
[8.971598]
[9.39458]
[9.098197]
[8.621226]
[8.617308]
[8.451382]
[8.547133]
[8.456353]
[8.570683]
[8.477346]
[8.369993]
[8.567429]
[8.366091]
[8.535668]
[8.427562]
[8.472523]
[8.477672]
[8.523992]
[8.470853]
[8.489492]
[8.418886]
[8.453776]
[8.382747]
[8.34495]
[8.354752]
[8.4675255]
[8.405197]
[8.258552]
[8.416108]
[8.2261715]
[7.923771]
[7.840626]
[7.8023205]
[7.5807395]
[7.280211]
[7.353736]
[7.5602264]
[7.6092715]
[7.598319]
[7.205957]
[6.9479046]
[6.3054223]
[7.5573606]
[8.292197]
[8.108772]
[7.976469]
[7.789679]
[7.6920815]
[7.6568756]
[7.4734797]
[7.655374]
[7.5920777]
[7.480832]
[7.652248]
[7.4443636]
[7.0804653]
[7.264979]
[7.704392]
[7.387633]
[7.617645]
[7.8171997]
[7.4135456]
[7.105825]
[6.931406]
[6.945552]
[6.7836084]
[6.8009257]
[6.9569454]
[6.9833837]
[6.7911468]
[6.8850713]
[6.884133]
[6.8361278]
[6.847394]
[6.9375377]
[6.801844]
[6.885816]
[6.8946943]
[6.937437]
[6.89054]
[6.7487264]
[7.0081973]
[6.959894]
[6.796288]
[6.8669024]
[7.00931]
[6.877237]
[6.9035473]
[6.7798104]
[6.8854227]
[6.990956]
[5.8046737]
[5.466517]
[5.4228563]
[4.897862]
[4.8478646]
[4.734591]
[4.81439]
[4.829289]
[4.6994367]
[4.822868]
[4.8448834]
[4.8029275]
[4.792158]
[4.799567]
[4.901247]
[4.874932]
[4.7539754]
[4.97699]
[4.8885236]
[4.7551274]
[4.922947]
[4.9418197]
[4.909621]
[4.9137034]
[4.930371]
[4.9387264]
[4.943838]
[4.9483833]
[4.962691]
[5.067106]
[4.9588647]
[5.057271]
[5.334853]
[5.3659444]
[8.474401]
[6.207944]
[6.691451]
[7.079106]
[5.6517925]
[5.230911]
[5.1900125]
[5.123057]
[5.3558917]
[5.1179166]
[5.306123]
[5.095787]
[5.274237]
[5.064053]
[6.9412994]
[5.8412924]
[5.2092814]
[5.1852794]
[5.162386]
[5.1395307]
[5.116647]
[4.881093]
[5.055013]
[4.89545]
[6.926155]
[5.4645677]
[4.8213563]
[4.9854217]
[4.8009443]
[4.7831297]
[4.9316664]
[4.761856]
[4.8851056]
[4.856771]
[4.71602]
[4.8363895]
[4.711009]
[4.687578]
[4.6805906]
[4.7716026]
[4.6464634]
[4.734303]
[4.615679]
[4.640653]
[4.6480455]
[4.681113]
[4.53011]
[4.591477]
[4.641129]
[4.5263824]
[4.562213]
[4.58465]
[4.4893923]
[4.5843887]
[4.4935365]
[4.4647336]
[7.3272104]
[7.7234116]
[8.014648]
[7.741599]
[8.024794]
[8.14706]
[8.115295]
[8.08417]
[8.625971]
[8.24609]
[8.594127]
[8.215797]
[8.56165]
[8.185063]
[8.5301285]
[8.700776]
[8.1078615]
[8.079122]
[8.152773]
[8.1985855]
[8.230919]
[8.282549]
[8.196515]
[8.514569]
[8.297123]
[8.734405]
[8.659681]
[8.326849]
[9.008465]
[9.14017]
[9.11]
[10.543438]
[10.970185]
[10.936363]
[11.369168]
[11.015245]
[11.295585]
[11.861299]
[11.959071]
[14.542526]
[16.458477]
[15.088316]
[11.976432]
[11.555043]
[11.648333]
[12.037407]
[15.038262]
[12.946702]
[12.00444]
[11.955121]
[12.323307]
[11.5643]
[11.261233]
[11.162175]
[11.343729]
[11.312294]
[11.749588]
[11.92099]
[11.656509]
[11.828251]
[11.822019]
[13.165217]
[13.541828]
[13.428014]
[13.302391]
[12.753347]
[12.533532]
[12.095101]
[11.930186]
[12.219026]
[11.364907]
[8.556458]
[19.98655]
[15.73265]
[13.511215]
[12.008916]
[13.923774]
[14.81347]
[14.892202]
[14.850504]
[14.927574]
[14.929035]
[14.837515]
[14.800155]
[14.533889]
[13.775296]
[13.406021]
[15.229946]
[14.721326]
[14.428677]
[14.044824]
[14.392689]
[13.044981]
[12.094125]
[12.280504]
[9.853908]
[12.699675]
[13.845839]
[14.04906]
[14.084458]
[14.199875]
[13.391168]
[12.985521]
[13.171914]
[13.877971]
[14.596204]
[15.435997]
[15.312466]
[16.062077]
[15.719731]
[15.931295]
[15.917299]
[15.616195]
[15.441528]
[15.762009]
[14.338132]
[15.330404]
[14.364045]
[15.844121]
[15.620199]
[15.315865]
[15.136466]
[14.479839]
[14.668774]
[14.87893]
[14.243677]
[15.362269]
[15.636601]
[15.165179]
[15.050408]
[14.322908]
[15.028911]
[14.242405]
[14.463083]
[18.538494]
[19.897282]
[14.353723]
[21.642042]
[21.806267]
[19.998327]
[21.156788]
[19.519108]
[4.752648]
[12.306806]
[16.483295]
[16.223001]
[19.454893]
[37.26152]
[44.596786]
[46.982204]
[55.593887]
[43.56451]
[35.118805]
[52.36279]
[63.12835]
[63.64132]
[64.605316]
[55.822475]
[67.73]
[73.08437]
[91.13883]
[120.42774]
[111.50663]
[106.44837]
[98.85369]
[98.998505]
[97.19899]
[98.598755]
[96.34542]
[93.96253]
[90.852295]
[87.75781]
[69.27527]
[69.85307]
[88.39586]
[89.782265]
[88.16813]
[88.35601]
[76.88637]
[79.87422]
[108.93189]
[120.60852]
[128.42883]
[127.75481]
[128.44469]
[128.21716]
[127.43037]
[126.95383]
[104.91749]
[97.57262]
[96.577286]
[96.431404]
[94.880455]
[68.35087]
[54.93422]
[63.317772]
[60.93031]
[57.00746]
[46.006496]
[25.30859]
[20.138704]
[21.148054]
[32.22976]
[48.585293]
[46.07683]
[46.652855]
[39.839558]
[21.596079]
[15.519996]
[28.238924]
[20.93164]
[16.82115]
[16.53909]
[14.783043]
[14.218621]
[14.381833]
[16.486633]
[16.923386]
[16.055502]
[15.103306]
[15.753429]
[14.450823]
[13.900535]
[15.101458]
[15.316224]
[14.784814]
[15.074128]
[15.264603]
[15.471391]
[15.677313]
[17.36729]
[18.04409]
[15.174648]
[14.206941]
[14.781072]
[15.415699]
[15.571833]
[14.929285]
[14.803316]
[14.766121]
[14.153962]
[14.361264]
[13.210652]
[12.0553255]
[12.82136]
[13.935255]
[16.051437]
[16.64499]
[18.91345]
[16.162752]
[15.339518]
[16.06869]
[14.895075]
[13.26827]
[14.24632]
[20.323215]
[14.774448]
[11.697451]
[12.77097]
[12.999883]
[16.063097]
[16.18446]
[14.623052]
[12.193962]
[12.152732]
[24.5986]
[31.146358]
[30.91297]
[29.75362]
[23.341978]
[12.521055]
[9.033847]
[9.244706]
[7.162774]
[6.5125637]
[6.156649]
[5.965998]
[5.4599595]
[5.519868]
[5.5257845]
[5.91376]
[5.5992584]
[5.702006]
[5.5794706]
[5.5591393]
[5.5455623][10.25]
[9.45]
[13.02]
[10.69]
[5.31]
[5.25]
[5.26]
[5.31]
[5.31]
[5.3]
[5.29]
[5.3]
[9.25]
[9.31]
[9.28]
[9.29]
[9.27]
[9.26]
[9.25]
[9.26]
[9.26]
[9.27]
[9.25]
[9.25]
[9.32]
[9.28]
[9.26]
[9.22]
[9.21]
[9.23]
[9.23]
[9.06]
[9.24]
[9.25]
[9.24]
[9.29]
[9.55]
[9.28]
[9.27]
[9.27]
[9.25]
[9.24]
[9.28]
[12.21]
[12.29]
[12.32]
[12.27]
[12.3]
[12.29]
[12.25]
[12.25]
[12.25]
[12.29]
[12.3]
[12.3]
[12.31]
[12.36]
[12.34]
[12.35]
[12.36]
[12.37]
[12.39]
[12.39]
[12.4]
[12.36]
[12.39]
[12.4]
[12.41]
[12.52]
[12.25]
[12.25]
[12.03]
[12.31]
[26.75]
[15.2]
[15.05]
[15.12]
[15.03]
[15.09]
[15.17]
[15.22]
[15.41]
[15.4]
[15.43]
[15.24]
[15.14]
[15.08]
[15.29]
[15.3]
[15.23]
[15.22]
[15.17]
[15.21]
[15.24]
[15.21]
[15.26]
[15.09]
[15.03]
[14.94]
[15.09]
[15.28]
[15.3]
[15.52]
[15.38]
[15.46]
[15.26]
[15.55]
[15.54]
[15.27]
[22.36]
[17.87]
[15.85]
[42.75]
[82.22]
[94.05]
[93.25]
[90.97]
[55.68]
[49.63]
[58.09]
[56.67]
[54.59]
[53.59]
[58.05]
[53.08]
[41.74]
[57.88]
[58.89]
[56.17]
[56.45]
[59.98]
[24.57]
[23.68]
[48.95]
[58.59]
[52.66]
[61.65]
[55.39]
[15.63]
[15.57]
[49.45]
[48.02]
[57.5]
[95.04]
[91.35]
[127.12]
[159.08]
[215.85]
[192.9]
[144.63]
[136.75]
[131.02]
[99.64]
[86.83]
[129.19]
[131.03]
[129.73]
[130.49]
[130.52]
[92.3]
[87.76]
[90.33]
[91.84]
[90.24]
[92.4]
[96.82]
[52.74]
[45.22]
[55.96]
[60.38]
[51.61]
[55.5]
[62.81]
[54.04]
[56.12]
[53.08]
[60.33]
[38.11]
[64.66]
[62.07]
[50.21]
[45.53]
[67.12]
[58.52]
[53.52]
[50.52]
[53.77]
[41.06]
[38.17]
[35.45]
[50.08]
[57.71]
[43.73]
[61.41]
[54.5]
[42.43]
[96.98]
[93.31]
[95.73]
[93.08]
[91.61]
[94.94]
[85.74]
[88.4]
[98.74]
[90.94]
[95.37]
[98.5]
[45.13]
[47.61]
[67.66]
[39.1]
[71.69]
[37.29]
[69.59]
[19.53]
[12.7]
[49.99]
[27.12]
[31.05]
[19.21]
[28.46]
[14.31]
[9.94]
[17.83]
[28.86]
[44.83]
[46.46]
[52.06]
[24.01]
[9.42]
[50.97]
[57.23]
[44.2]
[37.8]
[12.15]
[9.41]
[10.47]
[20.43]
[33.31]
[48.25]
[44.01]
[55.45]
[12.7]
[10.36]
[51.64]
[50.92]
[50.38]
[49.93]
[49.1]
[13.79]
[10.13]
[29.22]
[34.2]
[23.2]
[39.35]
[38.77]
[14.08]
[10.2]
[32.49]
[35.58]
[33.86]
[32.24]
[29.9]
[23.23]
[16.87]
[24.9]
[28.37]
[17.49]
[16.74]
[47.53]
[16.06]
[15.03]
[32.65]
[36.66]
[33.79]
[32.62]
[31.6]
[12.79]
[8.68]
[29.3]
[28.48]
[33.01]
[32.79]
[29.71]
[12.11]
[7.79]
[7.39]
[5.3]
[5.33]
[5.36]
[5.41]
[5.44]
[5.46]
[5.48]
[5.51]
[5.52]
[5.54]
[5.55]
[5.56]
[5.57]
[5.58]
[5.41]
[5.59]
[5.59]
[5.59]
[5.59]
[5.59]
[5.59]
[5.52]
[9.82]
[15.53]
[16.95]
[20.82]
[11.7]
[14.18]
[15.4]
[23.39]
[19.41]
[16.47]
[11.42]
[6.71]
[12.54]
[12.67]
[10.63]
[11.37]
[12.05]
[14.44]
[14.47]
[12.32]
[14.46]
[13.82]
[14.57]
[14.58]
[8.47]
[14.78]
[14.81]
[14.47]
[5.31]
[5.31]
[5.29]
[6.65]
[12.03]
[10.97]
[11.68]
[7.09]
[5.32]
[5.32]
[5.33]
[5.32]
[5.32]
[7.66]
[5.32]
[5.32]
[5.32]
[5.29]
[5.21]
[5.09]
[5.1]
[5.1]
[5.1]
[5.11]
[5.11]
[5.1]
[5.12]
[5.22]
[5.48]
[5.49]
[5.27]
[5.12]
[5.13]
[5.12]
[5.12]
[5.11]
[5.16]
[8.76]
[8.76]
[8.94]
[8.95]
[8.95]
[10.8]
[10.34]
[8.93]
[12.82]
[12.41]
[9.78]
[12.71]
[13.05]
[9.78]
[9.61]
[13.47]
[13.71]
[13.82]
[13.8]
[20.11]
[12.1]
[10.21]
[15.44]
[19.36]
[24.22]
[16.35]
[13.82]
[12.91]
[11.05]
[11.21]
[12.63]
[12.73]
[13.93]
[14.]
[12.75]
[12.72]
[14.06]
[13.64]
[13.18]
[14.13]
[14.47]
[12.97]
[12.08]
[13.53]
[13.92]
[14.]
[14.03]
[13.47]
[12.53]
[12.61]
[12.89]
[13.87]
[13.64]
[12.29]
[13.75]
[12.77]
[12.77]
[13.97]
[13.97]
[12.95]
[15.58]
[14.78]
[14.97]
[14.82]
[14.67]
[14.69]
[14.7]
[14.81]
[14.7]
[17.5]
[18.04]
[19.37]
[14.58]
[14.62]
[14.69]
[14.75]
[14.6]
[14.39]
[14.42]
[14.49]
[14.55]
[14.59]
[14.62]
[14.6]
[14.31]
[14.23]
[14.12]
[14.15]
[14.3]
[14.52]
[14.49]
[14.43]
[14.23]
[14.17]
[14.28]
[14.37]
[14.29]
[14.2]
[14.09]
[14.11]
[14.23]
[14.04]
[14.13]
[14.15]
[14.07]
[14.02]
[13.88]
[13.88]
[13.78]
[13.82]
[13.92]
[14.08]
[13.97]
[13.86]
[13.82]
[13.83]
[13.99]
[14.01]
[13.84]
[13.78]
[13.71]
[13.96]
[14.1]
[13.99]
[13.72]
[16.98]
[13.92]
[13.67]
[13.53]
[13.42]
[13.41]
[13.36]
[14.17]
[14.52]
[14.48]
[14.44]
[14.41]
[14.38]
[14.37]
[14.35]
[14.34]
[14.31]
[15.25]
[14.32]
[14.31]
[14.29]
[14.29]
[14.58]
[14.56]
[12.15]
[11.95]
[11.88]
[11.87]
[11.82]
[13.39]
[11.95]
[11.94]
[11.89]
[11.86]
[11.86]
[11.84]
[11.83]
[11.81]
[11.86]
[11.86]
[11.8]
[11.8]
[11.79]
[11.78]
[11.77]
[11.96]
[11.94]
[11.9]
[11.85]
[11.35]
[11.83]
[11.8]
[12.]
[12.06]
[12.03]
[9.66]
[9.6]
[9.59]
[9.63]
[9.74]
[9.73]
[9.68]
[9.68]
[9.7]
[9.68]
[9.68]
[9.67]
[9.67]
[9.73]
[9.77]
[9.75]
[9.77]
[9.77]
[9.77]
[9.74]
[9.74]
[9.73]
[9.72]
[9.75]
[9.75]
[9.79]
[9.77]
[9.77]
[9.78]
[9.77]
[9.09]
[9.09]
[8.91]
[8.69]
[8.69]
[8.66]
[8.69]
[8.7]
[8.7]
[8.66]
[8.67]
[8.77]
[8.78]
[8.78]
[8.77]
[8.78]
[8.77]
[8.74]
[8.74]
[8.77]
[8.77]
[8.77]
[8.76]
[8.77]
[8.76]
[8.77]
[8.77]
[8.76]
[8.76]
[8.77]
[8.71]
[8.26]
[8.23]
[8.06]
[8.02]
[8.01]
[8.04]
[8.06]
[8.04]
[8.05]
[8.06]
[8.05]
[8.05]
[8.07]
[8.07]
[8.06]
[8.04]
[8.08]
[8.07]
[8.07]
[8.03]
[8.1]
[8.09]
[8.1]
[8.11]
[8.1]
[8.11]
[8.12]
[8.11]
[8.11]
[8.13]
[6.13]
[6.11]
[5.91]
[5.29]
[5.35]
[5.29]
[5.31]
[5.3]
[5.3]
[5.3]
[5.31]
[5.3]
[5.27]
[5.29]
[5.29]
[5.29]
[5.3]
[5.3]
[5.34]
[5.31]
[5.31]
[5.32]
[5.32]
[5.31]
[5.33]
[5.32]
[5.32]
[5.31]
[5.33]
[5.32]
[5.34]
[5.34]
[5.89]
[5.74]
[5.51]
[5.5]
[7.49]
[7.16]
[5.55]
[5.56]
[5.48]
[5.43]
[5.41]
[5.42]
[5.48]
[5.44]
[5.44]
[5.44]
[7.99]
[5.37]
[5.4]
[5.41]
[5.38]
[5.38]
[5.39]
[5.38]
[5.38]
[5.43]
[5.4]
[5.41]
[5.42]
[5.41]
[5.41]
[5.41]
[5.41]
[5.42]
[5.44]
[5.44]
[5.45]
[5.47]
[5.47]
[5.4]
[5.42]
[5.44]
[5.46]
[5.47]
[5.46]
[5.46]
[5.47]
[5.47]
[5.42]
[5.48]
[5.49]
[5.48]
[5.46]
[5.46]
[5.5]
[5.51]
[5.48]
[5.46]
[9.04]
[9.13]
[9.13]
[9.16]
[9.17]
[9.17]
[9.19]
[9.21]
[9.24]
[9.24]
[9.22]
[9.2]
[9.27]
[9.28]
[9.28]
[9.29]
[9.32]
[9.33]
[9.33]
[9.34]
[9.36]
[9.37]
[9.38]
[9.41]
[9.41]
[9.41]
[9.41]
[9.42]
[9.83]
[9.49]
[9.52]
[12.18]
[12.29]
[12.29]
[12.33]
[12.37]
[12.42]
[12.45]
[12.39]
[15.27]
[16.55]
[14.11]
[12.06]
[12.15]
[12.22]
[12.2]
[14.89]
[12.24]
[12.29]
[12.3]
[12.82]
[12.19]
[12.16]
[12.29]
[12.32]
[12.3]
[12.41]
[12.47]
[12.46]
[12.66]
[12.65]
[14.68]
[15.59]
[15.66]
[15.62]
[15.61]
[15.62]
[15.55]
[15.55]
[15.53]
[15.48]
[15.58]
[15.63]
[15.67]
[15.73]
[15.76]
[15.69]
[15.74]
[15.74]
[15.7]
[15.75]
[15.81]
[15.74]
[15.69]
[15.67]
[15.67]
[15.69]
[15.71]
[15.78]
[15.82]
[15.85]
[15.84]
[15.82]
[15.81]
[15.68]
[15.65]
[15.45]
[15.76]
[15.72]
[15.72]
[15.72]
[15.86]
[15.62]
[15.55]
[15.84]
[15.47]
[15.85]
[15.91]
[15.89]
[15.6]
[15.96]
[15.99]
[15.84]
[15.77]
[15.99]
[15.57]
[15.56]
[15.78]
[15.69]
[15.67]
[15.63]
[15.75]
[15.5]
[15.92]
[15.96]
[15.99]
[16.2]
[15.99]
[15.99]
[15.96]
[15.93]
[15.94]
[15.96]
[15.89]
[15.75]
[15.57]
[14.85]
[16.98]
[17.18]
[17.15]
[16.64]
[16.94]
[16.89]
[16.85]
[16.85]
[16.82]
[22.09]
[48.14]
[54.09]
[52.25]
[50.82]
[26.21]
[24.32]
[46.38]
[54.6]
[55.32]
[58.59]
[42.22]
[59.61]
[52.27]
[91.07]
[134.99]
[99.13]
[93.08]
[89.49]
[90.15]
[90.7]
[92.91]
[90.54]
[92.41]
[91.17]
[89.85]
[54.37]
[55.31]
[91.98]
[89.63]
[92.51]
[92.65]
[53.92]
[58.15]
[118.86]
[121.02]
[128.01]
[129.11]
[130.04]
[130.07]
[129.96]
[130.52]
[93.73]
[94.19]
[93.43]
[94.32]
[94.03]
[49.04]
[42.92]
[63.69]
[56.03]
[54.7]
[38.34]
[11.79]
[11.72]
[12.96]
[33.11]
[57.23]
[47.44]
[52.93]
[38.46]
[13.38]
[10.84]
[32.12]
[12.86]
[13.04]
[11.96]
[9.06]
[9.09]
[9.87]
[13.99]
[13.87]
[12.77]
[11.54]
[13.62]
[10.08]
[9.89]
[11.66]
[11.41]
[10.97]
[12.27]
[12.58]
[13.52]
[14.11]
[18.19]
[19.12]
[13.6]
[13.55]
[13.48]
[13.43]
[13.64]
[13.07]
[13.76]
[13.75]
[12.85]
[13.71]
[11.22]
[9.92]
[11.7]
[12.05]
[15.5]
[15.5]
[20.41]
[11.86]
[11.21]
[12.16]
[10.03]
[8.58]
[11.93]
[24.96]
[9.81]
[9.12]
[11.89]
[11.97]
[19.72]
[18.14]
[16.04]
[11.71]
[13.74]
[39.18]
[46.43]
[42.22]
[40.7]
[29.17]
[11.6]
[7.7]
[7.77]
[5.18]
[5.21]
[5.24]
[5.27]
[5.28]
[5.29]
[5.31]
[5.33]
[5.34]
[5.35]
[5.36]
[5.37]
[5.38]
[5.39]