0.897458560391025, 0.9033677025050622, 6.880171149133525, 194.92702378434228[10.62899]
[8.113418]
[7.068959]
[8.856241]
[7.926395]
[4.8349943]
[4.215927]
[4.3032136]
[4.274423]
[4.26157]
[4.2673364]
[4.1768117]
[4.242672]
[6.3009076]
[6.8379054]
[6.7667875]
[6.8184466]
[7.264108]
[8.453989]
[9.554592]
[8.343527]
[7.614798]
[7.3466625]
[7.281371]
[7.190799]
[7.1984353]
[7.1947927]
[7.18766]
[7.071033]
[7.040659]
[6.956425]
[7.004047]
[7.1274805]
[7.182537]
[7.0890174]
[7.165919]
[7.155453]
[7.1031995]
[10.72003]
[8.055265]
[7.446703]
[7.9654493]
[8.250798]
[8.073204]
[9.42308]
[9.628623]
[9.511525]
[9.568855]
[9.444225]
[9.87098]
[10.129802]
[10.005294]
[9.642526]
[9.6960945]
[9.559686]
[9.498638]
[9.507204]
[9.563611]
[9.477679]
[9.45383]
[9.470344]
[9.506262]
[9.412606]
[9.479393]
[9.493331]
[9.429156]
[9.911558]
[10.195509]
[9.79178]
[9.962449]
[12.245925]
[7.6581254]
[8.962998]
[9.5360365]
[32.642635]
[15.816217]
[11.389523]
[11.393781]
[11.344447]
[11.340099]
[11.494559]
[11.682117]
[11.601748]
[11.680749]
[11.803862]
[11.546154]
[11.496812]
[11.665792]
[11.950571]
[11.734412]
[11.755113]
[11.5639305]
[12.208135]
[12.188435]
[11.812313]
[11.974252]
[12.050942]
[11.870346]
[11.8580885]
[11.307453]
[11.639145]
[12.237885]
[11.902458]
[12.371676]
[12.58424]
[12.88513]
[18.737402]
[19.496199]
[18.564356]
[33.089684]
[58.48922]
[27.914625]
[75.61035]
[79.99905]
[83.162766]
[88.91042]
[128.402]
[96.97045]
[67.04609]
[56.321636]
[57.250927]
[55.91075]
[51.266315]
[47.838825]
[48.30547]
[45.63344]
[38.218296]
[44.54929]
[47.35958]
[45.826702]
[44.83926]
[48.716564]
[29.405886]
[24.669733]
[39.237762]
[45.494873]
[41.804485]
[45.10218]
[41.327354]
[20.567913]
[20.665634]
[42.116898]
[44.35529]
[69.23535]
[98.667336]
[137.26283]
[160.50931]
[179.82742]
[207.15369]
[170.37585]
[141.5712]
[137.97122]
[123.65924]
[98.97474]
[83.663925]
[104.72681]
[109.83344]
[111.361855]
[114.888664]
[121.85065]
[101.42823]
[94.9139]
[89.58143]
[87.378]
[84.95174]
[84.54159]
[87.59415]
[65.51378]
[62.033127]
[70.06001]
[70.50561]
[65.273026]
[64.81713]
[65.572945]
[57.2249]
[54.202393]
[50.23268]
[52.351738]
[39.879734]
[50.429058]
[51.151627]
[44.719494]
[42.117622]
[53.163277]
[48.52059]
[43.576576]
[40.53915]
[41.49705]
[36.268917]
[37.774933]
[40.59371]
[55.49422]
[63.134495]
[54.606167]
[61.495495]
[54.400726]
[51.028076]
[89.02711]
[89.746414]
[86.370026]
[79.84038]
[75.58388]
[76.28048]
[72.75026]
[78.31074]
[87.491554]
[83.896904]
[90.722275]
[95.26311]
[67.88685]
[67.5056]
[73.602486]
[54.377296]
[67.20316]
[48.45545]
[59.897205]
[33.88665]
[24.009108]
[43.237556]
[33.12466]
[31.760633]
[24.943138]
[28.021845]
[20.872551]
[16.350048]
[19.773773]
[25.857243]
[33.830696]
[35.11183]
[37.929016]
[26.737177]
[18.1937]
[38.69762]
[44.843548]
[37.803177]
[34.075256]
[22.064919]
[19.121851]
[19.687246]
[23.611416]
[29.378456]
[36.307735]
[34.540718]
[39.443394]
[19.393442]
[15.034149]
[36.40478]
[37.570538]
[36.344025]
[36.78675]
[35.48616]
[18.865555]
[16.204115]
[26.70025]
[29.55924]
[23.182365]
[29.41001]
[29.584814]
[16.623873]
[11.960544]
[23.22506]
[26.555777]
[25.583963]
[24.015448]
[22.455856]
[18.458555]
[14.487241]
[18.430836]
[21.292318]
[16.425808]
[16.793598]
[34.98075]
[20.257244]
[14.760126]
[23.647154]
[26.669033]
[25.100534]
[23.847368]
[22.706814]
[12.573743]
[8.571903]
[19.126173]
[19.983824]
[21.923635]
[22.6837]
[21.099895]
[11.587734]
[7.445647]
[6.837399]
[5.6954265]
[5.438244]
[5.5442553]
[5.8419776]
[5.7473793]
[5.5068784]
[5.3965535]
[5.361964]
[5.399145]
[5.333753]
[5.249273]
[5.1454144]
[5.119173]
[5.126199]
[5.033987]
[5.037344]
[4.9554105]
[4.925985]
[4.925985]
[4.925985]
[4.925985]
[4.8303723]
[6.7251835]
[11.506226]
[11.643343]
[13.275143]
[9.128799]
[9.564082]
[10.3902445]
[14.551198]
[13.336532]
[11.502642]
[8.611828]
[5.61741]
[8.164391]
[8.730062]
[7.6320024]
[7.816681]
[8.264971]
[9.6873455]
[9.992736]
[8.770739]
[9.663355]
[16.47592]
[11.508252]
[10.206594]
[6.8842154]
[9.853724]
[10.438132]
[10.101274]
[5.280227]
[4.330251]
[4.348619]
[5.0609603]
[7.968794]
[8.201959]
[8.233503]
[5.8080487]
[4.411676]
[4.265707]
[4.2847476]
[4.295785]
[4.2055025]
[5.517665]
[4.5060945]
[4.1924815]
[4.2852144]
[4.2044315]
[4.223007]
[4.0088882]
[4.530879]
[4.6667805]
[4.479492]
[4.450061]
[4.293156]
[4.235508]
[4.2444243]
[4.314327]
[4.3958006]
[4.4254646]
[4.2790976]
[4.440394]
[4.2428923]
[4.23539]
[4.2588563]
[4.254702]
[4.296202]
[6.1791244]
[6.6356473]
[10.956878]
[7.7178335]
[6.71758]
[7.949853]
[7.676839]
[6.8968763]
[9.698553]
[9.25436]
[7.556364]
[9.076746]
[9.571057]
[7.717602]
[7.358262]
[9.655646]
[10.45623]
[10.345126]
[10.366136]
[14.849835]
[10.174526]
[7.8408036]
[11.202665]
[14.705708]
[18.030867]
[13.276952]
[10.702073]
[9.94649]
[8.696666]
[8.741359]
[9.633441]
[9.761916]
[10.615394]
[10.780171]
[9.967517]
[9.940703]
[10.848131]
[10.490605]
[10.243698]
[11.172899]
[11.23926]
[10.237166]
[9.6318245]
[10.631028]
[10.860614]
[10.763811]
[10.784653]
[10.337634]
[9.770863]
[9.513068]
[10.007727]
[11.473705]
[11.469895]
[9.704754]
[10.89679]
[11.133578]
[10.821575]
[11.190663]
[11.13685]
[10.349153]
[12.007137]
[11.561771]
[11.525276]
[11.46836]
[11.383501]
[11.312528]
[11.1742935]
[11.342392]
[11.238443]
[12.8948965]
[15.570038]
[14.847356]
[11.599542]
[11.198503]
[11.5708885]
[11.757139]
[12.172304]
[11.75385]
[11.5700245]
[11.565136]
[11.572939]
[11.739273]
[11.735514]
[11.774024]
[11.620515]
[11.525055]
[11.424081]
[11.518579]
[11.602756]
[11.767154]
[11.677126]
[11.611233]
[11.484894]
[11.429005]
[11.384222]
[11.4578]
[11.375865]
[11.20174]
[11.111571]
[11.093301]
[11.172774]
[11.069871]
[11.08917]
[11.153588]
[11.212791]
[11.180411]
[10.950357]
[11.024818]
[10.921275]
[10.81367]
[10.99343]
[11.104388]
[11.0127325]
[10.9546175]
[10.935115]
[10.946833]
[11.031914]
[11.209075]
[11.226929]
[11.332924]
[11.396644]
[11.583808]
[12.022258]
[12.176429]
[13.607124]
[12.872044]
[3.8931973]
[12.73871]
[14.19519]
[11.430979]
[11.911452]
[12.756036]
[13.357202]
[13.419161]
[13.173042]
[13.203296]
[13.124015]
[13.134886]
[12.841069]
[12.659341]
[12.722334]
[12.713494]
[13.150673]
[12.521442]
[12.385191]
[12.284566]
[12.32508]
[11.735958]
[12.130792]
[10.797985]
[10.502326]
[10.210103]
[10.42426]
[10.840333]
[11.754641]
[11.028441]
[10.659019]
[10.367217]
[10.249016]
[10.078328]
[9.902231]
[10.132249]
[9.997867]
[9.93582]
[9.764806]
[9.708271]
[9.621885]
[9.581831]
[9.40603]
[9.413443]
[9.73248]
[10.695271]
[11.572137]
[11.759114]
[11.455969]
[10.709221]
[10.637847]
[10.326599]
[10.226558]
[10.208429]
[9.368112]
[9.222588]
[8.740152]
[8.50348]
[8.582108]
[8.44147]
[8.478489]
[8.325648]
[8.386457]
[8.233638]
[8.179628]
[8.272975]
[8.073558]
[8.217159]
[8.084569]
[8.148347]
[8.106868]
[8.12706]
[8.052972]
[8.045797]
[7.959654]
[7.9709263]
[7.8828273]
[7.8715534]
[7.878293]
[7.9415903]
[7.860786]
[7.78599]
[7.9116488]
[7.7744503]
[7.5250072]
[7.44408]
[7.3717284]
[7.1413956]
[6.9770722]
[7.1015964]
[7.2133]
[7.191708]
[7.138294]
[6.884938]
[6.9005456]
[6.998157]
[8.221766]
[8.25081]
[7.9558682]
[7.7074776]
[7.497887]
[7.3792486]
[7.3009872]
[7.173985]
[7.30136]
[7.1726527]
[7.113206]
[7.1872916]
[6.9942665]
[6.875459]
[7.1808505]
[7.441373]
[7.2030907]
[7.4638767]
[7.428377]
[6.988352]
[6.7497168]
[6.612159]
[6.5914187]
[6.462843]
[6.527413]
[6.607317]
[6.5653977]
[6.4264264]
[6.5171432]
[6.4709835]
[6.4463263]
[6.455774]
[6.498821]
[6.388195]
[6.4662075]
[6.435992]
[6.4555635]
[6.392393]
[6.3080683]
[6.502045]
[6.399557]
[6.3134465]
[6.3940916]
[6.472363]
[6.363341]
[6.420825]
[6.348028]
[6.4869804]
[6.548641]
[5.4013815]
[5.1980495]
[5.0847793]
[4.590301]
[4.5921564]
[4.470128]
[4.564738]
[4.5297346]
[4.449448]
[4.5659895]
[4.5386715]
[4.5130324]
[4.499314]
[4.506185]
[4.572777]
[4.5175934]
[4.4433427]
[4.6262302]
[4.4979086]
[4.4501925]
[4.591675]
[4.5633707]
[4.5465965]
[4.5467625]
[4.5610223]
[4.564557]
[4.566097]
[4.5673385]
[4.578975]
[4.6508665]
[4.54298]
[4.6520185]
[4.9016743]
[4.9119644]
[7.9977617]
[5.346612]
[6.220306]
[6.3968277]
[4.9710903]
[4.7256374]
[4.6824164]
[4.626841]
[4.8802414]
[4.610779]
[4.84264]
[4.597631]
[4.816666]
[4.574733]
[6.5149484]
[5.143117]
[4.7529225]
[4.734505]
[4.716765]
[4.6991334]
[4.681445]
[4.436769]
[4.64528]
[4.420424]
[6.497136]
[4.7989283]
[4.4099813]
[4.587476]
[4.38517]
[4.3819046]
[4.545227]
[4.3594947]
[4.509819]
[4.479698]
[4.332067]
[4.4706078]
[4.332096]
[4.310693]
[4.3098063]
[4.419377]
[4.2855263]
[4.390087]
[4.2638493]
[4.2869306]
[4.2941103]
[4.3468027]
[4.1960635]
[4.257037]
[4.3172927]
[4.204609]
[4.2327695]
[4.2737856]
[4.1815085]
[4.272863]
[4.203189]
[4.1233015]
[6.996572]
[7.021017]
[7.353553]
[6.9964113]
[7.3046675]
[7.3631907]
[7.304454]
[7.2587295]
[7.778574]
[7.2973657]
[7.7029243]
[7.222909]
[7.6273756]
[7.1487007]
[7.5878882]
[7.7016277]
[7.142349]
[7.1290183]
[7.162003]
[7.195203]
[7.2389145]
[7.3024716]
[7.2725563]
[7.6479006]
[7.401075]
[7.9176474]
[7.78241]
[7.4848595]
[8.238253]
[8.348399]
[8.308537]
[9.725378]
[9.905333]
[9.825371]
[10.219016]
[9.752081]
[10.062726]
[10.52783]
[10.521876]
[13.0324]
[14.402533]
[12.886924]
[10.080132]
[9.997662]
[10.014639]
[10.3917465]
[13.212675]
[10.785244]
[10.241893]
[10.178502]
[10.543582]
[9.713841]
[9.497594]
[9.631271]
[9.880616]
[10.11105]
[10.3448]
[10.269284]
[10.116051]
[10.272939]
[10.312724]
[11.519308]
[12.209483]
[12.468274]
[12.658858]
[12.257196]
[12.323413]
[11.993857]
[12.006415]
[12.21771]
[12.4640045]
[12.298999]
[19.945148]
[14.676932]
[14.192056]
[11.513698]
[13.7168]
[14.018482]
[13.900434]
[13.735076]
[13.660746]
[13.543512]
[13.45719]
[13.401249]
[13.302871]
[13.335844]
[14.321715]
[15.058539]
[14.256894]
[14.615714]
[14.681085]
[15.419499]
[14.409259]
[13.5729]
[12.992289]
[12.620316]
[13.461701]
[14.42568]
[15.0257635]
[14.866141]
[14.806032]
[14.733422]
[14.0260105]
[14.046423]
[14.351287]
[14.598655]
[14.866227]
[14.891298]
[15.161166]
[14.668309]
[14.896423]
[14.8256]
[14.620137]
[14.502047]
[14.70747]
[14.570474]
[14.564916]
[15.223455]
[15.069748]
[14.670484]
[14.374936]
[14.2345295]
[13.829269]
[14.180395]
[14.3062525]
[14.43654]
[15.267358]
[14.753853]
[14.38648]
[14.246352]
[14.043639]
[14.481187]
[14.228002]
[14.781777]
[20.738312]
[22.979647]
[17.991838]
[26.547215]
[24.512829]
[20.989351]
[20.127575]
[18.414295]
[5.0553308]
[13.338749]
[15.460324]
[15.170491]
[18.07131]
[33.430565]
[38.626057]
[45.717506]
[52.076405]
[44.5312]
[37.61788]
[55.558193]
[65.03638]
[63.711815]
[61.596035]
[51.316704]
[68.63387]
[87.39079]
[97.827736]
[117.38283]
[106.445206]
[112.814896]
[103.467606]
[100.22554]
[94.60805]
[93.75709]
[89.98155]
[87.06563]
[83.74773]
[80.65234]
[64.59763]
[67.78927]
[83.738014]
[82.49402]
[81.28188]
[82.835785]
[76.141975]
[84.53289]
[107.45269]
[115.00647]
[131.71986]
[130.79001]
[124.799385]
[123.669266]
[126.492096]
[122.761185]
[95.82229]
[94.551094]
[92.16141]
[89.87637]
[88.089195]
[58.20206]
[48.191017]
[56.99869]
[52.807686]
[49.450165]
[39.010155]
[21.97672]
[18.835295]
[19.29381]
[29.98199]
[43.45994]
[39.3277]
[40.59559]
[33.631844]
[18.56575]
[14.653004]
[26.572687]
[17.944654]
[15.42576]
[14.783844]
[12.937956]
[12.250474]
[12.296813]
[14.270472]
[14.344205]
[13.4222]
[12.486016]
[13.231875]
[11.595998]
[11.247219]
[12.268079]
[12.232143]
[11.613178]
[11.980404]
[12.115312]
[12.317936]
[12.549564]
[14.443046]
[15.007093]
[12.106751]
[11.575993]
[12.122383]
[12.604998]
[12.561684]
[11.925014]
[11.995334]
[11.965851]
[11.381748]
[11.710713]
[10.474438]
[9.433346]
[10.3661175]
[11.289514]
[13.329325]
[13.578517]
[16.15368]
[12.769918]
[12.32726]
[12.799862]
[11.30343]
[9.930451]
[11.067239]
[17.541327]
[10.839892]
[8.913485]
[10.037437]
[10.117398]
[13.667503]
[13.463794]
[12.171945]
[9.801891]
[10.222279]
[22.627674]
[27.478283]
[26.558418]
[25.416363]
[19.871883]
[12.094797]
[9.677277]
[9.144263]
[7.3326173]
[6.6089783]
[6.3015575]
[6.056117]
[5.5651846]
[5.536641]
[5.705443]
[5.8342834]
[5.561199]
[5.496082]
[5.532711]
[5.357616]
[5.343019][10.25]
[9.45]
[13.02]
[10.69]
[5.31]
[5.25]
[5.26]
[5.31]
[5.31]
[5.3]
[5.29]
[5.3]
[9.25]
[9.31]
[9.28]
[9.29]
[9.27]
[9.26]
[9.25]
[9.26]
[9.26]
[9.27]
[9.25]
[9.25]
[9.32]
[9.28]
[9.26]
[9.22]
[9.21]
[9.23]
[9.23]
[9.06]
[9.24]
[9.25]
[9.24]
[9.29]
[9.55]
[9.28]
[9.27]
[9.27]
[9.25]
[9.24]
[9.28]
[12.21]
[12.29]
[12.32]
[12.27]
[12.3]
[12.29]
[12.25]
[12.25]
[12.25]
[12.29]
[12.3]
[12.3]
[12.31]
[12.36]
[12.34]
[12.35]
[12.36]
[12.37]
[12.39]
[12.39]
[12.4]
[12.36]
[12.39]
[12.4]
[12.41]
[12.52]
[12.25]
[12.25]
[12.03]
[12.31]
[26.75]
[15.2]
[15.05]
[15.12]
[15.03]
[15.09]
[15.17]
[15.22]
[15.41]
[15.4]
[15.43]
[15.24]
[15.14]
[15.08]
[15.29]
[15.3]
[15.23]
[15.22]
[15.17]
[15.21]
[15.24]
[15.21]
[15.26]
[15.09]
[15.03]
[14.94]
[15.09]
[15.28]
[15.3]
[15.52]
[15.38]
[15.46]
[15.26]
[15.55]
[15.54]
[15.27]
[22.36]
[17.87]
[15.85]
[42.75]
[82.22]
[94.05]
[93.25]
[90.97]
[55.68]
[49.63]
[58.09]
[56.67]
[54.59]
[53.59]
[58.05]
[53.08]
[41.74]
[57.88]
[58.89]
[56.17]
[56.45]
[59.98]
[24.57]
[23.68]
[48.95]
[58.59]
[52.66]
[61.65]
[55.39]
[15.63]
[15.57]
[49.45]
[48.02]
[57.5]
[95.04]
[91.35]
[127.12]
[159.08]
[215.85]
[192.9]
[144.63]
[136.75]
[131.02]
[99.64]
[86.83]
[129.19]
[131.03]
[129.73]
[130.49]
[130.52]
[92.3]
[87.76]
[90.33]
[91.84]
[90.24]
[92.4]
[96.82]
[52.74]
[45.22]
[55.96]
[60.38]
[51.61]
[55.5]
[62.81]
[54.04]
[56.12]
[53.08]
[60.33]
[38.11]
[64.66]
[62.07]
[50.21]
[45.53]
[67.12]
[58.52]
[53.52]
[50.52]
[53.77]
[41.06]
[38.17]
[35.45]
[50.08]
[57.71]
[43.73]
[61.41]
[54.5]
[42.43]
[96.98]
[93.31]
[95.73]
[93.08]
[91.61]
[94.94]
[85.74]
[88.4]
[98.74]
[90.94]
[95.37]
[98.5]
[45.13]
[47.61]
[67.66]
[39.1]
[71.69]
[37.29]
[69.59]
[19.53]
[12.7]
[49.99]
[27.12]
[31.05]
[19.21]
[28.46]
[14.31]
[9.94]
[17.83]
[28.86]
[44.83]
[46.46]
[52.06]
[24.01]
[9.42]
[50.97]
[57.23]
[44.2]
[37.8]
[12.15]
[9.41]
[10.47]
[20.43]
[33.31]
[48.25]
[44.01]
[55.45]
[12.7]
[10.36]
[51.64]
[50.92]
[50.38]
[49.93]
[49.1]
[13.79]
[10.13]
[29.22]
[34.2]
[23.2]
[39.35]
[38.77]
[14.08]
[10.2]
[32.49]
[35.58]
[33.86]
[32.24]
[29.9]
[23.23]
[16.87]
[24.9]
[28.37]
[17.49]
[16.74]
[47.53]
[16.06]
[15.03]
[32.65]
[36.66]
[33.79]
[32.62]
[31.6]
[12.79]
[8.68]
[29.3]
[28.48]
[33.01]
[32.79]
[29.71]
[12.11]
[7.79]
[7.39]
[5.3]
[5.33]
[5.36]
[5.41]
[5.44]
[5.46]
[5.48]
[5.51]
[5.52]
[5.54]
[5.55]
[5.56]
[5.57]
[5.58]
[5.41]
[5.59]
[5.59]
[5.59]
[5.59]
[5.59]
[5.59]
[5.52]
[9.82]
[15.53]
[16.95]
[20.82]
[11.7]
[14.18]
[15.4]
[23.39]
[19.41]
[16.47]
[11.42]
[6.71]
[12.54]
[12.67]
[10.63]
[11.37]
[12.05]
[14.44]
[14.47]
[12.32]
[14.46]
[13.82]
[14.57]
[14.58]
[8.47]
[14.78]
[14.81]
[14.47]
[5.31]
[5.31]
[5.29]
[6.65]
[12.03]
[10.97]
[11.68]
[7.09]
[5.32]
[5.32]
[5.33]
[5.32]
[5.32]
[7.66]
[5.32]
[5.32]
[5.32]
[5.29]
[5.21]
[5.09]
[5.1]
[5.1]
[5.1]
[5.11]
[5.11]
[5.1]
[5.12]
[5.22]
[5.48]
[5.49]
[5.27]
[5.12]
[5.13]
[5.12]
[5.12]
[5.11]
[5.16]
[8.76]
[8.76]
[8.94]
[8.95]
[8.95]
[10.8]
[10.34]
[8.93]
[12.82]
[12.41]
[9.78]
[12.71]
[13.05]
[9.78]
[9.61]
[13.47]
[13.71]
[13.82]
[13.8]
[20.11]
[12.1]
[10.21]
[15.44]
[19.36]
[24.22]
[16.35]
[13.82]
[12.91]
[11.05]
[11.21]
[12.63]
[12.73]
[13.93]
[14.]
[12.75]
[12.72]
[14.06]
[13.64]
[13.18]
[14.13]
[14.47]
[12.97]
[12.08]
[13.53]
[13.92]
[14.]
[14.03]
[13.47]
[12.53]
[12.61]
[12.89]
[13.87]
[13.64]
[12.29]
[13.75]
[12.77]
[12.77]
[13.97]
[13.97]
[12.95]
[15.58]
[14.78]
[14.97]
[14.82]
[14.67]
[14.69]
[14.7]
[14.81]
[14.7]
[17.5]
[18.04]
[19.37]
[14.58]
[14.62]
[14.69]
[14.75]
[14.6]
[14.39]
[14.42]
[14.49]
[14.55]
[14.59]
[14.62]
[14.6]
[14.31]
[14.23]
[14.12]
[14.15]
[14.3]
[14.52]
[14.49]
[14.43]
[14.23]
[14.17]
[14.28]
[14.37]
[14.29]
[14.2]
[14.09]
[14.11]
[14.23]
[14.04]
[14.13]
[14.15]
[14.07]
[14.02]
[13.88]
[13.88]
[13.78]
[13.82]
[13.92]
[14.08]
[13.97]
[13.86]
[13.82]
[13.83]
[13.99]
[14.01]
[13.84]
[13.78]
[13.71]
[13.96]
[14.1]
[13.99]
[13.72]
[16.98]
[13.92]
[13.67]
[13.53]
[13.42]
[13.41]
[13.36]
[14.17]
[14.52]
[14.48]
[14.44]
[14.41]
[14.38]
[14.37]
[14.35]
[14.34]
[14.31]
[15.25]
[14.32]
[14.31]
[14.29]
[14.29]
[14.58]
[14.56]
[12.15]
[11.95]
[11.88]
[11.87]
[11.82]
[13.39]
[11.95]
[11.94]
[11.89]
[11.86]
[11.86]
[11.84]
[11.83]
[11.81]
[11.86]
[11.86]
[11.8]
[11.8]
[11.79]
[11.78]
[11.77]
[11.96]
[11.94]
[11.9]
[11.85]
[11.35]
[11.83]
[11.8]
[12.]
[12.06]
[12.03]
[9.66]
[9.6]
[9.59]
[9.63]
[9.74]
[9.73]
[9.68]
[9.68]
[9.7]
[9.68]
[9.68]
[9.67]
[9.67]
[9.73]
[9.77]
[9.75]
[9.77]
[9.77]
[9.77]
[9.74]
[9.74]
[9.73]
[9.72]
[9.75]
[9.75]
[9.79]
[9.77]
[9.77]
[9.78]
[9.77]
[9.09]
[9.09]
[8.91]
[8.69]
[8.69]
[8.66]
[8.69]
[8.7]
[8.7]
[8.66]
[8.67]
[8.77]
[8.78]
[8.78]
[8.77]
[8.78]
[8.77]
[8.74]
[8.74]
[8.77]
[8.77]
[8.77]
[8.76]
[8.77]
[8.76]
[8.77]
[8.77]
[8.76]
[8.76]
[8.77]
[8.71]
[8.26]
[8.23]
[8.06]
[8.02]
[8.01]
[8.04]
[8.06]
[8.04]
[8.05]
[8.06]
[8.05]
[8.05]
[8.07]
[8.07]
[8.06]
[8.04]
[8.08]
[8.07]
[8.07]
[8.03]
[8.1]
[8.09]
[8.1]
[8.11]
[8.1]
[8.11]
[8.12]
[8.11]
[8.11]
[8.13]
[6.13]
[6.11]
[5.91]
[5.29]
[5.35]
[5.29]
[5.31]
[5.3]
[5.3]
[5.3]
[5.31]
[5.3]
[5.27]
[5.29]
[5.29]
[5.29]
[5.3]
[5.3]
[5.34]
[5.31]
[5.31]
[5.32]
[5.32]
[5.31]
[5.33]
[5.32]
[5.32]
[5.31]
[5.33]
[5.32]
[5.34]
[5.34]
[5.89]
[5.74]
[5.51]
[5.5]
[7.49]
[7.16]
[5.55]
[5.56]
[5.48]
[5.43]
[5.41]
[5.42]
[5.48]
[5.44]
[5.44]
[5.44]
[7.99]
[5.37]
[5.4]
[5.41]
[5.38]
[5.38]
[5.39]
[5.38]
[5.38]
[5.43]
[5.4]
[5.41]
[5.42]
[5.41]
[5.41]
[5.41]
[5.41]
[5.42]
[5.44]
[5.44]
[5.45]
[5.47]
[5.47]
[5.4]
[5.42]
[5.44]
[5.46]
[5.47]
[5.46]
[5.46]
[5.47]
[5.47]
[5.42]
[5.48]
[5.49]
[5.48]
[5.46]
[5.46]
[5.5]
[5.51]
[5.48]
[5.46]
[9.04]
[9.13]
[9.13]
[9.16]
[9.17]
[9.17]
[9.19]
[9.21]
[9.24]
[9.24]
[9.22]
[9.2]
[9.27]
[9.28]
[9.28]
[9.29]
[9.32]
[9.33]
[9.33]
[9.34]
[9.36]
[9.37]
[9.38]
[9.41]
[9.41]
[9.41]
[9.41]
[9.42]
[9.83]
[9.49]
[9.52]
[12.18]
[12.29]
[12.29]
[12.33]
[12.37]
[12.42]
[12.45]
[12.39]
[15.27]
[16.55]
[14.11]
[12.06]
[12.15]
[12.22]
[12.2]
[14.89]
[12.24]
[12.29]
[12.3]
[12.82]
[12.19]
[12.16]
[12.29]
[12.32]
[12.3]
[12.41]
[12.47]
[12.46]
[12.66]
[12.65]
[14.68]
[15.59]
[15.66]
[15.62]
[15.61]
[15.62]
[15.55]
[15.55]
[15.53]
[15.48]
[15.58]
[15.63]
[15.67]
[15.73]
[15.76]
[15.69]
[15.74]
[15.74]
[15.7]
[15.75]
[15.81]
[15.74]
[15.69]
[15.67]
[15.67]
[15.69]
[15.71]
[15.78]
[15.82]
[15.85]
[15.84]
[15.82]
[15.81]
[15.68]
[15.65]
[15.45]
[15.76]
[15.72]
[15.72]
[15.72]
[15.86]
[15.62]
[15.55]
[15.84]
[15.47]
[15.85]
[15.91]
[15.89]
[15.6]
[15.96]
[15.99]
[15.84]
[15.77]
[15.99]
[15.57]
[15.56]
[15.78]
[15.69]
[15.67]
[15.63]
[15.75]
[15.5]
[15.92]
[15.96]
[15.99]
[16.2]
[15.99]
[15.99]
[15.96]
[15.93]
[15.94]
[15.96]
[15.89]
[15.75]
[15.57]
[14.85]
[16.98]
[17.18]
[17.15]
[16.64]
[16.94]
[16.89]
[16.85]
[16.85]
[16.82]
[22.09]
[48.14]
[54.09]
[52.25]
[50.82]
[26.21]
[24.32]
[46.38]
[54.6]
[55.32]
[58.59]
[42.22]
[59.61]
[52.27]
[91.07]
[134.99]
[99.13]
[93.08]
[89.49]
[90.15]
[90.7]
[92.91]
[90.54]
[92.41]
[91.17]
[89.85]
[54.37]
[55.31]
[91.98]
[89.63]
[92.51]
[92.65]
[53.92]
[58.15]
[118.86]
[121.02]
[128.01]
[129.11]
[130.04]
[130.07]
[129.96]
[130.52]
[93.73]
[94.19]
[93.43]
[94.32]
[94.03]
[49.04]
[42.92]
[63.69]
[56.03]
[54.7]
[38.34]
[11.79]
[11.72]
[12.96]
[33.11]
[57.23]
[47.44]
[52.93]
[38.46]
[13.38]
[10.84]
[32.12]
[12.86]
[13.04]
[11.96]
[9.06]
[9.09]
[9.87]
[13.99]
[13.87]
[12.77]
[11.54]
[13.62]
[10.08]
[9.89]
[11.66]
[11.41]
[10.97]
[12.27]
[12.58]
[13.52]
[14.11]
[18.19]
[19.12]
[13.6]
[13.55]
[13.48]
[13.43]
[13.64]
[13.07]
[13.76]
[13.75]
[12.85]
[13.71]
[11.22]
[9.92]
[11.7]
[12.05]
[15.5]
[15.5]
[20.41]
[11.86]
[11.21]
[12.16]
[10.03]
[8.58]
[11.93]
[24.96]
[9.81]
[9.12]
[11.89]
[11.97]
[19.72]
[18.14]
[16.04]
[11.71]
[13.74]
[39.18]
[46.43]
[42.22]
[40.7]
[29.17]
[11.6]
[7.7]
[7.77]
[5.18]
[5.21]
[5.24]
[5.27]
[5.28]
[5.29]
[5.31]
[5.33]
[5.34]
[5.35]
[5.36]
[5.37]
[5.38]
[5.39]