0.8951590595427434, 0.9026348653024827, 7.64166329634222, 197.10053392405197[9.931535]
[7.292862]
[6.2184343]
[8.165788]
[7.2247934]
[4.0424185]
[3.5336509]
[3.5267234]
[3.557197]
[3.5530102]
[3.5231752]
[3.5403569]
[3.519312]
[5.6382847]
[6.089421]
[6.1235285]
[6.207942]
[6.7995725]
[7.558095]
[7.809829]
[7.282279]
[6.6831512]
[6.5412354]
[6.4393926]
[6.4164686]
[6.4344745]
[6.4306946]
[6.3914537]
[6.340361]
[6.2823033]
[6.306796]
[6.379932]
[6.338891]
[6.440649]
[6.441669]
[6.428432]
[6.4487376]
[6.702983]
[10.077157]
[7.4360995]
[6.871053]
[7.1148543]
[7.217485]
[7.109061]
[8.727031]
[8.97251]
[8.948992]
[8.908021]
[9.039518]
[9.206108]
[9.346685]
[9.238832]
[9.082704]
[9.002618]
[8.989622]
[8.926947]
[8.943541]
[8.974785]
[8.948458]
[8.931428]
[8.957007]
[8.965092]
[8.973409]
[8.988276]
[9.048604]
[9.102551]
[9.306293]
[9.471906]
[9.367323]
[9.3564]
[12.022004]
[6.979561]
[8.430677]
[9.089967]
[35.295055]
[15.344196]
[11.141372]
[11.236645]
[11.183747]
[11.2368355]
[11.357976]
[11.5039625]
[11.580662]
[11.603493]
[11.721874]
[11.571805]
[11.494257]
[11.5847435]
[11.856805]
[11.796518]
[11.740714]
[11.652955]
[11.943514]
[12.117881]
[11.878304]
[11.910009]
[12.035665]
[11.891081]
[11.8627615]
[11.518413]
[11.743115]
[12.13626]
[12.212284]
[12.494618]
[12.641069]
[12.908647]
[16.291605]
[17.151709]
[17.900112]
[33.77556]
[44.15827]
[28.226702]
[61.624847]
[68.94956]
[84.47813]
[91.43404]
[122.55093]
[89.920525]
[68.63836]
[57.97503]
[60.104576]
[57.168182]
[52.617638]
[48.82658]
[49.892685]
[46.320824]
[38.42234]
[46.24572]
[48.104168]
[45.840656]
[46.73023]
[49.143417]
[29.400068]
[25.796104]
[39.958214]
[45.919685]
[41.840458]
[45.463875]
[41.42525]
[20.814743]
[20.798609]
[42.904972]
[47.30167]
[65.70887]
[93.71021]
[132.23866]
[164.89748]
[174.22818]
[203.2081]
[174.58972]
[141.57822]
[136.46323]
[123.24466]
[101.154236]
[84.71375]
[108.65924]
[112.88165]
[114.287704]
[116.972115]
[124.486824]
[100.769394]
[92.37162]
[90.825294]
[90.16533]
[86.48878]
[86.48541]
[90.32705]
[66.86533]
[58.290638]
[68.47505]
[68.898895]
[67.05499]
[64.70004]
[67.42884]
[59.210556]
[56.065304]
[52.209717]
[54.142056]
[40.84313]
[52.565277]
[52.685997]
[46.435143]
[43.77333]
[54.34563]
[49.07954]
[43.745354]
[40.691936]
[42.113552]
[38.409683]
[39.509113]
[43.840508]
[56.22105]
[63.439777]
[57.887985]
[62.901295]
[56.035305]
[53.068825]
[88.64603]
[90.308846]
[88.06462]
[81.53838]
[77.42646]
[78.38315]
[75.798195]
[80.59769]
[89.31081]
[86.55213]
[93.66401]
[95.99273]
[66.8586]
[61.556664]
[72.83701]
[56.11351]
[70.31712]
[49.399303]
[62.40298]
[35.100376]
[23.762749]
[45.48134]
[34.34602]
[33.16473]
[25.508831]
[29.243454]
[20.592653]
[14.9124975]
[19.686697]
[26.516674]
[34.438858]
[35.201733]
[38.83648]
[27.810904]
[16.924515]
[40.719685]
[45.52295]
[38.477036]
[35.84058]
[21.780205]
[18.45901]
[18.284443]
[23.935663]
[30.475328]
[36.854702]
[34.931347]
[39.328285]
[18.877382]
[13.906404]
[36.797672]
[37.293835]
[36.655285]
[35.96443]
[34.7471]
[19.179811]
[14.906029]
[27.284355]
[30.403898]
[23.148838]
[29.598433]
[29.36581]
[15.656907]
[10.433917]
[23.453781]
[26.434904]
[24.85324]
[23.626219]
[21.831497]
[17.88864]
[13.724366]
[18.173618]
[21.02316]
[16.05957]
[16.725054]
[35.45502]
[19.38343]
[13.97664]
[23.628258]
[26.376963]
[24.455595]
[23.408522]
[22.01663]
[11.688525]
[7.0720935]
[18.976416]
[19.408842]
[21.595325]
[21.985409]
[20.571201]
[10.551946]
[6.0803347]
[5.4305515]
[4.268581]
[3.9626305]
[4.2739053]
[4.3157864]
[4.1790404]
[4.0672703]
[3.905402]
[3.9827065]
[3.9008589]
[3.8972712]
[3.7619631]
[3.7231112]
[3.6964772]
[3.70178]
[3.5990193]
[3.572097]
[3.5455568]
[3.517834]
[3.517834]
[3.517834]
[3.517834]
[3.3710814]
[5.3183694]
[10.73955]
[10.774054]
[12.625968]
[8.061154]
[8.530324]
[9.454548]
[14.046488]
[12.656189]
[10.724281]
[7.5555377]
[4.496908]
[7.109502]
[7.8177958]
[6.6347857]
[6.835702]
[7.37683]
[8.89752]
[9.167706]
[7.9165177]
[8.91364]
[16.27141]
[10.77146]
[9.476235]
[6.0409083]
[9.126739]
[9.83878]
[9.544322]
[4.4178586]
[3.5390952]
[3.5544496]
[4.1770515]
[7.28665]
[7.473477]
[7.574374]
[5.074928]
[3.7241142]
[3.582393]
[3.604079]
[3.5797698]
[3.5964074]
[4.78931]
[3.8284328]
[3.6137226]
[3.6129289]
[3.6312015]
[3.565831]
[3.6953466]
[3.7758071]
[3.8391855]
[3.7765577]
[3.680036]
[3.6447153]
[3.6044567]
[3.617837]
[3.6504657]
[3.790569]
[3.8129494]
[3.7882285]
[3.6688323]
[3.6838183]
[3.643225]
[3.6636925]
[3.6636946]
[3.66972]
[5.5810256]
[5.962811]
[10.713588]
[7.0168457]
[6.179699]
[7.333401]
[7.219597]
[6.3356404]
[9.300983]
[8.856585]
[7.1326466]
[8.63896]
[9.235391]
[7.332933]
[6.9215827]
[9.335649]
[10.026698]
[10.0865755]
[10.033552]
[14.967994]
[9.93003]
[7.6702743]
[10.903473]
[14.77744]
[18.30815]
[13.015434]
[10.460307]
[9.665656]
[8.46]
[8.391793]
[9.243948]
[9.489688]
[10.274632]
[10.449864]
[9.726063]
[9.65162]
[10.459291]
[10.329436]
[10.170994]
[10.792771]
[11.007665]
[10.012875]
[9.387755]
[10.266469]
[10.599388]
[10.574862]
[10.577564]
[10.175584]
[9.525165]
[9.808725]
[10.264525]
[11.486536]
[11.227224]
[10.208885]
[10.949101]
[10.958694]
[10.583652]
[11.0333805]
[10.993032]
[10.251601]
[11.918575]
[11.576627]
[11.604426]
[11.571366]
[11.456777]
[11.417464]
[11.427132]
[11.587972]
[11.561476]
[13.639295]
[17.076845]
[16.25731]
[12.297464]
[11.733787]
[12.02321]
[12.130817]
[12.334203]
[12.229482]
[12.118601]
[12.155905]
[12.256817]
[12.452399]
[12.50322]
[12.514869]
[12.305813]
[12.135569]
[12.122815]
[12.096701]
[12.234955]
[12.377834]
[12.389106]
[12.368081]
[12.309492]
[12.229418]
[12.320738]
[12.429331]
[12.3608675]
[12.282592]
[12.213465]
[12.245106]
[12.373979]
[12.281857]
[12.3607435]
[12.452532]
[12.48972]
[12.452043]
[12.34696]
[12.35684]
[12.284097]
[12.285211]
[12.384545]
[12.540594]
[12.481267]
[12.406431]
[12.386458]
[12.399385]
[12.483825]
[12.526282]
[12.460077]
[12.4312725]
[12.452974]
[12.726886]
[12.993944]
[13.211695]
[12.041605]
[20.034445]
[42.524643]
[30.495098]
[11.908096]
[10.01877]
[12.239935]
[12.730233]
[13.188534]
[13.341379]
[13.077689]
[12.879443]
[12.740715]
[12.656299]
[12.600943]
[12.385668]
[12.412594]
[12.546403]
[13.235472]
[12.531026]
[12.399966]
[12.35402]
[12.413344]
[11.882495]
[12.226087]
[10.472666]
[10.118061]
[9.835301]
[9.639809]
[9.924741]
[11.225152]
[10.345741]
[10.175828]
[10.035757]
[9.956596]
[9.895995]
[9.74098]
[9.7933445]
[9.806843]
[9.783337]
[9.715181]
[9.632094]
[9.601042]
[9.553931]
[9.48236]
[9.430408]
[9.556978]
[9.883798]
[10.378556]
[10.661991]
[10.892902]
[10.200543]
[9.948354]
[9.9448]
[9.824011]
[9.936747]
[8.532037]
[8.217551]
[7.974706]
[7.7339883]
[7.766234]
[7.7215104]
[7.68404]
[7.6388655]
[7.630825]
[7.58338]
[7.5273523]
[7.5480037]
[7.4921355]
[7.514025]
[7.5236073]
[7.4920654]
[7.505918]
[7.491076]
[7.472898]
[7.4302382]
[7.4036427]
[7.3833356]
[7.3527884]
[7.3479424]
[7.353806]
[7.3874245]
[7.362879]
[7.327151]
[7.365078]
[7.350938]
[6.955869]
[6.912494]
[6.7995567]
[6.6292396]
[6.553347]
[6.5621967]
[6.6345515]
[6.633612]
[6.6071124]
[6.518265]
[6.5077767]
[6.717667]
[7.0516105]
[7.2775292]
[7.0548015]
[6.9113975]
[6.7854176]
[6.6904655]
[6.6382523]
[6.608326]
[6.607005]
[6.59238]
[6.5398116]
[6.54576]
[6.50655]
[6.481276]
[6.584474]
[6.6997886]
[6.67886]
[6.6956778]
[6.691338]
[6.319988]
[6.175233]
[6.0392327]
[5.9940195]
[5.9649568]
[5.979755]
[6.0197964]
[6.0007405]
[5.9645195]
[5.969604]
[5.980759]
[5.965268]
[5.9799476]
[5.991177]
[5.9795394]
[5.9735737]
[6.0047746]
[5.997204]
[5.9993315]
[5.9610405]
[6.0394883]
[6.049809]
[6.017965]
[6.05075]
[6.0971966]
[6.0889344]
[6.103778]
[6.103267]
[6.1370006]
[6.1947694]
[5.088993]
[4.882875]
[4.7904696]
[4.420702]
[4.3882036]
[4.358496]
[4.375488]
[4.39044]
[4.3641777]
[4.3919563]
[4.41519]
[4.4027414]
[4.3961926]
[4.4106402]
[4.441979]
[4.446928]
[4.4283905]
[4.4298797]
[4.443242]
[4.4626794]
[4.510096]
[4.465705]
[4.457951]
[4.443468]
[4.446848]
[4.435334]
[4.4227633]
[4.4102807]
[4.4101562]
[4.300726]
[4.347364]
[4.294849]
[4.5723124]
[4.5547915]
[7.4891005]
[4.954109]
[5.667853]
[5.859554]
[4.53526]
[4.315791]
[4.260784]
[4.2055645]
[4.398332]
[4.1959333]
[4.364292]
[4.181554]
[4.334863]
[4.156568]
[5.9931183]
[4.6194835]
[4.2748337]
[4.2554746]
[4.2366815]
[4.2178764]
[4.199017]
[4.0147634]
[4.1498146]
[4.154289]
[5.9085493]
[4.303045]
[3.972473]
[4.0756598]
[3.9504635]
[3.94005]
[4.028744]
[3.9223099]
[3.9969983]
[3.9747999]
[3.900807]
[3.9516914]
[3.891472]
[3.8545444]
[3.847401]
[3.8876119]
[3.8407934]
[3.8610072]
[3.8164568]
[3.8256176]
[3.8230588]
[3.8022263]
[3.7420635]
[3.793511]
[3.7682564]
[3.7499034]
[3.7613933]
[3.719509]
[3.724529]
[3.7306075]
[3.673278]
[3.6718783]
[6.539438]
[6.588235]
[6.9705653]
[6.630115]
[6.987566]
[7.105219]
[7.0734506]
[7.0644765]
[7.7189302]
[7.1928725]
[7.7244353]
[7.1968503]
[7.730783]
[7.201938]
[7.739939]
[7.871463]
[7.2238507]
[7.165887]
[7.2162347]
[7.3239307]
[7.4457216]
[7.5469613]
[7.561761]
[7.9171734]
[7.6999927]
[8.227868]
[8.00816]
[7.780427]
[8.508648]
[8.623882]
[8.608105]
[10.35084]
[10.604531]
[10.580836]
[11.10752]
[10.618323]
[11.052419]
[11.637171]
[11.675315]
[14.505577]
[15.947369]
[14.334624]
[11.341341]
[11.380395]
[11.412597]
[11.861287]
[14.951717]
[12.219417]
[11.771373]
[11.724637]
[12.1341505]
[11.216307]
[11.024463]
[11.071845]
[11.130042]
[11.140321]
[11.39504]
[11.565107]
[11.206354]
[11.228418]
[11.139278]
[12.074615]
[12.43717]
[12.543181]
[12.588578]
[12.20854]
[12.215164]
[11.904697]
[12.003007]
[12.332072]
[10.19597]
[18.137508]
[15.940595]
[11.848488]
[14.764109]
[11.046429]
[14.579198]
[15.325064]
[15.373479]
[15.361023]
[15.245424]
[14.944754]
[14.719511]
[14.532331]
[14.357895]
[14.577747]
[12.815821]
[13.378744]
[13.701886]
[14.214453]
[14.150689]
[13.598078]
[13.160455]
[12.894484]
[13.308941]
[11.242717]
[13.106784]
[15.323245]
[15.660651]
[16.294561]
[16.3631]
[15.081293]
[14.604523]
[15.443554]
[15.451684]
[15.7186365]
[16.260954]
[15.993119]
[16.026972]
[15.5843315]
[15.665031]
[15.599186]
[15.304375]
[15.10644]
[15.229078]
[14.853386]
[14.74991]
[15.028202]
[14.957836]
[14.43071]
[14.024837]
[13.943191]
[13.515879]
[13.783697]
[13.943896]
[14.037249]
[14.296807]
[14.453269]
[14.151189]
[14.026352]
[13.771406]
[13.9947195]
[13.89379]
[13.97205]
[19.594498]
[21.3187]
[15.3164835]
[25.476105]
[22.841623]
[20.88717]
[20.6973]
[18.378908]
[3.878562]
[12.721454]
[14.962575]
[14.652221]
[18.30652]
[34.805347]
[40.73958]
[45.2206]
[50.31887]
[42.819847]
[35.55713]
[54.588127]
[61.596424]
[61.656067]
[61.993725]
[52.216675]
[66.08519]
[79.937]
[88.59469]
[121.086464]
[108.76192]
[112.21661]
[97.47947]
[99.35871]
[95.85971]
[96.707]
[91.61982]
[88.63528]
[85.42774]
[83.16161]
[66.128914]
[64.859795]
[85.20606]
[84.44761]
[83.68891]
[85.5609]
[73.433846]
[75.13955]
[107.46759]
[119.312195]
[130.01306]
[128.082]
[125.858536]
[126.291435]
[126.50687]
[123.29247]
[97.46387]
[96.067924]
[92.44871]
[92.03601]
[89.7244]
[59.2226]
[49.614746]
[59.190594]
[54.13367]
[50.58894]
[40.048664]
[21.58238]
[17.904854]
[18.332819]
[31.436314]
[44.315968]
[39.27078]
[40.988804]
[33.415592]
[17.964148]
[13.441953]
[27.51727]
[17.20994]
[14.285182]
[13.692816]
[11.18451]
[10.561598]
[10.636478]
[13.1552]
[13.200076]
[12.126228]
[11.055938]
[11.921575]
[10.056118]
[9.527582]
[10.798917]
[10.645673]
[9.962114]
[10.524886]
[10.630151]
[10.899075]
[11.294092]
[13.430051]
[14.1879015]
[10.739986]
[10.239418]
[10.911429]
[11.226718]
[11.142557]
[10.526104]
[10.6254835]
[10.620107]
[9.89592]
[10.387422]
[8.807636]
[7.6938124]
[8.842028]
[9.866501]
[12.087846]
[12.489107]
[15.593996]
[11.47733]
[10.893623]
[11.142681]
[9.612813]
[7.977358]
[9.415327]
[17.09318]
[9.192886]
[7.059449]
[8.3111725]
[8.546322]
[12.638414]
[12.493783]
[10.912734]
[8.275503]
[8.729583]
[21.921238]
[26.274323]
[25.031172]
[23.988285]
[18.880394]
[11.548121]
[7.4742956]
[7.5779057]
[5.342493]
[4.7804046]
[4.4722548]
[4.2439485]
[3.70467]
[3.9426572]
[3.8751283]
[4.098824]
[3.6778686]
[3.8454912]
[3.7096934]
[3.5803995]
[3.6403735][10.25]
[9.45]
[13.02]
[10.69]
[5.31]
[5.25]
[5.26]
[5.31]
[5.31]
[5.3]
[5.29]
[5.3]
[9.25]
[9.31]
[9.28]
[9.29]
[9.27]
[9.26]
[9.25]
[9.26]
[9.26]
[9.27]
[9.25]
[9.25]
[9.32]
[9.28]
[9.26]
[9.22]
[9.21]
[9.23]
[9.23]
[9.06]
[9.24]
[9.25]
[9.24]
[9.29]
[9.55]
[9.28]
[9.27]
[9.27]
[9.25]
[9.24]
[9.28]
[12.21]
[12.29]
[12.32]
[12.27]
[12.3]
[12.29]
[12.25]
[12.25]
[12.25]
[12.29]
[12.3]
[12.3]
[12.31]
[12.36]
[12.34]
[12.35]
[12.36]
[12.37]
[12.39]
[12.39]
[12.4]
[12.36]
[12.39]
[12.4]
[12.41]
[12.52]
[12.25]
[12.25]
[12.03]
[12.31]
[26.75]
[15.2]
[15.05]
[15.12]
[15.03]
[15.09]
[15.17]
[15.22]
[15.41]
[15.4]
[15.43]
[15.24]
[15.14]
[15.08]
[15.29]
[15.3]
[15.23]
[15.22]
[15.17]
[15.21]
[15.24]
[15.21]
[15.26]
[15.09]
[15.03]
[14.94]
[15.09]
[15.28]
[15.3]
[15.52]
[15.38]
[15.46]
[15.26]
[15.55]
[15.54]
[15.27]
[22.36]
[17.87]
[15.85]
[42.75]
[82.22]
[94.05]
[93.25]
[90.97]
[55.68]
[49.63]
[58.09]
[56.67]
[54.59]
[53.59]
[58.05]
[53.08]
[41.74]
[57.88]
[58.89]
[56.17]
[56.45]
[59.98]
[24.57]
[23.68]
[48.95]
[58.59]
[52.66]
[61.65]
[55.39]
[15.63]
[15.57]
[49.45]
[48.02]
[57.5]
[95.04]
[91.35]
[127.12]
[159.08]
[215.85]
[192.9]
[144.63]
[136.75]
[131.02]
[99.64]
[86.83]
[129.19]
[131.03]
[129.73]
[130.49]
[130.52]
[92.3]
[87.76]
[90.33]
[91.84]
[90.24]
[92.4]
[96.82]
[52.74]
[45.22]
[55.96]
[60.38]
[51.61]
[55.5]
[62.81]
[54.04]
[56.12]
[53.08]
[60.33]
[38.11]
[64.66]
[62.07]
[50.21]
[45.53]
[67.12]
[58.52]
[53.52]
[50.52]
[53.77]
[41.06]
[38.17]
[35.45]
[50.08]
[57.71]
[43.73]
[61.41]
[54.5]
[42.43]
[96.98]
[93.31]
[95.73]
[93.08]
[91.61]
[94.94]
[85.74]
[88.4]
[98.74]
[90.94]
[95.37]
[98.5]
[45.13]
[47.61]
[67.66]
[39.1]
[71.69]
[37.29]
[69.59]
[19.53]
[12.7]
[49.99]
[27.12]
[31.05]
[19.21]
[28.46]
[14.31]
[9.94]
[17.83]
[28.86]
[44.83]
[46.46]
[52.06]
[24.01]
[9.42]
[50.97]
[57.23]
[44.2]
[37.8]
[12.15]
[9.41]
[10.47]
[20.43]
[33.31]
[48.25]
[44.01]
[55.45]
[12.7]
[10.36]
[51.64]
[50.92]
[50.38]
[49.93]
[49.1]
[13.79]
[10.13]
[29.22]
[34.2]
[23.2]
[39.35]
[38.77]
[14.08]
[10.2]
[32.49]
[35.58]
[33.86]
[32.24]
[29.9]
[23.23]
[16.87]
[24.9]
[28.37]
[17.49]
[16.74]
[47.53]
[16.06]
[15.03]
[32.65]
[36.66]
[33.79]
[32.62]
[31.6]
[12.79]
[8.68]
[29.3]
[28.48]
[33.01]
[32.79]
[29.71]
[12.11]
[7.79]
[7.39]
[5.3]
[5.33]
[5.36]
[5.41]
[5.44]
[5.46]
[5.48]
[5.51]
[5.52]
[5.54]
[5.55]
[5.56]
[5.57]
[5.58]
[5.41]
[5.59]
[5.59]
[5.59]
[5.59]
[5.59]
[5.59]
[5.52]
[9.82]
[15.53]
[16.95]
[20.82]
[11.7]
[14.18]
[15.4]
[23.39]
[19.41]
[16.47]
[11.42]
[6.71]
[12.54]
[12.67]
[10.63]
[11.37]
[12.05]
[14.44]
[14.47]
[12.32]
[14.46]
[13.82]
[14.57]
[14.58]
[8.47]
[14.78]
[14.81]
[14.47]
[5.31]
[5.31]
[5.29]
[6.65]
[12.03]
[10.97]
[11.68]
[7.09]
[5.32]
[5.32]
[5.33]
[5.32]
[5.32]
[7.66]
[5.32]
[5.32]
[5.32]
[5.29]
[5.21]
[5.09]
[5.1]
[5.1]
[5.1]
[5.11]
[5.11]
[5.1]
[5.12]
[5.22]
[5.48]
[5.49]
[5.27]
[5.12]
[5.13]
[5.12]
[5.12]
[5.11]
[5.16]
[8.76]
[8.76]
[8.94]
[8.95]
[8.95]
[10.8]
[10.34]
[8.93]
[12.82]
[12.41]
[9.78]
[12.71]
[13.05]
[9.78]
[9.61]
[13.47]
[13.71]
[13.82]
[13.8]
[20.11]
[12.1]
[10.21]
[15.44]
[19.36]
[24.22]
[16.35]
[13.82]
[12.91]
[11.05]
[11.21]
[12.63]
[12.73]
[13.93]
[14.]
[12.75]
[12.72]
[14.06]
[13.64]
[13.18]
[14.13]
[14.47]
[12.97]
[12.08]
[13.53]
[13.92]
[14.]
[14.03]
[13.47]
[12.53]
[12.61]
[12.89]
[13.87]
[13.64]
[12.29]
[13.75]
[12.77]
[12.77]
[13.97]
[13.97]
[12.95]
[15.58]
[14.78]
[14.97]
[14.82]
[14.67]
[14.69]
[14.7]
[14.81]
[14.7]
[17.5]
[18.04]
[19.37]
[14.58]
[14.62]
[14.69]
[14.75]
[14.6]
[14.39]
[14.42]
[14.49]
[14.55]
[14.59]
[14.62]
[14.6]
[14.31]
[14.23]
[14.12]
[14.15]
[14.3]
[14.52]
[14.49]
[14.43]
[14.23]
[14.17]
[14.28]
[14.37]
[14.29]
[14.2]
[14.09]
[14.11]
[14.23]
[14.04]
[14.13]
[14.15]
[14.07]
[14.02]
[13.88]
[13.88]
[13.78]
[13.82]
[13.92]
[14.08]
[13.97]
[13.86]
[13.82]
[13.83]
[13.99]
[14.01]
[13.84]
[13.78]
[13.71]
[13.96]
[14.1]
[13.99]
[13.72]
[16.98]
[13.92]
[13.67]
[13.53]
[13.42]
[13.41]
[13.36]
[14.17]
[14.52]
[14.48]
[14.44]
[14.41]
[14.38]
[14.37]
[14.35]
[14.34]
[14.31]
[15.25]
[14.32]
[14.31]
[14.29]
[14.29]
[14.58]
[14.56]
[12.15]
[11.95]
[11.88]
[11.87]
[11.82]
[13.39]
[11.95]
[11.94]
[11.89]
[11.86]
[11.86]
[11.84]
[11.83]
[11.81]
[11.86]
[11.86]
[11.8]
[11.8]
[11.79]
[11.78]
[11.77]
[11.96]
[11.94]
[11.9]
[11.85]
[11.35]
[11.83]
[11.8]
[12.]
[12.06]
[12.03]
[9.66]
[9.6]
[9.59]
[9.63]
[9.74]
[9.73]
[9.68]
[9.68]
[9.7]
[9.68]
[9.68]
[9.67]
[9.67]
[9.73]
[9.77]
[9.75]
[9.77]
[9.77]
[9.77]
[9.74]
[9.74]
[9.73]
[9.72]
[9.75]
[9.75]
[9.79]
[9.77]
[9.77]
[9.78]
[9.77]
[9.09]
[9.09]
[8.91]
[8.69]
[8.69]
[8.66]
[8.69]
[8.7]
[8.7]
[8.66]
[8.67]
[8.77]
[8.78]
[8.78]
[8.77]
[8.78]
[8.77]
[8.74]
[8.74]
[8.77]
[8.77]
[8.77]
[8.76]
[8.77]
[8.76]
[8.77]
[8.77]
[8.76]
[8.76]
[8.77]
[8.71]
[8.26]
[8.23]
[8.06]
[8.02]
[8.01]
[8.04]
[8.06]
[8.04]
[8.05]
[8.06]
[8.05]
[8.05]
[8.07]
[8.07]
[8.06]
[8.04]
[8.08]
[8.07]
[8.07]
[8.03]
[8.1]
[8.09]
[8.1]
[8.11]
[8.1]
[8.11]
[8.12]
[8.11]
[8.11]
[8.13]
[6.13]
[6.11]
[5.91]
[5.29]
[5.35]
[5.29]
[5.31]
[5.3]
[5.3]
[5.3]
[5.31]
[5.3]
[5.27]
[5.29]
[5.29]
[5.29]
[5.3]
[5.3]
[5.34]
[5.31]
[5.31]
[5.32]
[5.32]
[5.31]
[5.33]
[5.32]
[5.32]
[5.31]
[5.33]
[5.32]
[5.34]
[5.34]
[5.89]
[5.74]
[5.51]
[5.5]
[7.49]
[7.16]
[5.55]
[5.56]
[5.48]
[5.43]
[5.41]
[5.42]
[5.48]
[5.44]
[5.44]
[5.44]
[7.99]
[5.37]
[5.4]
[5.41]
[5.38]
[5.38]
[5.39]
[5.38]
[5.38]
[5.43]
[5.4]
[5.41]
[5.42]
[5.41]
[5.41]
[5.41]
[5.41]
[5.42]
[5.44]
[5.44]
[5.45]
[5.47]
[5.47]
[5.4]
[5.42]
[5.44]
[5.46]
[5.47]
[5.46]
[5.46]
[5.47]
[5.47]
[5.42]
[5.48]
[5.49]
[5.48]
[5.46]
[5.46]
[5.5]
[5.51]
[5.48]
[5.46]
[9.04]
[9.13]
[9.13]
[9.16]
[9.17]
[9.17]
[9.19]
[9.21]
[9.24]
[9.24]
[9.22]
[9.2]
[9.27]
[9.28]
[9.28]
[9.29]
[9.32]
[9.33]
[9.33]
[9.34]
[9.36]
[9.37]
[9.38]
[9.41]
[9.41]
[9.41]
[9.41]
[9.42]
[9.83]
[9.49]
[9.52]
[12.18]
[12.29]
[12.29]
[12.33]
[12.37]
[12.42]
[12.45]
[12.39]
[15.27]
[16.55]
[14.11]
[12.06]
[12.15]
[12.22]
[12.2]
[14.89]
[12.24]
[12.29]
[12.3]
[12.82]
[12.19]
[12.16]
[12.29]
[12.32]
[12.3]
[12.41]
[12.47]
[12.46]
[12.66]
[12.65]
[14.68]
[15.59]
[15.66]
[15.62]
[15.61]
[15.62]
[15.55]
[15.55]
[15.53]
[15.48]
[15.58]
[15.63]
[15.67]
[15.73]
[15.76]
[15.69]
[15.74]
[15.74]
[15.7]
[15.75]
[15.81]
[15.74]
[15.69]
[15.67]
[15.67]
[15.69]
[15.71]
[15.78]
[15.82]
[15.85]
[15.84]
[15.82]
[15.81]
[15.68]
[15.65]
[15.45]
[15.76]
[15.72]
[15.72]
[15.72]
[15.86]
[15.62]
[15.55]
[15.84]
[15.47]
[15.85]
[15.91]
[15.89]
[15.6]
[15.96]
[15.99]
[15.84]
[15.77]
[15.99]
[15.57]
[15.56]
[15.78]
[15.69]
[15.67]
[15.63]
[15.75]
[15.5]
[15.92]
[15.96]
[15.99]
[16.2]
[15.99]
[15.99]
[15.96]
[15.93]
[15.94]
[15.96]
[15.89]
[15.75]
[15.57]
[14.85]
[16.98]
[17.18]
[17.15]
[16.64]
[16.94]
[16.89]
[16.85]
[16.85]
[16.82]
[22.09]
[48.14]
[54.09]
[52.25]
[50.82]
[26.21]
[24.32]
[46.38]
[54.6]
[55.32]
[58.59]
[42.22]
[59.61]
[52.27]
[91.07]
[134.99]
[99.13]
[93.08]
[89.49]
[90.15]
[90.7]
[92.91]
[90.54]
[92.41]
[91.17]
[89.85]
[54.37]
[55.31]
[91.98]
[89.63]
[92.51]
[92.65]
[53.92]
[58.15]
[118.86]
[121.02]
[128.01]
[129.11]
[130.04]
[130.07]
[129.96]
[130.52]
[93.73]
[94.19]
[93.43]
[94.32]
[94.03]
[49.04]
[42.92]
[63.69]
[56.03]
[54.7]
[38.34]
[11.79]
[11.72]
[12.96]
[33.11]
[57.23]
[47.44]
[52.93]
[38.46]
[13.38]
[10.84]
[32.12]
[12.86]
[13.04]
[11.96]
[9.06]
[9.09]
[9.87]
[13.99]
[13.87]
[12.77]
[11.54]
[13.62]
[10.08]
[9.89]
[11.66]
[11.41]
[10.97]
[12.27]
[12.58]
[13.52]
[14.11]
[18.19]
[19.12]
[13.6]
[13.55]
[13.48]
[13.43]
[13.64]
[13.07]
[13.76]
[13.75]
[12.85]
[13.71]
[11.22]
[9.92]
[11.7]
[12.05]
[15.5]
[15.5]
[20.41]
[11.86]
[11.21]
[12.16]
[10.03]
[8.58]
[11.93]
[24.96]
[9.81]
[9.12]
[11.89]
[11.97]
[19.72]
[18.14]
[16.04]
[11.71]
[13.74]
[39.18]
[46.43]
[42.22]
[40.7]
[29.17]
[11.6]
[7.7]
[7.77]
[5.18]
[5.21]
[5.24]
[5.27]
[5.28]
[5.29]
[5.31]
[5.33]
[5.34]
[5.35]
[5.36]
[5.37]
[5.38]
[5.39]