0.9030534866600355, 0.9034573347084319, -2.3723514195396014, 189.53457418809128[13.274457]
[10.88099]
[9.939867]
[11.609325]
[10.713344]
[7.7963724]
[7.3065896]
[7.3249807]
[7.2899714]
[7.286286]
[7.230764]
[7.1993985]
[7.212167]
[9.23386]
[9.635854]
[9.611343]
[9.776973]
[10.750599]
[12.270902]
[12.257523]
[11.100002]
[10.5247755]
[10.319371]
[10.220811]
[10.136774]
[10.155554]
[10.14533]
[10.077958]
[9.964133]
[9.885994]
[9.860334]
[10.02038]
[10.051965]
[10.0412855]
[10.014949]
[10.034928]
[9.9603615]
[10.260305]
[13.532105]
[10.992652]
[10.780032]
[11.243812]
[11.284077]
[10.986092]
[12.284048]
[12.424436]
[12.382114]
[12.381393]
[12.521542]
[12.954526]
[13.025498]
[12.758326]
[12.508395]
[12.479709]
[12.345655]
[12.302817]
[12.307369]
[12.306824]
[12.220951]
[12.203002]
[12.214442]
[12.190696]
[12.150557]
[12.215347]
[12.266132]
[12.453223]
[12.877925]
[12.892575]
[12.631169]
[12.725714]
[14.902331]
[10.42236]
[11.76679]
[12.26292]
[37.378246]
[17.451591]
[13.816562]
[13.801844]
[13.746328]
[13.784705]
[13.928977]
[14.001448]
[13.966484]
[14.043096]
[14.100774]
[13.918684]
[13.959532]
[14.102246]
[14.280078]
[14.146791]
[14.211961]
[14.228046]
[14.652071]
[14.516027]
[14.262609]
[14.380493]
[14.394083]
[14.207288]
[14.15012]
[13.861083]
[14.280075]
[14.728244]
[14.556786]
[14.870547]
[15.075377]
[15.65354]
[19.248579]
[22.298992]
[20.4388]
[33.560642]
[48.002537]
[31.312044]
[62.83099]
[65.38331]
[77.584595]
[85.66879]
[120.32711]
[90.83344]
[62.13277]
[55.640007]
[58.789764]
[56.229805]
[51.604893]
[48.625946]
[50.15582]
[47.017303]
[39.159664]
[47.078625]
[49.31165]
[47.035645]
[47.83761]
[50.246082]
[30.40267]
[27.070267]
[40.535088]
[46.898438]
[43.496853]
[47.305473]
[43.62822]
[23.210337]
[23.472069]
[42.695442]
[47.23302]
[71.79841]
[101.26395]
[131.87636]
[155.3482]
[167.81088]
[196.58951]
[165.49797]
[132.2502]
[135.22716]
[120.950134]
[96.36425]
[82.7882]
[104.63165]
[109.60418]
[111.71635]
[114.227394]
[122.64548]
[104.91269]
[95.14629]
[87.87069]
[86.50737]
[85.1494]
[84.67935]
[88.80119]
[69.86681]
[61.53464]
[70.393135]
[69.2532]
[65.777176]
[64.63076]
[65.23206]
[57.521515]
[54.72438]
[51.22821]
[53.6347]
[40.75384]
[52.592808]
[53.305775]
[46.94982]
[43.90423]
[54.47032]
[49.961205]
[45.07708]
[42.17923]
[43.73611]
[39.463448]
[39.930153]
[43.27719]
[57.737106]
[63.166336]
[56.10202]
[61.10582]
[54.31163]
[54.3934]
[89.44957]
[88.80163]
[85.25808]
[79.86235]
[76.56734]
[77.843285]
[76.39405]
[80.68293]
[87.68907]
[85.577934]
[93.9484]
[96.49556]
[68.53659]
[65.55675]
[71.92166]
[52.461582]
[68.11661]
[48.407616]
[60.723797]
[34.88066]
[25.380068]
[44.373646]
[34.19898]
[33.18723]
[26.624653]
[29.803812]
[22.847265]
[18.596796]
[22.058825]
[27.7021]
[35.639988]
[37.057014]
[40.891277]
[29.212795]
[20.507233]
[40.800346]
[46.63872]
[39.7308]
[36.62774]
[24.133717]
[21.517223]
[21.336134]
[24.998749]
[30.978014]
[38.066635]
[36.60458]
[41.517715]
[21.578653]
[18.036055]
[37.939293]
[39.27266]
[39.106354]
[38.502834]
[37.20894]
[21.934465]
[19.179977]
[28.196442]
[31.203922]
[25.040258]
[31.138847]
[31.311815]
[18.970854]
[14.95029]
[25.457478]
[28.491356]
[27.217546]
[25.967033]
[24.38968]
[20.689112]
[17.274538]
[21.013144]
[23.492374]
[19.247831]
[20.130875]
[36.856953]
[21.790102]
[17.48793]
[25.655725]
[28.536863]
[26.926672]
[25.844555]
[24.621645]
[15.3696995]
[11.917929]
[21.558832]
[22.022356]
[24.263481]
[24.8297]
[23.236134]
[14.360655]
[10.774176]
[10.188231]
[9.107984]
[8.823243]
[9.126917]
[9.310387]
[9.062068]
[8.894175]
[8.765047]
[8.814988]
[8.788961]
[8.727733]
[8.603206]
[8.522493]
[8.516027]
[8.52327]
[8.425209]
[8.379606]
[8.316197]
[8.303307]
[8.303307]
[8.303307]
[8.303307]
[8.143973]
[9.821437]
[14.2600355]
[14.261826]
[15.877951]
[12.0144415]
[12.490852]
[13.145251]
[17.061659]
[15.8052]
[14.172131]
[11.474823]
[8.77098]
[11.129782]
[11.571276]
[10.5679035]
[10.745267]
[11.1861105]
[12.51847]
[12.69417]
[11.544521]
[12.422198]
[18.98582]
[13.94709]
[12.870308]
[9.800863]
[12.603155]
[13.019843]
[12.801063]
[8.256728]
[7.438242]
[7.4394145]
[8.031187]
[10.807055]
[10.915778]
[10.966701]
[8.687241]
[7.4169216]
[7.281885]
[7.292575]
[7.243295]
[7.2113595]
[8.446686]
[7.4061513]
[7.196061]
[7.2243166]
[7.187206]
[7.150353]
[7.314889]
[7.7436986]
[7.685671]
[7.5332265]
[7.4202805]
[7.277266]
[7.2426248]
[7.250371]
[7.2660937]
[7.3593316]
[7.3914065]
[7.397508]
[7.369932]
[7.213105]
[7.235698]
[7.2443824]
[7.237937]
[7.223881]
[9.07936]
[9.410736]
[13.633792]
[10.311246]
[9.521035]
[10.594843]
[10.354362]
[9.609376]
[12.255499]
[11.73696]
[10.216526]
[11.655801]
[12.07049]
[10.376797]
[10.124771]
[12.358443]
[12.904181]
[12.7837715]
[12.710016]
[17.161394]
[12.400892]
[10.544126]
[13.637759]
[16.910856]
[20.52468]
[15.226809]
[12.876339]
[12.1773815]
[11.005884]
[11.044017]
[11.8643875]
[12.002277]
[12.801245]
[12.934909]
[12.181821]
[12.174663]
[13.067917]
[12.683423]
[12.533496]
[13.334642]
[13.480936]
[12.439553]
[11.872468]
[12.874374]
[13.1834]
[13.116206]
[13.171878]
[12.726951]
[12.143953]
[11.835727]
[12.306341]
[13.607534]
[13.586505]
[11.921186]
[13.241072]
[13.187986]
[12.9498625]
[13.41523]
[13.409797]
[12.6297865]
[14.381036]
[13.962712]
[13.940705]
[13.900122]
[13.869096]
[13.860704]
[13.726619]
[13.919689]
[13.851551]
[15.733501]
[18.818588]
[17.71449]
[14.212084]
[13.63743]
[13.988231]
[13.924371]
[14.39606]
[14.132793]
[13.856179]
[13.709506]
[13.6478615]
[13.643745]
[13.629672]
[13.649947]
[13.476351]
[13.316459]
[13.263985]
[13.2862835]
[13.359851]
[13.504416]
[13.4942]
[13.486918]
[13.436215]
[13.399244]
[13.439003]
[13.560422]
[13.518325]
[13.42019]
[13.374516]
[13.408566]
[13.539818]
[13.475349]
[13.54581]
[13.641562]
[13.69884]
[13.703757]
[13.543962]
[13.606813]
[13.569529]
[13.524962]
[13.650626]
[13.730132]
[13.588082]
[13.439684]
[13.347024]
[13.290893]
[13.297079]
[13.330446]
[13.265242]
[13.219611]
[13.194106]
[13.287105]
[13.598894]
[13.945778]
[13.193913]
[25.7736]
[34.31812]
[16.704685]
[12.982249]
[12.443169]
[13.412831]
[15.113325]
[15.615586]
[15.546462]
[15.282897]
[15.174649]
[15.000298]
[14.990631]
[14.743186]
[14.619796]
[14.686232]
[14.642147]
[15.08414]
[14.473467]
[14.340998]
[14.252703]
[14.254813]
[13.690464]
[14.189275]
[12.925183]
[12.631272]
[12.4785795]
[12.786185]
[13.114431]
[14.07422]
[13.332641]
[12.943196]
[12.691587]
[12.556259]
[12.38855]
[12.358434]
[12.516136]
[12.344945]
[12.278506]
[12.180062]
[12.174545]
[12.162044]
[12.134314]
[12.014465]
[11.92698]
[12.512475]
[13.563942]
[14.375277]
[14.223694]
[13.923485]
[13.42096]
[13.158721]
[13.038525]
[13.0328]
[13.160038]
[12.391799]
[11.886374]
[11.629698]
[11.504041]
[11.547901]
[11.4576845]
[11.433049]
[11.317566]
[11.316498]
[11.193354]
[11.170985]
[11.169873]
[11.046775]
[11.1100235]
[11.038667]
[11.066599]
[11.0258255]
[11.009324]
[10.945627]
[10.898809]
[10.822229]
[10.7939625]
[10.711738]
[10.712338]
[10.717162]
[10.728386]
[10.650083]
[10.635973]
[10.703155]
[10.662016]
[10.388354]
[10.302518]
[10.179888]
[9.95205]
[9.908505]
[10.021877]
[10.062263]
[9.996105]
[9.906934]
[9.821935]
[10.036687]
[10.512804]
[11.346872]
[11.1678295]
[10.8778105]
[10.620974]
[10.428602]
[10.29596]
[10.190001]
[10.137638]
[10.164291]
[10.038292]
[10.001012]
[9.968782]
[9.837344]
[9.944423]
[10.260786]
[10.3602295]
[10.286081]
[10.4421]
[10.285541]
[9.823479]
[9.627044]
[9.499513]
[9.427821]
[9.358661]
[9.429287]
[9.443604]
[9.35089]
[9.278016]
[9.319687]
[9.263431]
[9.246073]
[9.252412]
[9.238275]
[9.17948]
[9.207007]
[9.166424]
[9.137164]
[9.07013]
[9.040897]
[9.125283]
[9.006502]
[8.984362]
[9.058163]
[9.067466]
[9.00415]
[9.064364]
[9.0799675]
[9.212308]
[9.25125]
[8.125806]
[7.9025984]
[7.728727]
[7.269345]
[7.240584]
[7.159123]
[7.209905]
[7.1615753]
[7.137127]
[7.199494]
[7.1595836]
[7.1378956]
[7.1187615]
[7.1227236]
[7.134066]
[7.071752]
[7.051842]
[7.129392]
[7.034649]
[7.0492015]
[7.128293]
[7.084435]
[7.0700917]
[7.0637393]
[7.073097]
[7.0699077]
[7.065118]
[7.0601826]
[7.0664783]
[7.0816116]
[7.014098]
[7.077474]
[7.3326693]
[7.3284483]
[10.327241]
[7.6746693]
[8.600505]
[8.781631]
[7.38008]
[7.1651125]
[7.1329484]
[7.0897446]
[7.3628016]
[7.095355]
[7.3417354]
[7.098866]
[7.3326592]
[7.0932817]
[9.015995]
[7.6494536]
[7.314176]
[7.3054867]
[7.297375]
[7.2893434]
[7.281174]
[7.0331254]
[7.25826]
[6.9782686]
[9.059355]
[7.391109]
[7.041233]
[7.243949]
[7.041562]
[7.0366473]
[7.22647]
[7.0397243]
[7.2057467]
[7.194852]
[7.0349655]
[7.191482]
[7.052919]
[7.0284224]
[7.038619]
[7.1749372]
[7.037996]
[7.1587286]
[7.0328636]
[7.049226]
[7.065981]
[7.1492324]
[6.9977903]
[7.0499735]
[7.1425133]
[7.02722]
[7.047247]
[7.1235313]
[7.0270047]
[7.1366363]
[7.0918374]
[6.9941216]
[9.843076]
[9.812795]
[10.1664095]
[9.813891]
[10.146838]
[10.211581]
[10.168403]
[10.14125]
[10.6704235]
[10.195485]
[10.629633]
[10.155431]
[10.588697]
[10.1153345]
[10.548953]
[10.51617]
[9.906011]
[9.79567]
[9.6972]
[9.603448]
[9.567526]
[9.520783]
[9.477031]
[9.746611]
[9.556083]
[9.977682]
[9.798017]
[9.588084]
[10.177799]
[10.238895]
[10.22014]
[11.624111]
[11.866166]
[11.845147]
[12.297128]
[11.889208]
[12.254402]
[12.79717]
[12.859081]
[15.669219]
[17.285578]
[15.7217]
[12.702431]
[12.628889]
[12.693718]
[13.093409]
[15.871148]
[13.321574]
[12.750672]
[12.629444]
[12.9198]
[12.034699]
[11.782511]
[11.781612]
[11.86262]
[11.882983]
[12.047925]
[12.064516]
[11.898925]
[12.005201]
[12.062026]
[13.375368]
[14.248344]
[14.686542]
[14.560545]
[13.8895645]
[13.392699]
[12.77744]
[12.531991]
[12.445087]
[12.087176]
[20.200785]
[16.661325]
[16.03006]
[15.148326]
[12.911198]
[15.692749]
[15.846351]
[15.745047]
[15.628122]
[15.605939]
[15.567109]
[15.474157]
[15.426799]
[15.3625555]
[14.854327]
[13.624683]
[14.661768]
[14.352507]
[14.994119]
[14.082932]
[14.118541]
[13.348353]
[13.274099]
[13.717672]
[13.184337]
[14.43822]
[13.721519]
[15.394593]
[16.275032]
[17.369774]
[17.201231]
[16.682236]
[16.828487]
[17.228256]
[17.39602]
[17.916264]
[17.816921]
[17.852636]
[17.312584]
[17.353561]
[17.213528]
[16.944017]
[16.773363]
[16.85736]
[16.587042]
[17.25433]
[17.775661]
[17.27387]
[16.645817]
[16.199736]
[16.10369]
[15.776624]
[16.15016]
[16.293877]
[16.254782]
[17.258493]
[16.785297]
[16.50346]
[16.39456]
[16.332552]
[16.691216]
[16.620481]
[17.160418]
[21.897087]
[23.806726]
[18.448492]
[25.876495]
[25.763704]
[21.932774]
[21.264833]
[20.645903]
[7.5718656]
[16.301954]
[18.195469]
[17.878849]
[20.732489]
[36.354733]
[41.643463]
[46.933407]
[51.793182]
[41.85722]
[38.208435]
[53.489216]
[63.25222]
[61.401344]
[60.11559]
[51.24575]
[68.94703]
[82.37705]
[89.193794]
[111.97788]
[103.849884]
[112.05227]
[99.564384]
[93.42782]
[92.26375]
[93.27586]
[89.70573]
[86.29698]
[83.31977]
[81.88834]
[69.23025]
[68.20301]
[83.09093]
[81.52635]
[82.222466]
[84.79474]
[80.35755]
[84.365105]
[104.67225]
[111.974815]
[131.54382]
[129.36378]
[121.869865]
[121.439476]
[125.03157]
[121.0226]
[94.388016]
[96.108025]
[92.543274]
[89.42219]
[88.08693]
[58.899166]
[48.55454]
[57.91675]
[53.73082]
[50.24706]
[40.00468]
[23.804226]
[21.037678]
[21.241203]
[31.557894]
[45.06426]
[40.751476]
[42.612823]
[35.019783]
[20.88813]
[17.552208]
[28.665628]
[20.24869]
[18.056568]
[17.563768]
[15.69927]
[15.074354]
[15.134577]
[17.028635]
[17.056738]
[16.201567]
[15.377038]
[16.03863]
[14.568339]
[14.243562]
[15.202518]
[15.079972]
[14.461907]
[14.877703]
[14.980197]
[15.128643]
[15.412672]
[17.097542]
[17.60695]
[14.916041]
[14.546082]
[15.187823]
[15.536734]
[15.34588]
[14.777349]
[14.874653]
[14.859883]
[14.287342]
[14.658222]
[13.4364]
[12.487981]
[13.461909]
[14.387558]
[16.153055]
[16.343546]
[18.848154]
[15.70117]
[15.395826]
[15.541079]
[14.138221]
[12.88368]
[13.958363]
[19.973568]
[13.641571]
[12.036641]
[13.002639]
[13.088909]
[16.344173]
[16.144302]
[14.954617]
[12.807419]
[13.187228]
[24.68511]
[29.84603]
[28.740452]
[27.468962]
[21.871714]
[15.579998]
[12.914124]
[12.312137]
[10.561091]
[9.89709]
[9.638403]
[9.401786]
[8.83869]
[9.003662]
[9.124326]
[9.2471]
[8.876948]
[8.917019]
[8.929259]
[8.709548]
[8.760634][10.25]
[9.45]
[13.02]
[10.69]
[5.31]
[5.25]
[5.26]
[5.31]
[5.31]
[5.3]
[5.29]
[5.3]
[9.25]
[9.31]
[9.28]
[9.29]
[9.27]
[9.26]
[9.25]
[9.26]
[9.26]
[9.27]
[9.25]
[9.25]
[9.32]
[9.28]
[9.26]
[9.22]
[9.21]
[9.23]
[9.23]
[9.06]
[9.24]
[9.25]
[9.24]
[9.29]
[9.55]
[9.28]
[9.27]
[9.27]
[9.25]
[9.24]
[9.28]
[12.21]
[12.29]
[12.32]
[12.27]
[12.3]
[12.29]
[12.25]
[12.25]
[12.25]
[12.29]
[12.3]
[12.3]
[12.31]
[12.36]
[12.34]
[12.35]
[12.36]
[12.37]
[12.39]
[12.39]
[12.4]
[12.36]
[12.39]
[12.4]
[12.41]
[12.52]
[12.25]
[12.25]
[12.03]
[12.31]
[26.75]
[15.2]
[15.05]
[15.12]
[15.03]
[15.09]
[15.17]
[15.22]
[15.41]
[15.4]
[15.43]
[15.24]
[15.14]
[15.08]
[15.29]
[15.3]
[15.23]
[15.22]
[15.17]
[15.21]
[15.24]
[15.21]
[15.26]
[15.09]
[15.03]
[14.94]
[15.09]
[15.28]
[15.3]
[15.52]
[15.38]
[15.46]
[15.26]
[15.55]
[15.54]
[15.27]
[22.36]
[17.87]
[15.85]
[42.75]
[82.22]
[94.05]
[93.25]
[90.97]
[55.68]
[49.63]
[58.09]
[56.67]
[54.59]
[53.59]
[58.05]
[53.08]
[41.74]
[57.88]
[58.89]
[56.17]
[56.45]
[59.98]
[24.57]
[23.68]
[48.95]
[58.59]
[52.66]
[61.65]
[55.39]
[15.63]
[15.57]
[49.45]
[48.02]
[57.5]
[95.04]
[91.35]
[127.12]
[159.08]
[215.85]
[192.9]
[144.63]
[136.75]
[131.02]
[99.64]
[86.83]
[129.19]
[131.03]
[129.73]
[130.49]
[130.52]
[92.3]
[87.76]
[90.33]
[91.84]
[90.24]
[92.4]
[96.82]
[52.74]
[45.22]
[55.96]
[60.38]
[51.61]
[55.5]
[62.81]
[54.04]
[56.12]
[53.08]
[60.33]
[38.11]
[64.66]
[62.07]
[50.21]
[45.53]
[67.12]
[58.52]
[53.52]
[50.52]
[53.77]
[41.06]
[38.17]
[35.45]
[50.08]
[57.71]
[43.73]
[61.41]
[54.5]
[42.43]
[96.98]
[93.31]
[95.73]
[93.08]
[91.61]
[94.94]
[85.74]
[88.4]
[98.74]
[90.94]
[95.37]
[98.5]
[45.13]
[47.61]
[67.66]
[39.1]
[71.69]
[37.29]
[69.59]
[19.53]
[12.7]
[49.99]
[27.12]
[31.05]
[19.21]
[28.46]
[14.31]
[9.94]
[17.83]
[28.86]
[44.83]
[46.46]
[52.06]
[24.01]
[9.42]
[50.97]
[57.23]
[44.2]
[37.8]
[12.15]
[9.41]
[10.47]
[20.43]
[33.31]
[48.25]
[44.01]
[55.45]
[12.7]
[10.36]
[51.64]
[50.92]
[50.38]
[49.93]
[49.1]
[13.79]
[10.13]
[29.22]
[34.2]
[23.2]
[39.35]
[38.77]
[14.08]
[10.2]
[32.49]
[35.58]
[33.86]
[32.24]
[29.9]
[23.23]
[16.87]
[24.9]
[28.37]
[17.49]
[16.74]
[47.53]
[16.06]
[15.03]
[32.65]
[36.66]
[33.79]
[32.62]
[31.6]
[12.79]
[8.68]
[29.3]
[28.48]
[33.01]
[32.79]
[29.71]
[12.11]
[7.79]
[7.39]
[5.3]
[5.33]
[5.36]
[5.41]
[5.44]
[5.46]
[5.48]
[5.51]
[5.52]
[5.54]
[5.55]
[5.56]
[5.57]
[5.58]
[5.41]
[5.59]
[5.59]
[5.59]
[5.59]
[5.59]
[5.59]
[5.52]
[9.82]
[15.53]
[16.95]
[20.82]
[11.7]
[14.18]
[15.4]
[23.39]
[19.41]
[16.47]
[11.42]
[6.71]
[12.54]
[12.67]
[10.63]
[11.37]
[12.05]
[14.44]
[14.47]
[12.32]
[14.46]
[13.82]
[14.57]
[14.58]
[8.47]
[14.78]
[14.81]
[14.47]
[5.31]
[5.31]
[5.29]
[6.65]
[12.03]
[10.97]
[11.68]
[7.09]
[5.32]
[5.32]
[5.33]
[5.32]
[5.32]
[7.66]
[5.32]
[5.32]
[5.32]
[5.29]
[5.21]
[5.09]
[5.1]
[5.1]
[5.1]
[5.11]
[5.11]
[5.1]
[5.12]
[5.22]
[5.48]
[5.49]
[5.27]
[5.12]
[5.13]
[5.12]
[5.12]
[5.11]
[5.16]
[8.76]
[8.76]
[8.94]
[8.95]
[8.95]
[10.8]
[10.34]
[8.93]
[12.82]
[12.41]
[9.78]
[12.71]
[13.05]
[9.78]
[9.61]
[13.47]
[13.71]
[13.82]
[13.8]
[20.11]
[12.1]
[10.21]
[15.44]
[19.36]
[24.22]
[16.35]
[13.82]
[12.91]
[11.05]
[11.21]
[12.63]
[12.73]
[13.93]
[14.]
[12.75]
[12.72]
[14.06]
[13.64]
[13.18]
[14.13]
[14.47]
[12.97]
[12.08]
[13.53]
[13.92]
[14.]
[14.03]
[13.47]
[12.53]
[12.61]
[12.89]
[13.87]
[13.64]
[12.29]
[13.75]
[12.77]
[12.77]
[13.97]
[13.97]
[12.95]
[15.58]
[14.78]
[14.97]
[14.82]
[14.67]
[14.69]
[14.7]
[14.81]
[14.7]
[17.5]
[18.04]
[19.37]
[14.58]
[14.62]
[14.69]
[14.75]
[14.6]
[14.39]
[14.42]
[14.49]
[14.55]
[14.59]
[14.62]
[14.6]
[14.31]
[14.23]
[14.12]
[14.15]
[14.3]
[14.52]
[14.49]
[14.43]
[14.23]
[14.17]
[14.28]
[14.37]
[14.29]
[14.2]
[14.09]
[14.11]
[14.23]
[14.04]
[14.13]
[14.15]
[14.07]
[14.02]
[13.88]
[13.88]
[13.78]
[13.82]
[13.92]
[14.08]
[13.97]
[13.86]
[13.82]
[13.83]
[13.99]
[14.01]
[13.84]
[13.78]
[13.71]
[13.96]
[14.1]
[13.99]
[13.72]
[16.98]
[13.92]
[13.67]
[13.53]
[13.42]
[13.41]
[13.36]
[14.17]
[14.52]
[14.48]
[14.44]
[14.41]
[14.38]
[14.37]
[14.35]
[14.34]
[14.31]
[15.25]
[14.32]
[14.31]
[14.29]
[14.29]
[14.58]
[14.56]
[12.15]
[11.95]
[11.88]
[11.87]
[11.82]
[13.39]
[11.95]
[11.94]
[11.89]
[11.86]
[11.86]
[11.84]
[11.83]
[11.81]
[11.86]
[11.86]
[11.8]
[11.8]
[11.79]
[11.78]
[11.77]
[11.96]
[11.94]
[11.9]
[11.85]
[11.35]
[11.83]
[11.8]
[12.]
[12.06]
[12.03]
[9.66]
[9.6]
[9.59]
[9.63]
[9.74]
[9.73]
[9.68]
[9.68]
[9.7]
[9.68]
[9.68]
[9.67]
[9.67]
[9.73]
[9.77]
[9.75]
[9.77]
[9.77]
[9.77]
[9.74]
[9.74]
[9.73]
[9.72]
[9.75]
[9.75]
[9.79]
[9.77]
[9.77]
[9.78]
[9.77]
[9.09]
[9.09]
[8.91]
[8.69]
[8.69]
[8.66]
[8.69]
[8.7]
[8.7]
[8.66]
[8.67]
[8.77]
[8.78]
[8.78]
[8.77]
[8.78]
[8.77]
[8.74]
[8.74]
[8.77]
[8.77]
[8.77]
[8.76]
[8.77]
[8.76]
[8.77]
[8.77]
[8.76]
[8.76]
[8.77]
[8.71]
[8.26]
[8.23]
[8.06]
[8.02]
[8.01]
[8.04]
[8.06]
[8.04]
[8.05]
[8.06]
[8.05]
[8.05]
[8.07]
[8.07]
[8.06]
[8.04]
[8.08]
[8.07]
[8.07]
[8.03]
[8.1]
[8.09]
[8.1]
[8.11]
[8.1]
[8.11]
[8.12]
[8.11]
[8.11]
[8.13]
[6.13]
[6.11]
[5.91]
[5.29]
[5.35]
[5.29]
[5.31]
[5.3]
[5.3]
[5.3]
[5.31]
[5.3]
[5.27]
[5.29]
[5.29]
[5.29]
[5.3]
[5.3]
[5.34]
[5.31]
[5.31]
[5.32]
[5.32]
[5.31]
[5.33]
[5.32]
[5.32]
[5.31]
[5.33]
[5.32]
[5.34]
[5.34]
[5.89]
[5.74]
[5.51]
[5.5]
[7.49]
[7.16]
[5.55]
[5.56]
[5.48]
[5.43]
[5.41]
[5.42]
[5.48]
[5.44]
[5.44]
[5.44]
[7.99]
[5.37]
[5.4]
[5.41]
[5.38]
[5.38]
[5.39]
[5.38]
[5.38]
[5.43]
[5.4]
[5.41]
[5.42]
[5.41]
[5.41]
[5.41]
[5.41]
[5.42]
[5.44]
[5.44]
[5.45]
[5.47]
[5.47]
[5.4]
[5.42]
[5.44]
[5.46]
[5.47]
[5.46]
[5.46]
[5.47]
[5.47]
[5.42]
[5.48]
[5.49]
[5.48]
[5.46]
[5.46]
[5.5]
[5.51]
[5.48]
[5.46]
[9.04]
[9.13]
[9.13]
[9.16]
[9.17]
[9.17]
[9.19]
[9.21]
[9.24]
[9.24]
[9.22]
[9.2]
[9.27]
[9.28]
[9.28]
[9.29]
[9.32]
[9.33]
[9.33]
[9.34]
[9.36]
[9.37]
[9.38]
[9.41]
[9.41]
[9.41]
[9.41]
[9.42]
[9.83]
[9.49]
[9.52]
[12.18]
[12.29]
[12.29]
[12.33]
[12.37]
[12.42]
[12.45]
[12.39]
[15.27]
[16.55]
[14.11]
[12.06]
[12.15]
[12.22]
[12.2]
[14.89]
[12.24]
[12.29]
[12.3]
[12.82]
[12.19]
[12.16]
[12.29]
[12.32]
[12.3]
[12.41]
[12.47]
[12.46]
[12.66]
[12.65]
[14.68]
[15.59]
[15.66]
[15.62]
[15.61]
[15.62]
[15.55]
[15.55]
[15.53]
[15.48]
[15.58]
[15.63]
[15.67]
[15.73]
[15.76]
[15.69]
[15.74]
[15.74]
[15.7]
[15.75]
[15.81]
[15.74]
[15.69]
[15.67]
[15.67]
[15.69]
[15.71]
[15.78]
[15.82]
[15.85]
[15.84]
[15.82]
[15.81]
[15.68]
[15.65]
[15.45]
[15.76]
[15.72]
[15.72]
[15.72]
[15.86]
[15.62]
[15.55]
[15.84]
[15.47]
[15.85]
[15.91]
[15.89]
[15.6]
[15.96]
[15.99]
[15.84]
[15.77]
[15.99]
[15.57]
[15.56]
[15.78]
[15.69]
[15.67]
[15.63]
[15.75]
[15.5]
[15.92]
[15.96]
[15.99]
[16.2]
[15.99]
[15.99]
[15.96]
[15.93]
[15.94]
[15.96]
[15.89]
[15.75]
[15.57]
[14.85]
[16.98]
[17.18]
[17.15]
[16.64]
[16.94]
[16.89]
[16.85]
[16.85]
[16.82]
[22.09]
[48.14]
[54.09]
[52.25]
[50.82]
[26.21]
[24.32]
[46.38]
[54.6]
[55.32]
[58.59]
[42.22]
[59.61]
[52.27]
[91.07]
[134.99]
[99.13]
[93.08]
[89.49]
[90.15]
[90.7]
[92.91]
[90.54]
[92.41]
[91.17]
[89.85]
[54.37]
[55.31]
[91.98]
[89.63]
[92.51]
[92.65]
[53.92]
[58.15]
[118.86]
[121.02]
[128.01]
[129.11]
[130.04]
[130.07]
[129.96]
[130.52]
[93.73]
[94.19]
[93.43]
[94.32]
[94.03]
[49.04]
[42.92]
[63.69]
[56.03]
[54.7]
[38.34]
[11.79]
[11.72]
[12.96]
[33.11]
[57.23]
[47.44]
[52.93]
[38.46]
[13.38]
[10.84]
[32.12]
[12.86]
[13.04]
[11.96]
[9.06]
[9.09]
[9.87]
[13.99]
[13.87]
[12.77]
[11.54]
[13.62]
[10.08]
[9.89]
[11.66]
[11.41]
[10.97]
[12.27]
[12.58]
[13.52]
[14.11]
[18.19]
[19.12]
[13.6]
[13.55]
[13.48]
[13.43]
[13.64]
[13.07]
[13.76]
[13.75]
[12.85]
[13.71]
[11.22]
[9.92]
[11.7]
[12.05]
[15.5]
[15.5]
[20.41]
[11.86]
[11.21]
[12.16]
[10.03]
[8.58]
[11.93]
[24.96]
[9.81]
[9.12]
[11.89]
[11.97]
[19.72]
[18.14]
[16.04]
[11.71]
[13.74]
[39.18]
[46.43]
[42.22]
[40.7]
[29.17]
[11.6]
[7.7]
[7.77]
[5.18]
[5.21]
[5.24]
[5.27]
[5.28]
[5.29]
[5.31]
[5.33]
[5.34]
[5.35]
[5.36]
[5.37]
[5.38]
[5.39]