0.8845672232460091, 0.8939113031048664, -8.692568858893459, 206.817325715958[13.56391]
[11.686817]
[10.175611]
[11.382753]
[11.054149]
[8.394196]
[7.4896784]
[7.5042763]
[7.5730276]
[7.4781857]
[7.4200096]
[7.416177]
[7.3054757]
[9.007338]
[9.680602]
[9.733411]
[9.81295]
[11.026513]
[12.591715]
[13.587912]
[11.313128]
[11.25446]
[10.939034]
[10.650058]
[10.579814]
[10.499368]
[10.498225]
[10.42399]
[10.3264265]
[10.143005]
[10.138331]
[10.214264]
[10.309705]
[10.448588]
[10.363752]
[10.280861]
[10.294046]
[10.575582]
[13.024247]
[11.960832]
[11.277306]
[11.964801]
[12.124936]
[11.716017]
[12.657853]
[13.044833]
[12.918604]
[12.815095]
[13.076762]
[13.412952]
[13.774304]
[13.44511]
[13.037462]
[12.969839]
[12.9416]
[12.745763]
[12.748693]
[12.726919]
[12.6652975]
[12.564676]
[12.572833]
[12.534817]
[12.527269]
[12.493287]
[12.642868]
[12.900659]
[13.319552]
[13.562977]
[13.022243]
[13.204669]
[15.046217]
[11.807079]
[11.837455]
[12.749603]
[32.616913]
[21.520538]
[13.874213]
[14.019878]
[13.895581]
[13.943487]
[14.057073]
[14.16939]
[14.13335]
[14.123381]
[14.24162]
[14.119061]
[14.105842]
[14.3293085]
[14.570395]
[14.463309]
[14.464878]
[14.675932]
[14.996376]
[14.711243]
[14.547786]
[14.716433]
[14.758973]
[14.586898]
[14.491347]
[14.150167]
[14.596834]
[15.156218]
[14.799982]
[15.355538]
[15.597148]
[16.480295]
[23.323517]
[25.044935]
[24.658962]
[36.979237]
[61.40969]
[33.27885]
[68.634514]
[70.5707]
[63.834473]
[85.15319]
[130.4964]
[103.4592]
[69.276115]
[61.715176]
[62.616528]
[62.061363]
[56.093826]
[52.79337]
[53.108624]
[51.55005]
[44.012886]
[48.38147]
[52.951477]
[50.819077]
[50.011105]
[53.901638]
[36.764393]
[29.890224]
[42.02648]
[48.787262]
[46.739937]
[49.23542]
[46.500828]
[28.13867]
[26.277782]
[43.819035]
[49.095524]
[83.226814]
[102.78113]
[137.99782]
[155.4563]
[177.74693]
[194.05347]
[166.21072]
[148.43967]
[140.30162]
[127.99861]
[107.90291]
[89.52104]
[102.387276]
[109.80848]
[110.9408]
[115.407295]
[123.08673]
[118.08046]
[104.080315]
[94.25999]
[92.901054]
[89.95381]
[87.91796]
[90.77466]
[80.33576]
[71.51742]
[76.65718]
[75.231125]
[73.825424]
[71.34467]
[71.09996]
[63.65746]
[59.811634]
[56.116547]
[57.55742]
[47.308907]
[54.02127]
[57.29143]
[52.047287]
[48.970062]
[56.87065]
[54.006317]
[49.11439]
[45.758427]
[46.469963]
[43.52378]
[44.352924]
[48.13804]
[65.266396]
[69.295845]
[62.194553]
[66.56191]
[59.584953]
[58.90465]
[92.113945]
[95.796974]
[88.53134]
[82.59493]
[78.616714]
[78.87511]
[77.90171]
[83.792496]
[90.17524]
[88.462494]
[97.385506]
[100.53067]
[82.54423]
[74.95617]
[75.83646]
[63.28144]
[70.11791]
[57.366272]
[62.32602]
[43.644566]
[31.117647]
[45.634617]
[40.27944]
[37.170864]
[31.63162]
[33.096085]
[27.909647]
[22.914263]
[25.097086]
[30.782436]
[37.947765]
[40.507824]
[43.556175]
[35.292824]
[25.748741]
[41.315296]
[50.062386]
[44.52286]
[40.982147]
[30.525421]
[25.797039]
[26.155827]
[28.65494]
[33.83784]
[40.761215]
[40.583157]
[44.529232]
[27.876438]
[21.24693]
[38.492367]
[42.19325]
[42.135994]
[42.37407]
[40.25971]
[26.715267]
[22.679482]
[30.84876]
[33.840725]
[29.415777]
[33.13711]
[34.30586]
[23.734032]
[17.792013]
[26.37434]
[30.895145]
[30.36443]
[28.434927]
[26.933794]
[23.433483]
[19.744299]
[22.113766]
[25.431007]
[22.059422]
[22.257896]
[37.109344]
[27.429615]
[19.85387]
[26.823166]
[30.3735]
[29.634691]
[28.007341]
[26.664108]
[18.172504]
[13.391064]
[21.202019]
[23.705858]
[24.75929]
[25.781687]
[24.76945]
[17.009232]
[12.009076]
[11.303162]
[10.45692]
[9.934319]
[10.2525015]
[10.367321]
[10.499852]
[10.180528]
[9.836165]
[9.871564]
[9.736198]
[9.808046]
[9.557289]
[9.466235]
[9.324321]
[9.335207]
[9.257887]
[9.186895]
[9.110923]
[8.979082]
[8.979082]
[8.979082]
[8.979082]
[8.834769]
[10.110173]
[13.900896]
[14.562536]
[15.571707]
[12.880589]
[12.313518]
[13.284772]
[16.355257]
[16.18345]
[14.420896]
[12.03506]
[9.407413]
[10.6835575]
[11.795193]
[10.810482]
[10.725553]
[11.2003355]
[12.299035]
[12.7521105]
[11.848808]
[12.200882]
[17.659857]
[15.148435]
[12.887806]
[10.557827]
[11.918608]
[13.182515]
[12.831964]
[9.186798]
[7.6212134]
[7.725641]
[8.154638]
[10.48654]
[11.029825]
[10.974394]
[9.174796]
[7.660186]
[7.4374146]
[7.4884353]
[7.4315877]
[7.4284887]
[8.286183]
[7.8357477]
[7.3252716]
[7.31838]
[7.4067383]
[7.253701]
[7.615294]
[7.772237]
[8.372466]
[8.158464]
[7.8354077]
[7.7286334]
[7.508998]
[7.5140862]
[7.510476]
[7.6051197]
[7.574036]
[7.6550016]
[7.534622]
[7.6913443]
[7.409098]
[7.510498]
[7.5035844]
[7.473053]
[8.946628]
[9.53271]
[12.896343]
[11.139113]
[9.703655]
[10.416446]
[10.590892]
[9.732451]
[11.745869]
[11.972654]
[10.484222]
[11.300542]
[12.1393]
[10.773517]
[10.201903]
[12.115133]
[13.046845]
[12.989095]
[12.739404]
[16.247211]
[13.446953]
[10.758714]
[12.975851]
[16.400888]
[19.844467]
[16.330156]
[13.08176]
[12.190142]
[11.204118]
[10.965633]
[11.727594]
[11.995658]
[12.57464]
[12.937336]
[12.322547]
[12.132303]
[12.918883]
[12.776486]
[12.508332]
[13.265139]
[13.55283]
[12.686516]
[11.993068]
[12.778895]
[13.246648]
[13.126622]
[13.106069]
[12.771126]
[12.190042]
[11.995103]
[12.392149]
[13.827185]
[13.563583]
[12.078817]
[13.685752]
[13.678488]
[12.811748]
[13.35142]
[13.595726]
[12.952355]
[14.1530485]
[14.126614]
[13.985276]
[13.988303]
[13.936426]
[13.866243]
[13.715106]
[13.838687]
[13.83647]
[15.305745]
[18.111553]
[18.11776]
[14.782859]
[13.4851]
[13.735272]
[13.98697]
[14.281425]
[13.984568]
[13.841296]
[13.89905]
[13.906012]
[14.051559]
[14.132091]
[14.175249]
[14.088826]
[14.015295]
[13.928306]
[14.021123]
[14.165632]
[14.395444]
[14.476951]
[14.373025]
[14.240176]
[14.163388]
[14.046471]
[14.069414]
[13.9783325]
[13.737362]
[13.583413]
[13.503635]
[13.522268]
[13.415291]
[13.348395]
[13.356041]
[13.391572]
[13.37439]
[12.964276]
[13.02817]
[12.922116]
[12.616332]
[12.752059]
[12.82841]
[12.684611]
[12.531819]
[12.420073]
[12.361243]
[12.283013]
[12.561965]
[12.791314]
[12.929816]
[13.173779]
[13.140145]
[13.574638]
[13.796651]
[16.541208]
[19.915411]
[31.595108]
[10.282547]
[11.222702]
[15.275624]
[15.221737]
[16.080214]
[16.303894]
[16.19723]
[16.173594]
[16.377438]
[16.179497]
[16.003057]
[15.453372]
[15.469414]
[15.612822]
[15.3407345]
[15.440851]
[15.090153]
[14.884377]
[14.71877]
[14.694999]
[14.06122]
[14.654533]
[14.020768]
[13.527928]
[13.398396]
[14.18621]
[14.544501]
[15.04492]
[14.702543]
[13.872782]
[13.448127]
[13.281076]
[12.955184]
[13.011935]
[13.280745]
[12.902246]
[12.726416]
[12.506599]
[12.611034]
[12.539049]
[12.508027]
[12.370862]
[12.377923]
[13.359759]
[15.122391]
[16.357786]
[15.996602]
[14.815321]
[14.478182]
[14.225675]
[13.441312]
[13.632966]
[13.9658575]
[13.993774]
[13.104304]
[12.105989]
[12.182612]
[12.265288]
[12.09697]
[12.149448]
[11.929505]
[11.9996605]
[11.791381]
[11.826872]
[11.835235]
[11.613181]
[11.76922]
[11.595663]
[11.721254]
[11.639427]
[11.640477]
[11.550278]
[11.523753]
[11.416117]
[11.403887]
[11.29668]
[11.301514]
[11.310186]
[11.305139]
[11.222771]
[11.1738825]
[11.198911]
[11.219691]
[10.975774]
[10.894138]
[10.801712]
[10.550985]
[10.483278]
[10.5577545]
[10.672884]
[10.589861]
[10.490009]
[10.377315]
[10.562989]
[11.166841]
[12.361191]
[11.75547]
[11.570173]
[11.258176]
[11.080272]
[10.952529]
[10.83104]
[10.751513]
[10.761174]
[10.639669]
[10.551258]
[10.482656]
[10.400257]
[10.391793]
[10.738622]
[11.05121]
[10.84856]
[11.130489]
[10.946915]
[10.494579]
[10.242059]
[10.037087]
[9.935938]
[9.885952]
[9.84363]
[9.92718]
[9.84254]
[9.720281]
[9.638432]
[9.687871]
[9.585898]
[9.5902405]
[9.560746]
[9.539475]
[9.44752]
[9.50592]
[9.37896]
[9.333913]
[9.242554]
[9.261305]
[9.272425]
[9.1079035]
[9.157084]
[9.231762]
[9.207596]
[9.162057]
[9.295222]
[9.38093]
[9.579778]
[8.696738]
[8.250864]
[8.107078]
[7.6532235]
[7.4304914]
[7.433205]
[7.357698]
[7.4131083]
[7.326073]
[7.3446355]
[7.408672]
[7.3081884]
[7.291432]
[7.2896895]
[7.281744]
[7.246853]
[7.1634016]
[7.1794195]
[7.2312384]
[7.0824757]
[7.1977386]
[7.256673]
[7.163227]
[7.157842]
[7.16375]
[7.1620297]
[7.158158]
[7.1521935]
[7.15571]
[7.1527996]
[7.129892]
[7.070092]
[7.374374]
[7.3502297]
[9.714913]
[8.329796]
[8.247675]
[8.846965]
[7.633]
[7.145685]
[7.166822]
[7.1239495]
[7.317597]
[7.179705]
[7.2540236]
[7.178416]
[7.245313]
[7.1714067]
[8.561164]
[7.975797]
[7.285161]
[7.2749443]
[7.2653437]
[7.2560735]
[7.246749]
[7.0576563]
[7.1622105]
[7.083428]
[8.536222]
[7.8668246]
[6.997639]
[7.196053]
[7.0973754]
[6.9894977]
[7.1790466]
[7.089887]
[7.1081395]
[7.1974187]
[7.02551]
[7.09425]
[7.093011]
[6.975819]
[7.0362053]
[7.1275234]
[7.070816]
[7.0593705]
[7.06578]
[6.98176]
[7.0570793]
[7.109373]
[7.029679]
[6.9707527]
[7.099129]
[7.0500627]
[6.971485]
[7.0832467]
[7.042368]
[7.0258107]
[7.085153]
[6.949984]
[9.137105]
[9.825497]
[9.928482]
[9.7679205]
[9.911944]
[10.073691]
[10.019086]
[9.988844]
[10.397938]
[10.142771]
[10.3520975]
[10.097298]
[10.30613]
[10.051694]
[10.261084]
[10.439177]
[9.932664]
[9.746685]
[9.826342]
[9.834928]
[9.850222]
[9.934829]
[9.910174]
[10.16275]
[9.994085]
[10.2840395]
[10.315779]
[10.000184]
[10.558757]
[10.855385]
[10.861403]
[12.082482]
[12.4639435]
[12.352412]
[12.610155]
[12.284249]
[12.378393]
[12.786971]
[12.816976]
[14.864589]
[16.71718]
[15.509071]
[12.570449]
[11.884733]
[11.9103985]
[12.133954]
[14.621305]
[13.01221]
[11.8291855]
[11.69454]
[11.903683]
[11.225334]
[10.80758]
[10.934625]
[11.357475]
[11.680773]
[12.1834345]
[12.179725]
[11.924677]
[12.167828]
[12.314759]
[13.007489]
[13.1669035]
[13.26921]
[13.420642]
[13.235277]
[13.272372]
[13.103005]
[12.866793]
[14.037967]
[12.437756]
[22.01227]
[21.29662]
[11.698808]
[15.447945]
[13.814415]
[15.48145]
[16.55095]
[16.612514]
[16.530333]
[16.629082]
[16.563116]
[16.55685]
[16.714159]
[16.67177]
[16.051441]
[15.774857]
[16.625927]
[15.327659]
[15.635019]
[15.513044]
[15.970489]
[16.213139]
[16.519588]
[16.055662]
[15.24126]
[17.29958]
[11.9663925]
[17.284697]
[17.132778]
[17.062778]
[17.613625]
[17.011133]
[16.451872]
[17.165176]
[17.045649]
[17.16501]
[17.63046]
[17.810738]
[17.067362]
[17.292156]
[17.14014]
[17.037167]
[16.9745]
[17.099012]
[16.6991]
[20.1686]
[18.790855]
[18.106756]
[17.591654]
[17.217632]
[16.981619]
[16.753584]
[17.284159]
[17.40991]
[17.726414]
[18.945423]
[17.735113]
[17.451502]
[17.378609]
[17.438139]
[18.00696]
[17.814022]
[18.983557]
[25.158468]
[29.350248]
[23.773676]
[29.20843]
[30.358423]
[27.543293]
[25.211906]
[23.060646]
[11.403842]
[15.483074]
[18.980022]
[18.642933]
[20.646719]
[34.502983]
[41.63884]
[49.63001]
[56.65947]
[51.83342]
[41.976044]
[55.11331]
[68.11704]
[65.46632]
[64.8899]
[58.048004]
[75.69441]
[98.19202]
[93.40609]
[105.376274]
[114.162125]
[125.54761]
[106.55746]
[99.144775]
[96.423195]
[99.457565]
[95.991]
[92.44048]
[86.87862]
[84.506676]
[77.52933]
[76.1639]
[85.79733]
[85.16612]
[84.21854]
[87.06754]
[94.53656]
[94.81706]
[105.13274]
[118.029335]
[138.55965]
[135.5061]
[125.43293]
[126.54473]
[129.54675]
[125.634514]
[104.60518]
[100.85287]
[97.51969]
[95.23941]
[93.06154]
[68.06471]
[54.67595]
[60.3687]
[58.53908]
[54.44525]
[45.256]
[29.979578]
[25.025202]
[25.349472]
[33.456604]
[46.35882]
[44.918312]
[45.20517]
[39.733437]
[25.84199]
[20.647491]
[30.072124]
[24.861883]
[21.15613]
[20.523983]
[19.03188]
[18.02075]
[17.987122]
[19.55703]
[19.909351]
[19.04286]
[18.116943]
[18.580536]
[17.367043]
[16.854977]
[17.707945]
[17.850958]
[17.202017]
[17.35029]
[17.54922]
[17.645168]
[17.814367]
[19.156595]
[19.990044]
[17.54238]
[16.545475]
[17.168625]
[17.77533]
[17.952665]
[17.283884]
[17.168592]
[17.140167]
[16.571878]
[16.743073]
[15.747849]
[14.729282]
[15.273132]
[16.37446]
[18.18298]
[18.854239]
[20.856417]
[18.778969]
[17.940102]
[18.42141]
[16.975203]
[15.596838]
[16.283588]
[21.428093]
[17.09407]
[13.956434]
[14.802811]
[15.172183]
[17.492495]
[18.107018]
[16.6213]
[14.708756]
[14.436004]
[23.97863]
[30.447704]
[30.278097]
[28.913897]
[23.93205]
[17.464409]
[14.208051]
[14.268954]
[12.959361]
[11.904093]
[11.536444]
[11.244885]
[10.574799]
[10.501972]
[10.246578]
[10.806784]
[10.343953]
[10.469655]
[10.074485]
[10.15622]
[10.028543][10.25]
[9.45]
[13.02]
[10.69]
[5.31]
[5.25]
[5.26]
[5.31]
[5.31]
[5.3]
[5.29]
[5.3]
[9.25]
[9.31]
[9.28]
[9.29]
[9.27]
[9.26]
[9.25]
[9.26]
[9.26]
[9.27]
[9.25]
[9.25]
[9.32]
[9.28]
[9.26]
[9.22]
[9.21]
[9.23]
[9.23]
[9.06]
[9.24]
[9.25]
[9.24]
[9.29]
[9.55]
[9.28]
[9.27]
[9.27]
[9.25]
[9.24]
[9.28]
[12.21]
[12.29]
[12.32]
[12.27]
[12.3]
[12.29]
[12.25]
[12.25]
[12.25]
[12.29]
[12.3]
[12.3]
[12.31]
[12.36]
[12.34]
[12.35]
[12.36]
[12.37]
[12.39]
[12.39]
[12.4]
[12.36]
[12.39]
[12.4]
[12.41]
[12.52]
[12.25]
[12.25]
[12.03]
[12.31]
[26.75]
[15.2]
[15.05]
[15.12]
[15.03]
[15.09]
[15.17]
[15.22]
[15.41]
[15.4]
[15.43]
[15.24]
[15.14]
[15.08]
[15.29]
[15.3]
[15.23]
[15.22]
[15.17]
[15.21]
[15.24]
[15.21]
[15.26]
[15.09]
[15.03]
[14.94]
[15.09]
[15.28]
[15.3]
[15.52]
[15.38]
[15.46]
[15.26]
[15.55]
[15.54]
[15.27]
[22.36]
[17.87]
[15.85]
[42.75]
[82.22]
[94.05]
[93.25]
[90.97]
[55.68]
[49.63]
[58.09]
[56.67]
[54.59]
[53.59]
[58.05]
[53.08]
[41.74]
[57.88]
[58.89]
[56.17]
[56.45]
[59.98]
[24.57]
[23.68]
[48.95]
[58.59]
[52.66]
[61.65]
[55.39]
[15.63]
[15.57]
[49.45]
[48.02]
[57.5]
[95.04]
[91.35]
[127.12]
[159.08]
[215.85]
[192.9]
[144.63]
[136.75]
[131.02]
[99.64]
[86.83]
[129.19]
[131.03]
[129.73]
[130.49]
[130.52]
[92.3]
[87.76]
[90.33]
[91.84]
[90.24]
[92.4]
[96.82]
[52.74]
[45.22]
[55.96]
[60.38]
[51.61]
[55.5]
[62.81]
[54.04]
[56.12]
[53.08]
[60.33]
[38.11]
[64.66]
[62.07]
[50.21]
[45.53]
[67.12]
[58.52]
[53.52]
[50.52]
[53.77]
[41.06]
[38.17]
[35.45]
[50.08]
[57.71]
[43.73]
[61.41]
[54.5]
[42.43]
[96.98]
[93.31]
[95.73]
[93.08]
[91.61]
[94.94]
[85.74]
[88.4]
[98.74]
[90.94]
[95.37]
[98.5]
[45.13]
[47.61]
[67.66]
[39.1]
[71.69]
[37.29]
[69.59]
[19.53]
[12.7]
[49.99]
[27.12]
[31.05]
[19.21]
[28.46]
[14.31]
[9.94]
[17.83]
[28.86]
[44.83]
[46.46]
[52.06]
[24.01]
[9.42]
[50.97]
[57.23]
[44.2]
[37.8]
[12.15]
[9.41]
[10.47]
[20.43]
[33.31]
[48.25]
[44.01]
[55.45]
[12.7]
[10.36]
[51.64]
[50.92]
[50.38]
[49.93]
[49.1]
[13.79]
[10.13]
[29.22]
[34.2]
[23.2]
[39.35]
[38.77]
[14.08]
[10.2]
[32.49]
[35.58]
[33.86]
[32.24]
[29.9]
[23.23]
[16.87]
[24.9]
[28.37]
[17.49]
[16.74]
[47.53]
[16.06]
[15.03]
[32.65]
[36.66]
[33.79]
[32.62]
[31.6]
[12.79]
[8.68]
[29.3]
[28.48]
[33.01]
[32.79]
[29.71]
[12.11]
[7.79]
[7.39]
[5.3]
[5.33]
[5.36]
[5.41]
[5.44]
[5.46]
[5.48]
[5.51]
[5.52]
[5.54]
[5.55]
[5.56]
[5.57]
[5.58]
[5.41]
[5.59]
[5.59]
[5.59]
[5.59]
[5.59]
[5.59]
[5.52]
[9.82]
[15.53]
[16.95]
[20.82]
[11.7]
[14.18]
[15.4]
[23.39]
[19.41]
[16.47]
[11.42]
[6.71]
[12.54]
[12.67]
[10.63]
[11.37]
[12.05]
[14.44]
[14.47]
[12.32]
[14.46]
[13.82]
[14.57]
[14.58]
[8.47]
[14.78]
[14.81]
[14.47]
[5.31]
[5.31]
[5.29]
[6.65]
[12.03]
[10.97]
[11.68]
[7.09]
[5.32]
[5.32]
[5.33]
[5.32]
[5.32]
[7.66]
[5.32]
[5.32]
[5.32]
[5.29]
[5.21]
[5.09]
[5.1]
[5.1]
[5.1]
[5.11]
[5.11]
[5.1]
[5.12]
[5.22]
[5.48]
[5.49]
[5.27]
[5.12]
[5.13]
[5.12]
[5.12]
[5.11]
[5.16]
[8.76]
[8.76]
[8.94]
[8.95]
[8.95]
[10.8]
[10.34]
[8.93]
[12.82]
[12.41]
[9.78]
[12.71]
[13.05]
[9.78]
[9.61]
[13.47]
[13.71]
[13.82]
[13.8]
[20.11]
[12.1]
[10.21]
[15.44]
[19.36]
[24.22]
[16.35]
[13.82]
[12.91]
[11.05]
[11.21]
[12.63]
[12.73]
[13.93]
[14.]
[12.75]
[12.72]
[14.06]
[13.64]
[13.18]
[14.13]
[14.47]
[12.97]
[12.08]
[13.53]
[13.92]
[14.]
[14.03]
[13.47]
[12.53]
[12.61]
[12.89]
[13.87]
[13.64]
[12.29]
[13.75]
[12.77]
[12.77]
[13.97]
[13.97]
[12.95]
[15.58]
[14.78]
[14.97]
[14.82]
[14.67]
[14.69]
[14.7]
[14.81]
[14.7]
[17.5]
[18.04]
[19.37]
[14.58]
[14.62]
[14.69]
[14.75]
[14.6]
[14.39]
[14.42]
[14.49]
[14.55]
[14.59]
[14.62]
[14.6]
[14.31]
[14.23]
[14.12]
[14.15]
[14.3]
[14.52]
[14.49]
[14.43]
[14.23]
[14.17]
[14.28]
[14.37]
[14.29]
[14.2]
[14.09]
[14.11]
[14.23]
[14.04]
[14.13]
[14.15]
[14.07]
[14.02]
[13.88]
[13.88]
[13.78]
[13.82]
[13.92]
[14.08]
[13.97]
[13.86]
[13.82]
[13.83]
[13.99]
[14.01]
[13.84]
[13.78]
[13.71]
[13.96]
[14.1]
[13.99]
[13.72]
[16.98]
[13.92]
[13.67]
[13.53]
[13.42]
[13.41]
[13.36]
[14.17]
[14.52]
[14.48]
[14.44]
[14.41]
[14.38]
[14.37]
[14.35]
[14.34]
[14.31]
[15.25]
[14.32]
[14.31]
[14.29]
[14.29]
[14.58]
[14.56]
[12.15]
[11.95]
[11.88]
[11.87]
[11.82]
[13.39]
[11.95]
[11.94]
[11.89]
[11.86]
[11.86]
[11.84]
[11.83]
[11.81]
[11.86]
[11.86]
[11.8]
[11.8]
[11.79]
[11.78]
[11.77]
[11.96]
[11.94]
[11.9]
[11.85]
[11.35]
[11.83]
[11.8]
[12.]
[12.06]
[12.03]
[9.66]
[9.6]
[9.59]
[9.63]
[9.74]
[9.73]
[9.68]
[9.68]
[9.7]
[9.68]
[9.68]
[9.67]
[9.67]
[9.73]
[9.77]
[9.75]
[9.77]
[9.77]
[9.77]
[9.74]
[9.74]
[9.73]
[9.72]
[9.75]
[9.75]
[9.79]
[9.77]
[9.77]
[9.78]
[9.77]
[9.09]
[9.09]
[8.91]
[8.69]
[8.69]
[8.66]
[8.69]
[8.7]
[8.7]
[8.66]
[8.67]
[8.77]
[8.78]
[8.78]
[8.77]
[8.78]
[8.77]
[8.74]
[8.74]
[8.77]
[8.77]
[8.77]
[8.76]
[8.77]
[8.76]
[8.77]
[8.77]
[8.76]
[8.76]
[8.77]
[8.71]
[8.26]
[8.23]
[8.06]
[8.02]
[8.01]
[8.04]
[8.06]
[8.04]
[8.05]
[8.06]
[8.05]
[8.05]
[8.07]
[8.07]
[8.06]
[8.04]
[8.08]
[8.07]
[8.07]
[8.03]
[8.1]
[8.09]
[8.1]
[8.11]
[8.1]
[8.11]
[8.12]
[8.11]
[8.11]
[8.13]
[6.13]
[6.11]
[5.91]
[5.29]
[5.35]
[5.29]
[5.31]
[5.3]
[5.3]
[5.3]
[5.31]
[5.3]
[5.27]
[5.29]
[5.29]
[5.29]
[5.3]
[5.3]
[5.34]
[5.31]
[5.31]
[5.32]
[5.32]
[5.31]
[5.33]
[5.32]
[5.32]
[5.31]
[5.33]
[5.32]
[5.34]
[5.34]
[5.89]
[5.74]
[5.51]
[5.5]
[7.49]
[7.16]
[5.55]
[5.56]
[5.48]
[5.43]
[5.41]
[5.42]
[5.48]
[5.44]
[5.44]
[5.44]
[7.99]
[5.37]
[5.4]
[5.41]
[5.38]
[5.38]
[5.39]
[5.38]
[5.38]
[5.43]
[5.4]
[5.41]
[5.42]
[5.41]
[5.41]
[5.41]
[5.41]
[5.42]
[5.44]
[5.44]
[5.45]
[5.47]
[5.47]
[5.4]
[5.42]
[5.44]
[5.46]
[5.47]
[5.46]
[5.46]
[5.47]
[5.47]
[5.42]
[5.48]
[5.49]
[5.48]
[5.46]
[5.46]
[5.5]
[5.51]
[5.48]
[5.46]
[9.04]
[9.13]
[9.13]
[9.16]
[9.17]
[9.17]
[9.19]
[9.21]
[9.24]
[9.24]
[9.22]
[9.2]
[9.27]
[9.28]
[9.28]
[9.29]
[9.32]
[9.33]
[9.33]
[9.34]
[9.36]
[9.37]
[9.38]
[9.41]
[9.41]
[9.41]
[9.41]
[9.42]
[9.83]
[9.49]
[9.52]
[12.18]
[12.29]
[12.29]
[12.33]
[12.37]
[12.42]
[12.45]
[12.39]
[15.27]
[16.55]
[14.11]
[12.06]
[12.15]
[12.22]
[12.2]
[14.89]
[12.24]
[12.29]
[12.3]
[12.82]
[12.19]
[12.16]
[12.29]
[12.32]
[12.3]
[12.41]
[12.47]
[12.46]
[12.66]
[12.65]
[14.68]
[15.59]
[15.66]
[15.62]
[15.61]
[15.62]
[15.55]
[15.55]
[15.53]
[15.48]
[15.58]
[15.63]
[15.67]
[15.73]
[15.76]
[15.69]
[15.74]
[15.74]
[15.7]
[15.75]
[15.81]
[15.74]
[15.69]
[15.67]
[15.67]
[15.69]
[15.71]
[15.78]
[15.82]
[15.85]
[15.84]
[15.82]
[15.81]
[15.68]
[15.65]
[15.45]
[15.76]
[15.72]
[15.72]
[15.72]
[15.86]
[15.62]
[15.55]
[15.84]
[15.47]
[15.85]
[15.91]
[15.89]
[15.6]
[15.96]
[15.99]
[15.84]
[15.77]
[15.99]
[15.57]
[15.56]
[15.78]
[15.69]
[15.67]
[15.63]
[15.75]
[15.5]
[15.92]
[15.96]
[15.99]
[16.2]
[15.99]
[15.99]
[15.96]
[15.93]
[15.94]
[15.96]
[15.89]
[15.75]
[15.57]
[14.85]
[16.98]
[17.18]
[17.15]
[16.64]
[16.94]
[16.89]
[16.85]
[16.85]
[16.82]
[22.09]
[48.14]
[54.09]
[52.25]
[50.82]
[26.21]
[24.32]
[46.38]
[54.6]
[55.32]
[58.59]
[42.22]
[59.61]
[52.27]
[91.07]
[134.99]
[99.13]
[93.08]
[89.49]
[90.15]
[90.7]
[92.91]
[90.54]
[92.41]
[91.17]
[89.85]
[54.37]
[55.31]
[91.98]
[89.63]
[92.51]
[92.65]
[53.92]
[58.15]
[118.86]
[121.02]
[128.01]
[129.11]
[130.04]
[130.07]
[129.96]
[130.52]
[93.73]
[94.19]
[93.43]
[94.32]
[94.03]
[49.04]
[42.92]
[63.69]
[56.03]
[54.7]
[38.34]
[11.79]
[11.72]
[12.96]
[33.11]
[57.23]
[47.44]
[52.93]
[38.46]
[13.38]
[10.84]
[32.12]
[12.86]
[13.04]
[11.96]
[9.06]
[9.09]
[9.87]
[13.99]
[13.87]
[12.77]
[11.54]
[13.62]
[10.08]
[9.89]
[11.66]
[11.41]
[10.97]
[12.27]
[12.58]
[13.52]
[14.11]
[18.19]
[19.12]
[13.6]
[13.55]
[13.48]
[13.43]
[13.64]
[13.07]
[13.76]
[13.75]
[12.85]
[13.71]
[11.22]
[9.92]
[11.7]
[12.05]
[15.5]
[15.5]
[20.41]
[11.86]
[11.21]
[12.16]
[10.03]
[8.58]
[11.93]
[24.96]
[9.81]
[9.12]
[11.89]
[11.97]
[19.72]
[18.14]
[16.04]
[11.71]
[13.74]
[39.18]
[46.43]
[42.22]
[40.7]
[29.17]
[11.6]
[7.7]
[7.77]
[5.18]
[5.21]
[5.24]
[5.27]
[5.28]
[5.29]
[5.31]
[5.33]
[5.34]
[5.35]
[5.36]
[5.37]
[5.38]
[5.39]