0.8946629558645274, 0.8989799719524073, 3.2794237395758077, 197.56631998388053[11.7314005]
[8.8010235]
[7.6661735]
[9.775815]
[8.661625]
[5.090159]
[4.499964]
[4.5665693]
[4.5951233]
[4.572856]
[4.5637302]
[4.520099]
[4.5356016]
[7.039657]
[7.549389]
[7.5197973]
[7.5522165]
[7.3585367]
[8.864018]
[9.830113]
[9.089984]
[8.331482]
[8.119247]
[8.022979]
[7.9694567]
[7.9704947]
[7.9725456]
[7.9609165]
[7.8793097]
[7.8240685]
[7.7771688]
[7.787806]
[7.8633265]
[7.98984]
[7.937383]
[7.9561768]
[7.986801]
[7.937747]
[11.906514]
[8.947789]
[8.170508]
[8.550412]
[8.844898]
[8.761488]
[10.473278]
[10.726086]
[10.659586]
[10.646805]
[10.562252]
[10.841732]
[11.081988]
[11.013932]
[10.779941]
[10.745934]
[10.709603]
[10.635016]
[10.647141]
[10.693159]
[10.651224]
[10.62464]
[10.644906]
[10.663553]
[10.640035]
[10.653983]
[10.691813]
[10.61725]
[10.903377]
[11.187567]
[10.979801]
[11.02455]
[13.80124]
[8.379264]
[10.036116]
[10.711223]
[38.36663]
[16.130005]
[12.848189]
[12.941891]
[12.870354]
[12.900711]
[13.0036745]
[13.136574]
[13.1845665]
[13.202504]
[13.320804]
[13.0654745]
[12.943688]
[13.069468]
[13.347965]
[13.191672]
[13.131729]
[12.898877]
[13.339919]
[13.516866]
[13.196833]
[13.275934]
[13.4000435]
[13.217054]
[13.1946535]
[12.627457]
[13.227507]
[13.465932]
[13.462381]
[14.075535]
[14.2091]
[14.629349]
[17.377157]
[21.371773]
[19.944271]
[32.565834]
[55.485413]
[24.115543]
[64.992935]
[63.54192]
[77.64279]
[91.92677]
[120.774124]
[90.41168]
[68.435005]
[58.26998]
[59.814816]
[58.01264]
[54.004917]
[50.238205]
[51.00932]
[47.63596]
[39.393055]
[47.221302]
[49.628998]
[47.79749]
[47.301174]
[50.973328]
[29.330791]
[24.999268]
[41.255352]
[48.052643]
[43.693207]
[48.01201]
[43.85341]
[19.391384]
[18.261738]
[44.190365]
[45.496223]
[67.28736]
[96.02197]
[130.21484]
[145.95111]
[165.74803]
[202.6458]
[173.16844]
[144.60641]
[135.89708]
[126.229706]
[102.10869]
[86.88744]
[110.28998]
[117.03727]
[118.27834]
[122.17878]
[128.5146]
[105.340744]
[95.56668]
[93.002]
[91.6304]
[90.211136]
[89.19427]
[92.926575]
[69.482796]
[63.88968]
[71.063156]
[72.854706]
[68.08564]
[68.11417]
[68.96332]
[59.52041]
[56.769135]
[52.77891]
[55.130417]
[40.959885]
[53.467632]
[53.790886]
[46.510612]
[43.505882]
[56.191128]
[50.818913]
[45.392868]
[42.160473]
[43.4149]
[37.018764]
[37.841183]
[40.34483]
[57.980278]
[67.0373]
[56.491]
[63.763016]
[57.19603]
[49.981983]
[91.665085]
[94.326256]
[89.99192]
[83.859055]
[79.859245]
[80.927864]
[76.9439]
[83.14178]
[92.55605]
[89.12873]
[96.95518]
[100.84387]
[70.50015]
[66.0908]
[75.53182]
[55.814007]
[70.8932]
[49.256413]
[63.405464]
[33.40561]
[23.350046]
[45.727875]
[33.55229]
[32.42368]
[24.611809]
[28.374115]
[19.960543]
[14.977211]
[18.93612]
[25.94557]
[35.137585]
[36.239094]
[39.41138]
[25.383312]
[16.238613]
[40.718445]
[47.02237]
[38.949066]
[34.418385]
[20.346691]
[17.204813]
[18.262562]
[23.387255]
[30.053751]
[37.768757]
[35.432213]
[41.042942]
[17.588163]
[12.690286]
[38.065147]
[39.105698]
[37.621815]
[37.826862]
[36.648132]
[16.683268]
[13.841464]
[27.107088]
[30.532825]
[22.922813]
[30.45481]
[30.247025]
[15.557884]
[10.631137]
[23.735912]
[27.071402]
[25.853727]
[24.260813]
[22.587662]
[18.366053]
[13.999661]
[18.5373]
[21.592976]
[15.771188]
[15.530462]
[36.461746]
[19.912285]
[14.608928]
[24.610245]
[27.515419]
[25.686934]
[24.456825]
[23.472334]
[12.100276]
[7.9484215]
[20.176907]
[20.863077]
[22.760557]
[23.474361]
[21.933546]
[11.42845]
[7.0968857]
[6.539847]
[5.20361]
[4.9590917]
[4.982518]
[5.296408]
[5.3026633]
[5.0154557]
[4.8644695]
[4.7955036]
[4.828511]
[4.7774863]
[4.6804514]
[4.567406]
[4.5116415]
[4.5162334]
[4.4073987]
[4.4414]
[4.3490644]
[4.296471]
[4.296471]
[4.296471]
[4.296471]
[4.2156205]
[6.5094094]
[11.950937]
[11.903097]
[13.801757]
[8.991705]
[9.731966]
[10.731891]
[15.496023]
[13.97387]
[11.96322]
[8.772375]
[5.4497967]
[8.522793]
[9.143455]
[7.846067]
[8.130123]
[8.665741]
[10.279683]
[10.623944]
[9.283241]
[10.354213]
[18.134312]
[12.161802]
[11.025058]
[7.2689686]
[10.7689]
[11.4311905]
[11.02494]
[5.446033]
[4.5551906]
[4.6008673]
[5.4476237]
[8.862531]
[8.996185]
[9.0792885]
[6.268254]
[4.7253966]
[4.5881824]
[4.6178656]
[4.6144557]
[4.581069]
[6.093489]
[4.889002]
[4.572009]
[4.6151543]
[4.59878]
[4.5469704]
[4.3198533]
[4.714074]
[4.9389353]
[4.799288]
[4.741398]
[4.6478996]
[4.5730505]
[4.5867734]
[4.6554375]
[4.8072944]
[4.822323]
[4.671069]
[4.6983466]
[4.649511]
[4.5822067]
[4.6199617]
[4.617047]
[4.6520276]
[6.9726324]
[7.4089136]
[12.458375]
[8.538836]
[7.602908]
[8.928238]
[8.752351]
[7.7445636]
[11.054787]
[10.513362]
[8.593196]
[10.282449]
[10.929956]
[8.771461]
[8.306923]
[10.978103]
[11.719963]
[11.791667]
[11.707307]
[16.952614]
[11.43389]
[8.958635]
[12.491831]
[16.69286]
[20.341396]
[14.627088]
[12.156168]
[11.293742]
[9.883902]
[9.862631]
[10.908387]
[11.112655]
[11.978404]
[12.226265]
[11.30474]
[11.180183]
[12.259818]
[11.86991]
[11.48736]
[12.405923]
[12.715076]
[11.521083]
[10.750644]
[11.893879]
[12.191306]
[12.046929]
[11.985301]
[11.532183]
[10.934361]
[11.16867]
[11.883301]
[13.065302]
[12.600409]
[11.335434]
[12.764825]
[12.538719]
[11.835951]
[12.5571]
[12.640274]
[11.945008]
[13.471958]
[12.872257]
[13.014175]
[12.972814]
[12.779227]
[12.603341]
[12.6166725]
[12.803146]
[12.65773]
[14.432727]
[17.439386]
[16.549047]
[12.95559]
[12.818906]
[13.2128935]
[13.548989]
[13.963149]
[13.312662]
[13.074265]
[13.021021]
[13.043121]
[13.17889]
[13.118927]
[13.140474]
[12.942318]
[12.807571]
[12.663945]
[12.759087]
[12.78705]
[12.981552]
[12.92418]
[12.900673]
[12.781247]
[12.788637]
[12.770088]
[12.880918]
[12.847312]
[12.68474]
[12.614612]
[12.616216]
[12.716289]
[12.615544]
[12.647691]
[12.681306]
[12.708145]
[12.7553005]
[12.461369]
[12.533358]
[12.493619]
[12.31565]
[12.481224]
[12.616586]
[12.484069]
[12.390278]
[12.334795]
[12.352576]
[12.340942]
[12.420092]
[12.334596]
[12.328109]
[12.386773]
[12.565695]
[12.899669]
[13.223538]
[13.319174]
[16.89392]
[14.9319725]
[28.79846]
[12.256997]
[11.181882]
[12.352984]
[13.637404]
[14.390533]
[14.642264]
[14.525392]
[14.59129]
[14.526343]
[14.549287]
[14.328493]
[14.236586]
[14.294522]
[14.247091]
[14.807202]
[14.188951]
[14.04262]
[13.958736]
[13.979682]
[13.386459]
[13.937566]
[12.366887]
[11.931442]
[11.62416]
[11.794627]
[12.1273575]
[13.117696]
[12.312891]
[11.897192]
[11.639255]
[11.537952]
[11.372454]
[11.275193]
[11.46369]
[11.251831]
[11.185588]
[11.039866]
[10.984855]
[10.871226]
[10.777673]
[10.700787]
[10.783983]
[11.190917]
[12.003084]
[12.791126]
[12.785822]
[12.3821125]
[11.737422]
[11.587828]
[11.205557]
[11.169904]
[11.303146]
[10.266316]
[9.808335]
[9.323545]
[9.077028]
[9.179871]
[9.086723]
[9.105178]
[9.016247]
[9.060054]
[8.969983]
[8.8974695]
[8.987883]
[8.8567]
[8.95024]
[8.899471]
[8.905865]
[8.910337]
[8.918489]
[8.879901]
[8.856695]
[8.807553]
[8.805975]
[8.752642]
[8.737931]
[8.743402]
[8.80603]
[8.759355]
[8.682028]
[8.767787]
[8.68182]
[8.285391]
[8.24116]
[8.14268]
[7.9309316]
[7.7660723]
[7.818214]
[7.949559]
[7.958296]
[7.928547]
[7.703076]
[7.5994787]
[7.327466]
[8.493569]
[8.83143]
[8.562455]
[8.375193]
[8.200006]
[8.090627]
[8.034893]
[7.938413]
[8.016441]
[7.9653635]
[7.889447]
[7.951686]
[7.838514]
[7.672928]
[7.8521667]
[8.113188]
[7.951341]
[8.095952]
[8.139129]
[7.7024045]
[7.4912863]
[7.325173]
[7.3007936]
[7.209704]
[7.236429]
[7.3218465]
[7.305912]
[7.203432]
[7.2457924]
[7.243693]
[7.21289]
[7.2249756]
[7.2603793]
[7.195427]
[7.2210407]
[7.2400756]
[7.2415433]
[7.219699]
[7.1332264]
[7.2682905]
[7.258783]
[7.172929]
[7.216023]
[7.2860746]
[7.2349234]
[7.249345]
[7.1984434]
[7.26716]
[7.346062]
[6.004172]
[5.7875633]
[5.684138]
[5.1577544]
[5.13892]
[5.0473156]
[5.103783]
[5.110816]
[5.0238748]
[5.1066146]
[5.124054]
[5.0901203]
[5.075295]
[5.0858026]
[5.1420283]
[5.1234217]
[5.0500994]
[5.1765046]
[5.148603]
[5.052414]
[5.1608763]
[5.1803803]
[5.154125]
[5.154541]
[5.1727157]
[5.1755466]
[5.178396]
[5.180223]
[5.1946936]
[5.2542434]
[5.197459]
[5.248892]
[5.6034226]
[5.5704627]
[9.108522]
[6.047759]
[7.0681567]
[7.41005]
[5.7475104]
[5.467051]
[5.4486685]
[5.412885]
[5.6935573]
[5.4189377]
[5.6287327]
[5.388329]
[5.5811033]
[5.3461666]
[7.445042]
[5.9252424]
[5.478048]
[5.4478292]
[5.4183054]
[5.388921]
[5.359483]
[5.1091485]
[5.2907367]
[5.173177]
[7.2644496]
[5.495804]
[5.0278273]
[5.1852627]
[5.0006347]
[4.971995]
[5.11277]
[4.948995]
[5.0501356]
[5.0255966]
[4.8888707]
[4.978763]
[4.880092]
[4.8247933]
[4.8254404]
[4.8948736]
[4.7970257]
[4.8382416]
[4.75727]
[4.753385]
[4.761578]
[4.763592]
[4.6493254]
[4.69109]
[4.7061143]
[4.6381316]
[4.646591]
[4.633955]
[4.589788]
[4.6488585]
[4.551043]
[4.614742]
[7.729439]
[7.8234534]
[8.230799]
[7.9070697]
[8.249137]
[8.3543415]
[8.326686]
[8.308393]
[8.93016]
[8.4357395]
[8.917396]
[8.423531]
[8.902808]
[8.409726]
[8.888374]
[8.982059]
[8.434328]
[8.424549]
[8.439409]
[8.469029]
[8.51058]
[8.510421]
[8.47184]
[8.837993]
[8.560206]
[9.097109]
[8.8896265]
[8.598201]
[9.367312]
[9.38891]
[9.370042]
[11.001079]
[11.191309]
[11.146995]
[11.637672]
[11.124874]
[11.536345]
[12.078592]
[12.078861]
[15.07202]
[16.701437]
[14.75085]
[11.523084]
[11.613044]
[11.5997]
[12.022095]
[15.358209]
[12.2048]
[11.794071]
[11.707944]
[12.094825]
[11.100606]
[10.924665]
[10.896184]
[11.029245]
[11.095639]
[11.342026]
[11.33231]
[11.192059]
[11.3689995]
[11.390447]
[12.79323]
[13.498386]
[13.803827]
[14.079097]
[13.56269]
[13.797217]
[13.318224]
[13.16501]
[13.321659]
[11.676242]
[16.224741]
[17.661385]
[15.367229]
[14.883332]
[12.338526]
[15.041276]
[14.935104]
[14.805463]
[14.622959]
[14.580169]
[14.468902]
[14.353496]
[14.311536]
[14.201259]
[13.980335]
[14.171917]
[15.182045]
[15.007425]
[15.530783]
[15.356016]
[14.705671]
[13.470131]
[12.67168]
[12.73511]
[11.502719]
[11.586449]
[14.117965]
[15.495312]
[15.843322]
[15.871825]
[15.514576]
[14.703465]
[15.376456]
[15.287321]
[15.307337]
[15.637477]
[15.807954]
[16.15364]
[15.774689]
[16.12791]
[16.152134]
[16.01005]
[15.921119]
[16.151733]
[14.621837]
[15.442777]
[16.487896]
[16.176643]
[15.962207]
[15.797257]
[15.764544]
[15.442914]
[15.83568]
[15.945212]
[15.751049]
[16.842878]
[16.195938]
[15.967799]
[15.880502]
[15.757276]
[16.126154]
[15.881188]
[16.420752]
[18.858719]
[21.199009]
[17.6746]
[24.248665]
[24.116743]
[22.080675]
[20.84099]
[19.240698]
[4.3170357]
[14.404071]
[16.552977]
[16.289104]
[19.80751]
[37.182068]
[42.778366]
[47.83918]
[55.657227]
[42.932392]
[37.883583]
[54.920834]
[66.271126]
[65.06613]
[64.0807]
[54.36655]
[70.85262]
[79.791725]
[88.35905]
[120.94579]
[109.67222]
[108.65079]
[97.56847]
[96.54972]
[95.51923]
[96.8106]
[94.269585]
[91.79258]
[87.65028]
[85.09499]
[67.373726]
[70.71258]
[88.27804]
[86.12366]
[85.65071]
[87.84328]
[74.573456]
[75.89455]
[107.45606]
[118.55227]
[130.02025]
[129.25195]
[126.12843]
[126.503975]
[129.12675]
[127.32223]
[99.90928]
[99.11171]
[96.86952]
[94.60879]
[93.659485]
[60.695164]
[49.79497]
[60.01748]
[55.115566]
[51.959183]
[40.27515]
[21.476568]
[18.331493]
[19.004381]
[31.304565]
[46.02268]
[40.66681]
[42.44412]
[34.21281]
[17.875103]
[13.772598]
[27.462566]
[17.428936]
[14.889692]
[14.032841]
[11.930967]
[11.271698]
[11.278413]
[13.5162945]
[13.518993]
[12.474468]
[11.340876]
[12.2676325]
[10.224663]
[9.774503]
[10.951885]
[10.932912]
[10.336734]
[10.709371]
[10.826843]
[11.164206]
[11.357402]
[13.612432]
[14.301449]
[10.906767]
[10.312186]
[10.65556]
[11.222659]
[11.467688]
[10.793458]
[10.846467]
[10.792963]
[10.162123]
[10.515704]
[9.116558]
[7.993627]
[8.92891]
[9.728127]
[12.224375]
[12.585543]
[15.425295]
[11.211737]
[10.590471]
[11.510005]
[9.948156]
[8.311924]
[9.754392]
[17.25661]
[9.309094]
[7.181515]
[8.70381]
[8.799251]
[12.954973]
[12.638491]
[11.149867]
[8.497499]
[9.166972]
[23.557646]
[28.630293]
[27.094452]
[26.371397]
[19.964369]
[9.821687]
[8.430528]
[8.529963]
[6.3415008]
[5.6465883]
[5.2258005]
[4.961126]
[4.547813]
[4.2629776]
[4.3894496]
[4.55658]
[4.4219594]
[4.229566]
[4.209228]
[4.163913]
[4.0198774][10.25]
[9.45]
[13.02]
[10.69]
[5.31]
[5.25]
[5.26]
[5.31]
[5.31]
[5.3]
[5.29]
[5.3]
[9.25]
[9.31]
[9.28]
[9.29]
[9.27]
[9.26]
[9.25]
[9.26]
[9.26]
[9.27]
[9.25]
[9.25]
[9.32]
[9.28]
[9.26]
[9.22]
[9.21]
[9.23]
[9.23]
[9.06]
[9.24]
[9.25]
[9.24]
[9.29]
[9.55]
[9.28]
[9.27]
[9.27]
[9.25]
[9.24]
[9.28]
[12.21]
[12.29]
[12.32]
[12.27]
[12.3]
[12.29]
[12.25]
[12.25]
[12.25]
[12.29]
[12.3]
[12.3]
[12.31]
[12.36]
[12.34]
[12.35]
[12.36]
[12.37]
[12.39]
[12.39]
[12.4]
[12.36]
[12.39]
[12.4]
[12.41]
[12.52]
[12.25]
[12.25]
[12.03]
[12.31]
[26.75]
[15.2]
[15.05]
[15.12]
[15.03]
[15.09]
[15.17]
[15.22]
[15.41]
[15.4]
[15.43]
[15.24]
[15.14]
[15.08]
[15.29]
[15.3]
[15.23]
[15.22]
[15.17]
[15.21]
[15.24]
[15.21]
[15.26]
[15.09]
[15.03]
[14.94]
[15.09]
[15.28]
[15.3]
[15.52]
[15.38]
[15.46]
[15.26]
[15.55]
[15.54]
[15.27]
[22.36]
[17.87]
[15.85]
[42.75]
[82.22]
[94.05]
[93.25]
[90.97]
[55.68]
[49.63]
[58.09]
[56.67]
[54.59]
[53.59]
[58.05]
[53.08]
[41.74]
[57.88]
[58.89]
[56.17]
[56.45]
[59.98]
[24.57]
[23.68]
[48.95]
[58.59]
[52.66]
[61.65]
[55.39]
[15.63]
[15.57]
[49.45]
[48.02]
[57.5]
[95.04]
[91.35]
[127.12]
[159.08]
[215.85]
[192.9]
[144.63]
[136.75]
[131.02]
[99.64]
[86.83]
[129.19]
[131.03]
[129.73]
[130.49]
[130.52]
[92.3]
[87.76]
[90.33]
[91.84]
[90.24]
[92.4]
[96.82]
[52.74]
[45.22]
[55.96]
[60.38]
[51.61]
[55.5]
[62.81]
[54.04]
[56.12]
[53.08]
[60.33]
[38.11]
[64.66]
[62.07]
[50.21]
[45.53]
[67.12]
[58.52]
[53.52]
[50.52]
[53.77]
[41.06]
[38.17]
[35.45]
[50.08]
[57.71]
[43.73]
[61.41]
[54.5]
[42.43]
[96.98]
[93.31]
[95.73]
[93.08]
[91.61]
[94.94]
[85.74]
[88.4]
[98.74]
[90.94]
[95.37]
[98.5]
[45.13]
[47.61]
[67.66]
[39.1]
[71.69]
[37.29]
[69.59]
[19.53]
[12.7]
[49.99]
[27.12]
[31.05]
[19.21]
[28.46]
[14.31]
[9.94]
[17.83]
[28.86]
[44.83]
[46.46]
[52.06]
[24.01]
[9.42]
[50.97]
[57.23]
[44.2]
[37.8]
[12.15]
[9.41]
[10.47]
[20.43]
[33.31]
[48.25]
[44.01]
[55.45]
[12.7]
[10.36]
[51.64]
[50.92]
[50.38]
[49.93]
[49.1]
[13.79]
[10.13]
[29.22]
[34.2]
[23.2]
[39.35]
[38.77]
[14.08]
[10.2]
[32.49]
[35.58]
[33.86]
[32.24]
[29.9]
[23.23]
[16.87]
[24.9]
[28.37]
[17.49]
[16.74]
[47.53]
[16.06]
[15.03]
[32.65]
[36.66]
[33.79]
[32.62]
[31.6]
[12.79]
[8.68]
[29.3]
[28.48]
[33.01]
[32.79]
[29.71]
[12.11]
[7.79]
[7.39]
[5.3]
[5.33]
[5.36]
[5.41]
[5.44]
[5.46]
[5.48]
[5.51]
[5.52]
[5.54]
[5.55]
[5.56]
[5.57]
[5.58]
[5.41]
[5.59]
[5.59]
[5.59]
[5.59]
[5.59]
[5.59]
[5.52]
[9.82]
[15.53]
[16.95]
[20.82]
[11.7]
[14.18]
[15.4]
[23.39]
[19.41]
[16.47]
[11.42]
[6.71]
[12.54]
[12.67]
[10.63]
[11.37]
[12.05]
[14.44]
[14.47]
[12.32]
[14.46]
[13.82]
[14.57]
[14.58]
[8.47]
[14.78]
[14.81]
[14.47]
[5.31]
[5.31]
[5.29]
[6.65]
[12.03]
[10.97]
[11.68]
[7.09]
[5.32]
[5.32]
[5.33]
[5.32]
[5.32]
[7.66]
[5.32]
[5.32]
[5.32]
[5.29]
[5.21]
[5.09]
[5.1]
[5.1]
[5.1]
[5.11]
[5.11]
[5.1]
[5.12]
[5.22]
[5.48]
[5.49]
[5.27]
[5.12]
[5.13]
[5.12]
[5.12]
[5.11]
[5.16]
[8.76]
[8.76]
[8.94]
[8.95]
[8.95]
[10.8]
[10.34]
[8.93]
[12.82]
[12.41]
[9.78]
[12.71]
[13.05]
[9.78]
[9.61]
[13.47]
[13.71]
[13.82]
[13.8]
[20.11]
[12.1]
[10.21]
[15.44]
[19.36]
[24.22]
[16.35]
[13.82]
[12.91]
[11.05]
[11.21]
[12.63]
[12.73]
[13.93]
[14.]
[12.75]
[12.72]
[14.06]
[13.64]
[13.18]
[14.13]
[14.47]
[12.97]
[12.08]
[13.53]
[13.92]
[14.]
[14.03]
[13.47]
[12.53]
[12.61]
[12.89]
[13.87]
[13.64]
[12.29]
[13.75]
[12.77]
[12.77]
[13.97]
[13.97]
[12.95]
[15.58]
[14.78]
[14.97]
[14.82]
[14.67]
[14.69]
[14.7]
[14.81]
[14.7]
[17.5]
[18.04]
[19.37]
[14.58]
[14.62]
[14.69]
[14.75]
[14.6]
[14.39]
[14.42]
[14.49]
[14.55]
[14.59]
[14.62]
[14.6]
[14.31]
[14.23]
[14.12]
[14.15]
[14.3]
[14.52]
[14.49]
[14.43]
[14.23]
[14.17]
[14.28]
[14.37]
[14.29]
[14.2]
[14.09]
[14.11]
[14.23]
[14.04]
[14.13]
[14.15]
[14.07]
[14.02]
[13.88]
[13.88]
[13.78]
[13.82]
[13.92]
[14.08]
[13.97]
[13.86]
[13.82]
[13.83]
[13.99]
[14.01]
[13.84]
[13.78]
[13.71]
[13.96]
[14.1]
[13.99]
[13.72]
[16.98]
[13.92]
[13.67]
[13.53]
[13.42]
[13.41]
[13.36]
[14.17]
[14.52]
[14.48]
[14.44]
[14.41]
[14.38]
[14.37]
[14.35]
[14.34]
[14.31]
[15.25]
[14.32]
[14.31]
[14.29]
[14.29]
[14.58]
[14.56]
[12.15]
[11.95]
[11.88]
[11.87]
[11.82]
[13.39]
[11.95]
[11.94]
[11.89]
[11.86]
[11.86]
[11.84]
[11.83]
[11.81]
[11.86]
[11.86]
[11.8]
[11.8]
[11.79]
[11.78]
[11.77]
[11.96]
[11.94]
[11.9]
[11.85]
[11.35]
[11.83]
[11.8]
[12.]
[12.06]
[12.03]
[9.66]
[9.6]
[9.59]
[9.63]
[9.74]
[9.73]
[9.68]
[9.68]
[9.7]
[9.68]
[9.68]
[9.67]
[9.67]
[9.73]
[9.77]
[9.75]
[9.77]
[9.77]
[9.77]
[9.74]
[9.74]
[9.73]
[9.72]
[9.75]
[9.75]
[9.79]
[9.77]
[9.77]
[9.78]
[9.77]
[9.09]
[9.09]
[8.91]
[8.69]
[8.69]
[8.66]
[8.69]
[8.7]
[8.7]
[8.66]
[8.67]
[8.77]
[8.78]
[8.78]
[8.77]
[8.78]
[8.77]
[8.74]
[8.74]
[8.77]
[8.77]
[8.77]
[8.76]
[8.77]
[8.76]
[8.77]
[8.77]
[8.76]
[8.76]
[8.77]
[8.71]
[8.26]
[8.23]
[8.06]
[8.02]
[8.01]
[8.04]
[8.06]
[8.04]
[8.05]
[8.06]
[8.05]
[8.05]
[8.07]
[8.07]
[8.06]
[8.04]
[8.08]
[8.07]
[8.07]
[8.03]
[8.1]
[8.09]
[8.1]
[8.11]
[8.1]
[8.11]
[8.12]
[8.11]
[8.11]
[8.13]
[6.13]
[6.11]
[5.91]
[5.29]
[5.35]
[5.29]
[5.31]
[5.3]
[5.3]
[5.3]
[5.31]
[5.3]
[5.27]
[5.29]
[5.29]
[5.29]
[5.3]
[5.3]
[5.34]
[5.31]
[5.31]
[5.32]
[5.32]
[5.31]
[5.33]
[5.32]
[5.32]
[5.31]
[5.33]
[5.32]
[5.34]
[5.34]
[5.89]
[5.74]
[5.51]
[5.5]
[7.49]
[7.16]
[5.55]
[5.56]
[5.48]
[5.43]
[5.41]
[5.42]
[5.48]
[5.44]
[5.44]
[5.44]
[7.99]
[5.37]
[5.4]
[5.41]
[5.38]
[5.38]
[5.39]
[5.38]
[5.38]
[5.43]
[5.4]
[5.41]
[5.42]
[5.41]
[5.41]
[5.41]
[5.41]
[5.42]
[5.44]
[5.44]
[5.45]
[5.47]
[5.47]
[5.4]
[5.42]
[5.44]
[5.46]
[5.47]
[5.46]
[5.46]
[5.47]
[5.47]
[5.42]
[5.48]
[5.49]
[5.48]
[5.46]
[5.46]
[5.5]
[5.51]
[5.48]
[5.46]
[9.04]
[9.13]
[9.13]
[9.16]
[9.17]
[9.17]
[9.19]
[9.21]
[9.24]
[9.24]
[9.22]
[9.2]
[9.27]
[9.28]
[9.28]
[9.29]
[9.32]
[9.33]
[9.33]
[9.34]
[9.36]
[9.37]
[9.38]
[9.41]
[9.41]
[9.41]
[9.41]
[9.42]
[9.83]
[9.49]
[9.52]
[12.18]
[12.29]
[12.29]
[12.33]
[12.37]
[12.42]
[12.45]
[12.39]
[15.27]
[16.55]
[14.11]
[12.06]
[12.15]
[12.22]
[12.2]
[14.89]
[12.24]
[12.29]
[12.3]
[12.82]
[12.19]
[12.16]
[12.29]
[12.32]
[12.3]
[12.41]
[12.47]
[12.46]
[12.66]
[12.65]
[14.68]
[15.59]
[15.66]
[15.62]
[15.61]
[15.62]
[15.55]
[15.55]
[15.53]
[15.48]
[15.58]
[15.63]
[15.67]
[15.73]
[15.76]
[15.69]
[15.74]
[15.74]
[15.7]
[15.75]
[15.81]
[15.74]
[15.69]
[15.67]
[15.67]
[15.69]
[15.71]
[15.78]
[15.82]
[15.85]
[15.84]
[15.82]
[15.81]
[15.68]
[15.65]
[15.45]
[15.76]
[15.72]
[15.72]
[15.72]
[15.86]
[15.62]
[15.55]
[15.84]
[15.47]
[15.85]
[15.91]
[15.89]
[15.6]
[15.96]
[15.99]
[15.84]
[15.77]
[15.99]
[15.57]
[15.56]
[15.78]
[15.69]
[15.67]
[15.63]
[15.75]
[15.5]
[15.92]
[15.96]
[15.99]
[16.2]
[15.99]
[15.99]
[15.96]
[15.93]
[15.94]
[15.96]
[15.89]
[15.75]
[15.57]
[14.85]
[16.98]
[17.18]
[17.15]
[16.64]
[16.94]
[16.89]
[16.85]
[16.85]
[16.82]
[22.09]
[48.14]
[54.09]
[52.25]
[50.82]
[26.21]
[24.32]
[46.38]
[54.6]
[55.32]
[58.59]
[42.22]
[59.61]
[52.27]
[91.07]
[134.99]
[99.13]
[93.08]
[89.49]
[90.15]
[90.7]
[92.91]
[90.54]
[92.41]
[91.17]
[89.85]
[54.37]
[55.31]
[91.98]
[89.63]
[92.51]
[92.65]
[53.92]
[58.15]
[118.86]
[121.02]
[128.01]
[129.11]
[130.04]
[130.07]
[129.96]
[130.52]
[93.73]
[94.19]
[93.43]
[94.32]
[94.03]
[49.04]
[42.92]
[63.69]
[56.03]
[54.7]
[38.34]
[11.79]
[11.72]
[12.96]
[33.11]
[57.23]
[47.44]
[52.93]
[38.46]
[13.38]
[10.84]
[32.12]
[12.86]
[13.04]
[11.96]
[9.06]
[9.09]
[9.87]
[13.99]
[13.87]
[12.77]
[11.54]
[13.62]
[10.08]
[9.89]
[11.66]
[11.41]
[10.97]
[12.27]
[12.58]
[13.52]
[14.11]
[18.19]
[19.12]
[13.6]
[13.55]
[13.48]
[13.43]
[13.64]
[13.07]
[13.76]
[13.75]
[12.85]
[13.71]
[11.22]
[9.92]
[11.7]
[12.05]
[15.5]
[15.5]
[20.41]
[11.86]
[11.21]
[12.16]
[10.03]
[8.58]
[11.93]
[24.96]
[9.81]
[9.12]
[11.89]
[11.97]
[19.72]
[18.14]
[16.04]
[11.71]
[13.74]
[39.18]
[46.43]
[42.22]
[40.7]
[29.17]
[11.6]
[7.7]
[7.77]
[5.18]
[5.21]
[5.24]
[5.27]
[5.28]
[5.29]
[5.31]
[5.33]
[5.34]
[5.35]
[5.36]
[5.37]
[5.38]
[5.39]