0.881133312555137, 0.9002899296480652, -10.136750168054752, 209.87099751799352[13.948239]
[11.841722]
[10.712451]
[12.1843815]
[11.529675]
[8.648528]
[7.7960563]
[7.868106]
[7.841845]
[7.8248963]
[7.8157287]
[7.7330422]
[7.781957]
[9.715175]
[10.373591]
[10.309209]
[10.435769]
[10.9509]
[12.654419]
[13.046132]
[12.130897]
[11.357701]
[11.068045]
[10.992884]
[10.877887]
[10.888997]
[10.888477]
[10.856251]
[10.714196]
[10.66458]
[10.572542]
[10.693813]
[10.83368]
[10.821093]
[10.741807]
[10.824438]
[10.75925]
[10.811865]
[14.149552]
[12.0219]
[11.370438]
[11.876874]
[12.145563]
[11.888351]
[13.044371]
[13.3268795]
[13.223507]
[13.305474]
[13.259292]
[13.805492]
[14.042326]
[13.770739]
[13.365045]
[13.44137]
[13.2194805]
[13.188188]
[13.193242]
[13.220077]
[13.096637]
[13.083511]
[13.097434]
[13.105561]
[12.99173]
[13.115079]
[13.135591]
[13.241451]
[13.778486]
[13.963901]
[13.492572]
[13.730241]
[15.627238]
[11.75247]
[12.475685]
[13.152449]
[34.64472]
[19.302797]
[14.749228]
[14.590422]
[14.568477]
[14.602198]
[14.781503]
[14.758515]
[14.624175]
[14.824795]
[14.79525]
[14.608357]
[14.800164]
[14.953652]
[15.004263]
[14.82404]
[15.059146]
[15.147643]
[15.564205]
[15.174039]
[14.9721365]
[15.219751]
[15.093033]
[14.887547]
[14.813011]
[14.603745]
[15.278684]
[15.669714]
[15.468936]
[16.238234]
[16.484768]
[16.992752]
[21.244532]
[26.125673]
[23.294418]
[34.738503]
[53.84417]
[39.187508]
[66.36964]
[80.8046]
[87.01195]
[97.83943]
[136.14195]
[97.25216]
[76.77951]
[62.412365]
[64.56998]
[63.20602]
[57.752552]
[53.86966]
[54.635757]
[52.245678]
[43.743694]
[49.884884]
[53.976875]
[51.143333]
[51.434883]
[55.14847]
[35.597225]
[29.974178]
[43.347736]
[49.39886]
[46.581654]
[49.51222]
[45.7621]
[27.242813]
[25.736563]
[45.706738]
[50.543293]
[75.338005]
[106.51593]
[148.98769]
[176.27612]
[183.07585]
[210.68643]
[175.13768]
[158.55765]
[150.62027]
[132.00838]
[112.24866]
[93.089066]
[112.49914]
[121.058395]
[122.61297]
[125.478745]
[134.8921]
[117.1904]
[102.36424]
[95.96376]
[96.4478]
[93.86235]
[92.35981]
[96.43615]
[77.90055]
[67.78473]
[75.74895]
[75.85997]
[74.33089]
[71.92042]
[72.80623]
[64.85075]
[61.53002]
[57.86903]
[59.501595]
[47.14203]
[56.227173]
[58.73855]
[53.006783]
[49.87355]
[58.77305]
[54.377556]
[49.04608]
[45.53737]
[46.756847]
[44.338936]
[45.277588]
[48.4559]
[62.987343]
[70.357216]
[63.37214]
[67.64507]
[61.17889]
[59.246933]
[96.00908]
[99.07247]
[93.84409]
[88.03767]
[83.89702]
[84.6389]
[82.85063]
[87.5874]
[95.0378]
[93.54]
[101.766205]
[103.93303]
[78.53226]
[70.503525]
[77.69227]
[62.283577]
[73.10938]
[56.76026]
[65.24477]
[42.58631]
[29.13978]
[47.55845]
[39.78841]
[37.02588]
[30.550762]
[32.728367]
[26.310293]
[20.851084]
[23.96302]
[30.062147]
[37.611923]
[39.579956]
[43.337254]
[34.263668]
[23.529257]
[42.72133]
[50.301712]
[43.948154]
[41.14382]
[28.655832]
[24.010664]
[23.671497]
[27.504078]
[33.378532]
[40.369946]
[39.580257]
[43.87366]
[25.636568]
[19.69308]
[39.3327]
[40.751247]
[41.25671]
[41.28333]
[38.776768]
[25.413506]
[20.998459]
[30.362276]
[33.428696]
[28.056376]
[32.65024]
[33.14946]
[21.831774]
[16.294151]
[26.344955]
[29.905626]
[29.060862]
[27.237366]
[25.994944]
[22.217817]
[18.719322]
[22.081264]
[24.800253]
[21.07708]
[21.774317]
[38.59687]
[25.495756]
[18.954441]
[26.64519]
[29.499844]
[28.508537]
[26.981659]
[25.88332]
[17.071198]
[12.791475]
[21.802837]
[22.778421]
[24.44345]
[25.866219]
[24.13668]
[16.07155]
[11.602111]
[10.776507]
[9.650479]
[9.244034]
[9.448712]
[9.662543]
[9.569799]
[9.346215]
[9.198764]
[9.201087]
[9.198789]
[9.149743]
[9.033528]
[8.936663]
[8.9054575]
[8.913291]
[8.819351]
[8.790792]
[8.720753]
[8.686178]
[8.686178]
[8.686178]
[8.686178]
[8.564217]
[10.216305]
[14.489369]
[14.953494]
[16.327877]
[13.084538]
[13.128172]
[13.801121]
[17.253708]
[16.560741]
[15.010557]
[12.427384]
[9.508967]
[11.539304]
[12.229833]
[11.318593]
[11.384258]
[11.81604]
[13.125726]
[13.418538]
[12.32981]
[13.02155]
[18.809793]
[15.206945]
[13.630184]
[10.727384]
[13.058139]
[13.679937]
[13.499192]
[9.2895155]
[7.9228706]
[7.947249]
[8.581143]
[11.266527]
[11.687182]
[11.680426]
[9.56316]
[8.049582]
[7.8230963]
[7.843679]
[7.839917]
[7.757374]
[9.00046]
[8.148231]
[7.734651]
[7.816883]
[7.7495303]
[7.7508106]
[7.6330695]
[7.9968095]
[8.278066]
[8.092241]
[8.021157]
[7.864255]
[7.793689]
[7.80142]
[7.8578067]
[7.9388537]
[7.9771476]
[7.8744025]
[7.926534]
[7.804905]
[7.7815657]
[7.810643]
[7.805458]
[7.832571]
[9.608945]
[10.191176]
[13.955219]
[11.547034]
[10.26212]
[11.32889]
[11.134611]
[10.484965]
[12.812214]
[12.60045]
[11.129424]
[12.387074]
[12.856819]
[11.336402]
[10.951954]
[13.037088]
[13.807396]
[13.572074]
[13.52175]
[17.147911]
[13.662945]
[11.43295]
[14.165186]
[16.943777]
[20.077772]
[16.143398]
[13.588533]
[12.846825]
[11.746187]
[11.665487]
[12.328162]
[12.540246]
[13.290326]
[13.379783]
[12.780666]
[12.765944]
[13.432323]
[13.082132]
[13.185807]
[13.812626]
[13.733906]
[12.946382]
[12.490905]
[13.280459]
[13.4141245]
[13.331419]
[13.409075]
[12.968439]
[12.551134]
[12.3875]
[13.396936]
[14.61887]
[14.062386]
[12.70524]
[14.279072]
[14.4109335]
[13.429355]
[13.729096]
[13.772202]
[13.067503]
[14.57603]
[14.092737]
[14.133792]
[14.111368]
[14.013424]
[13.878243]
[13.74179]
[14.012625]
[13.829205]
[15.379911]
[17.653599]
[16.870403]
[14.060912]
[13.676766]
[14.037325]
[13.894777]
[14.566952]
[13.796624]
[13.459818]
[13.316956]
[13.1498785]
[13.253888]
[12.976326]
[12.900703]
[12.641216]
[12.400206]
[12.14899]
[12.255008]
[12.203386]
[12.347372]
[12.276901]
[12.303818]
[12.301897]
[12.296982]
[12.205134]
[12.379843]
[12.328201]
[12.128898]
[12.1468935]
[12.173043]
[12.293432]
[12.26311]
[12.291621]
[12.445726]
[12.632481]
[12.601058]
[12.263285]
[12.511579]
[12.415435]
[12.171509]
[12.532216]
[12.589288]
[12.480001]
[12.481974]
[12.486089]
[12.533979]
[12.554697]
[12.881465]
[12.928643]
[12.987786]
[13.029388]
[13.015811]
[13.634945]
[14.315612]
[16.83311]
[11.319874]
[24.970135]
[32.47261]
[17.416723]
[14.322968]
[15.335237]
[16.277502]
[16.239634]
[16.013725]
[15.95042]
[15.935349]
[15.769352]
[15.822688]
[15.442931]
[15.389036]
[15.553816]
[15.491056]
[15.750947]
[15.30355]
[15.172027]
[15.039884]
[15.102187]
[14.476538]
[14.932721]
[14.010314]
[13.604426]
[13.328157]
[13.831657]
[14.117782]
[14.948544]
[14.494796]
[13.99437]
[13.720816]
[13.654679]
[13.463491]
[13.391911]
[13.697864]
[13.462065]
[13.409376]
[13.218927]
[13.21407]
[13.080942]
[12.974021]
[12.867243]
[13.020683]
[13.674058]
[14.924126]
[15.79059]
[15.55353]
[15.195058]
[14.664372]
[14.581195]
[14.155515]
[14.159485]
[14.335742]
[13.601022]
[13.058525]
[12.526581]
[12.310064]
[12.368413]
[12.288806]
[12.271775]
[12.157158]
[12.161928]
[12.041137]
[12.022171]
[12.026181]
[11.902172]
[11.971199]
[11.89829]
[11.941116]
[11.89432]
[11.881628]
[11.81528]
[11.770549]
[11.686201]
[11.658832]
[11.569912]
[11.576731]
[11.583383]
[11.58445]
[11.499835]
[11.489063]
[11.5637]
[11.490947]
[11.265804]
[11.118238]
[10.994918]
[10.752207]
[10.683479]
[10.822256]
[10.849658]
[10.780091]
[10.687243]
[10.577817]
[10.695561]
[10.85699]
[11.855193]
[12.038218]
[11.723066]
[11.461404]
[11.270045]
[11.139591]
[11.033623]
[10.917885]
[11.0140915]
[10.866072]
[10.813241]
[10.809108]
[10.63906]
[10.6200905]
[10.948366]
[11.203473]
[11.011782]
[11.2271]
[11.130982]
[10.668415]
[10.427703]
[10.293477]
[10.239464]
[10.118318]
[10.194975]
[10.2505045]
[10.151647]
[10.048715]
[10.12731]
[10.063653]
[10.050266]
[10.053283]
[10.026807]
[9.969931]
[9.995215]
[9.940002]
[9.907621]
[9.8320675]
[9.821193]
[9.873239]
[9.735289]
[9.743109]
[9.811009]
[9.7913475]
[9.728457]
[9.796633]
[9.818821]
[9.943299]
[9.961648]
[8.861048]
[8.48846]
[8.315392]
[7.859747]
[7.778409]
[7.712096]
[7.7428865]
[7.7006283]
[7.6808653]
[7.723965]
[7.6883073]
[7.667234]
[7.6436343]
[7.6423345]
[7.6467733]
[7.587621]
[7.5735717]
[7.6102505]
[7.541904]
[7.563364]
[7.6190076]
[7.573134]
[7.559325]
[7.5481906]
[7.551987]
[7.545486]
[7.535322]
[7.5254393]
[7.5265493]
[7.532653]
[7.468737]
[7.5240407]
[7.7620425]
[7.7973757]
[10.567932]
[8.46013]
[8.949265]
[9.245279]
[7.9453826]
[7.5674896]
[7.527438]
[7.4736476]
[7.7231793]
[7.4940166]
[7.6938314]
[7.4825406]
[7.6732717]
[7.462212]
[9.240725]
[8.168359]
[7.6472845]
[7.6306815]
[7.6149335]
[7.599272]
[7.5835056]
[7.342814]
[7.527092]
[7.281498]
[9.194919]
[7.823189]
[7.2981606]
[7.479163]
[7.2939296]
[7.2765193]
[7.4439473]
[7.271134]
[7.4187665]
[7.399458]
[7.2510037]
[7.388763]
[7.246585]
[7.2252574]
[7.2167625]
[7.340686]
[7.2051415]
[7.3241105]
[7.1855073]
[7.2099853]
[7.2125793]
[7.284104]
[7.1249275]
[7.18422]
[7.2621927]
[7.13336]
[7.169462]
[7.2248526]
[7.112653]
[7.227391]
[7.1616063]
[7.073115]
[9.700695]
[9.892623]
[10.172606]
[9.881263]
[10.137903]
[10.204652]
[10.183085]
[10.148688]
[10.610337]
[10.249042]
[10.567618]
[10.207137]
[10.522614]
[10.128106]
[10.331156]
[10.313259]
[9.797218]
[9.740739]
[9.636277]
[9.563874]
[9.499909]
[9.44554]
[9.237146]
[9.432439]
[9.119057]
[9.406882]
[9.217602]
[9.011529]
[9.538546]
[9.53338]
[9.542148]
[10.628521]
[10.857364]
[10.841373]
[11.17836]
[10.8887825]
[11.147009]
[11.558188]
[11.613814]
[13.602244]
[14.844024]
[13.711404]
[11.521674]
[11.441351]
[11.495643]
[11.822844]
[14.101893]
[12.279717]
[11.837557]
[11.823128]
[12.136392]
[11.521743]
[11.352893]
[11.272027]
[11.826603]
[11.936922]
[12.145056]
[11.84923]
[11.001417]
[11.263337]
[10.988856]
[11.661191]
[11.65604]
[11.663097]
[11.656704]
[11.266288]
[11.261027]
[10.942183]
[10.953265]
[11.504666]
[12.791048]
[17.72737]
[24.951195]
[16.14016]
[15.241902]
[12.833696]
[14.647502]
[14.990132]
[15.040761]
[14.673414]
[14.38833]
[13.87276]
[13.679709]
[13.55684]
[13.188134]
[13.55151]
[16.189621]
[15.546781]
[15.274664]
[15.795435]
[15.874456]
[15.579451]
[15.530592]
[15.599579]
[15.333905]
[14.978323]
[15.574578]
[17.390375]
[17.186333]
[17.312471]
[18.237375]
[18.996956]
[17.79466]
[18.175543]
[18.264317]
[18.137167]
[18.40061]
[18.626076]
[18.410046]
[17.617636]
[17.604336]
[17.362032]
[17.184027]
[17.065678]
[17.091972]
[17.978048]
[19.500206]
[18.938734]
[18.069048]
[17.240711]
[16.96091]
[16.845667]
[16.549492]
[17.041119]
[17.19976]
[17.711618]
[18.492878]
[17.733986]
[17.472462]
[17.432579]
[17.359982]
[17.914104]
[17.798054]
[18.737387]
[23.989115]
[27.469366]
[20.745163]
[28.893766]
[29.576683]
[24.885588]
[24.52711]
[22.58359]
[9.063534]
[16.443016]
[19.788443]
[19.427298]
[21.97021]
[36.356663]
[42.602394]
[48.551483]
[56.72852]
[47.94133]
[41.60114]
[57.814632]
[67.46704]
[68.092804]
[65.193825]
[57.88285]
[71.48187]
[91.3282]
[96.86508]
[122.98352]
[119.95915]
[125.57715]
[109.67868]
[105.50015]
[100.91274]
[103.06249]
[98.985664]
[95.96741]
[91.32903]
[89.24594]
[76.18957]
[74.47293]
[88.959305]
[89.80025]
[89.29732]
[92.305916]
[87.02209]
[90.41858]
[108.10196]
[127.29933]
[144.54231]
[141.25867]
[132.80786]
[134.67432]
[137.7004]
[131.6364]
[108.071846]
[105.8677]
[100.466156]
[99.179955]
[97.43406]
[68.02275]
[54.858986]
[62.57748]
[59.970615]
[56.034645]
[45.655502]
[28.456293]
[23.348045]
[23.61124]
[33.800583]
[47.34981]
[44.356255]
[45.36873]
[38.896538]
[24.356318]
[19.244173]
[30.367296]
[23.383102]
[19.775614]
[19.20579]
[17.252462]
[16.36743]
[16.377474]
[18.292017]
[18.554083]
[17.627445]
[16.671904]
[17.26427]
[15.8397]
[15.314452]
[16.293657]
[16.324055]
[15.649249]
[15.949677]
[16.131535]
[16.267324]
[16.506845]
[18.22814]
[18.766628]
[16.243088]
[15.522568]
[16.180977]
[16.713116]
[16.570623]
[15.907501]
[15.931737]
[15.924912]
[15.367392]
[15.620773]
[14.519293]
[13.379246]
[14.229026]
[15.308475]
[17.259216]
[17.568766]
[19.977654]
[17.275707]
[16.540913]
[16.828133]
[15.379379]
[13.90907]
[14.861747]
[20.748274]
[15.308017]
[12.800468]
[13.801995]
[13.953477]
[17.109205]
[17.13297]
[16.034998]
[13.794609]
[13.976515]
[24.279278]
[29.009268]
[29.154972]
[27.98494]
[22.51883]
[16.914524]
[13.992377]
[13.203568]
[11.334496]
[10.481869]
[10.142809]
[9.887353]
[9.36497]
[9.345076]
[9.454629]
[9.640902]
[9.348778]
[9.29533]
[9.295786]
[9.147664]
[9.117634][10.25]
[9.45]
[13.02]
[10.69]
[5.31]
[5.25]
[5.26]
[5.31]
[5.31]
[5.3]
[5.29]
[5.3]
[9.25]
[9.31]
[9.28]
[9.29]
[9.27]
[9.26]
[9.25]
[9.26]
[9.26]
[9.27]
[9.25]
[9.25]
[9.32]
[9.28]
[9.26]
[9.22]
[9.21]
[9.23]
[9.23]
[9.06]
[9.24]
[9.25]
[9.24]
[9.29]
[9.55]
[9.28]
[9.27]
[9.27]
[9.25]
[9.24]
[9.28]
[12.21]
[12.29]
[12.32]
[12.27]
[12.3]
[12.29]
[12.25]
[12.25]
[12.25]
[12.29]
[12.3]
[12.3]
[12.31]
[12.36]
[12.34]
[12.35]
[12.36]
[12.37]
[12.39]
[12.39]
[12.4]
[12.36]
[12.39]
[12.4]
[12.41]
[12.52]
[12.25]
[12.25]
[12.03]
[12.31]
[26.75]
[15.2]
[15.05]
[15.12]
[15.03]
[15.09]
[15.17]
[15.22]
[15.41]
[15.4]
[15.43]
[15.24]
[15.14]
[15.08]
[15.29]
[15.3]
[15.23]
[15.22]
[15.17]
[15.21]
[15.24]
[15.21]
[15.26]
[15.09]
[15.03]
[14.94]
[15.09]
[15.28]
[15.3]
[15.52]
[15.38]
[15.46]
[15.26]
[15.55]
[15.54]
[15.27]
[22.36]
[17.87]
[15.85]
[42.75]
[82.22]
[94.05]
[93.25]
[90.97]
[55.68]
[49.63]
[58.09]
[56.67]
[54.59]
[53.59]
[58.05]
[53.08]
[41.74]
[57.88]
[58.89]
[56.17]
[56.45]
[59.98]
[24.57]
[23.68]
[48.95]
[58.59]
[52.66]
[61.65]
[55.39]
[15.63]
[15.57]
[49.45]
[48.02]
[57.5]
[95.04]
[91.35]
[127.12]
[159.08]
[215.85]
[192.9]
[144.63]
[136.75]
[131.02]
[99.64]
[86.83]
[129.19]
[131.03]
[129.73]
[130.49]
[130.52]
[92.3]
[87.76]
[90.33]
[91.84]
[90.24]
[92.4]
[96.82]
[52.74]
[45.22]
[55.96]
[60.38]
[51.61]
[55.5]
[62.81]
[54.04]
[56.12]
[53.08]
[60.33]
[38.11]
[64.66]
[62.07]
[50.21]
[45.53]
[67.12]
[58.52]
[53.52]
[50.52]
[53.77]
[41.06]
[38.17]
[35.45]
[50.08]
[57.71]
[43.73]
[61.41]
[54.5]
[42.43]
[96.98]
[93.31]
[95.73]
[93.08]
[91.61]
[94.94]
[85.74]
[88.4]
[98.74]
[90.94]
[95.37]
[98.5]
[45.13]
[47.61]
[67.66]
[39.1]
[71.69]
[37.29]
[69.59]
[19.53]
[12.7]
[49.99]
[27.12]
[31.05]
[19.21]
[28.46]
[14.31]
[9.94]
[17.83]
[28.86]
[44.83]
[46.46]
[52.06]
[24.01]
[9.42]
[50.97]
[57.23]
[44.2]
[37.8]
[12.15]
[9.41]
[10.47]
[20.43]
[33.31]
[48.25]
[44.01]
[55.45]
[12.7]
[10.36]
[51.64]
[50.92]
[50.38]
[49.93]
[49.1]
[13.79]
[10.13]
[29.22]
[34.2]
[23.2]
[39.35]
[38.77]
[14.08]
[10.2]
[32.49]
[35.58]
[33.86]
[32.24]
[29.9]
[23.23]
[16.87]
[24.9]
[28.37]
[17.49]
[16.74]
[47.53]
[16.06]
[15.03]
[32.65]
[36.66]
[33.79]
[32.62]
[31.6]
[12.79]
[8.68]
[29.3]
[28.48]
[33.01]
[32.79]
[29.71]
[12.11]
[7.79]
[7.39]
[5.3]
[5.33]
[5.36]
[5.41]
[5.44]
[5.46]
[5.48]
[5.51]
[5.52]
[5.54]
[5.55]
[5.56]
[5.57]
[5.58]
[5.41]
[5.59]
[5.59]
[5.59]
[5.59]
[5.59]
[5.59]
[5.52]
[9.82]
[15.53]
[16.95]
[20.82]
[11.7]
[14.18]
[15.4]
[23.39]
[19.41]
[16.47]
[11.42]
[6.71]
[12.54]
[12.67]
[10.63]
[11.37]
[12.05]
[14.44]
[14.47]
[12.32]
[14.46]
[13.82]
[14.57]
[14.58]
[8.47]
[14.78]
[14.81]
[14.47]
[5.31]
[5.31]
[5.29]
[6.65]
[12.03]
[10.97]
[11.68]
[7.09]
[5.32]
[5.32]
[5.33]
[5.32]
[5.32]
[7.66]
[5.32]
[5.32]
[5.32]
[5.29]
[5.21]
[5.09]
[5.1]
[5.1]
[5.1]
[5.11]
[5.11]
[5.1]
[5.12]
[5.22]
[5.48]
[5.49]
[5.27]
[5.12]
[5.13]
[5.12]
[5.12]
[5.11]
[5.16]
[8.76]
[8.76]
[8.94]
[8.95]
[8.95]
[10.8]
[10.34]
[8.93]
[12.82]
[12.41]
[9.78]
[12.71]
[13.05]
[9.78]
[9.61]
[13.47]
[13.71]
[13.82]
[13.8]
[20.11]
[12.1]
[10.21]
[15.44]
[19.36]
[24.22]
[16.35]
[13.82]
[12.91]
[11.05]
[11.21]
[12.63]
[12.73]
[13.93]
[14.]
[12.75]
[12.72]
[14.06]
[13.64]
[13.18]
[14.13]
[14.47]
[12.97]
[12.08]
[13.53]
[13.92]
[14.]
[14.03]
[13.47]
[12.53]
[12.61]
[12.89]
[13.87]
[13.64]
[12.29]
[13.75]
[12.77]
[12.77]
[13.97]
[13.97]
[12.95]
[15.58]
[14.78]
[14.97]
[14.82]
[14.67]
[14.69]
[14.7]
[14.81]
[14.7]
[17.5]
[18.04]
[19.37]
[14.58]
[14.62]
[14.69]
[14.75]
[14.6]
[14.39]
[14.42]
[14.49]
[14.55]
[14.59]
[14.62]
[14.6]
[14.31]
[14.23]
[14.12]
[14.15]
[14.3]
[14.52]
[14.49]
[14.43]
[14.23]
[14.17]
[14.28]
[14.37]
[14.29]
[14.2]
[14.09]
[14.11]
[14.23]
[14.04]
[14.13]
[14.15]
[14.07]
[14.02]
[13.88]
[13.88]
[13.78]
[13.82]
[13.92]
[14.08]
[13.97]
[13.86]
[13.82]
[13.83]
[13.99]
[14.01]
[13.84]
[13.78]
[13.71]
[13.96]
[14.1]
[13.99]
[13.72]
[16.98]
[13.92]
[13.67]
[13.53]
[13.42]
[13.41]
[13.36]
[14.17]
[14.52]
[14.48]
[14.44]
[14.41]
[14.38]
[14.37]
[14.35]
[14.34]
[14.31]
[15.25]
[14.32]
[14.31]
[14.29]
[14.29]
[14.58]
[14.56]
[12.15]
[11.95]
[11.88]
[11.87]
[11.82]
[13.39]
[11.95]
[11.94]
[11.89]
[11.86]
[11.86]
[11.84]
[11.83]
[11.81]
[11.86]
[11.86]
[11.8]
[11.8]
[11.79]
[11.78]
[11.77]
[11.96]
[11.94]
[11.9]
[11.85]
[11.35]
[11.83]
[11.8]
[12.]
[12.06]
[12.03]
[9.66]
[9.6]
[9.59]
[9.63]
[9.74]
[9.73]
[9.68]
[9.68]
[9.7]
[9.68]
[9.68]
[9.67]
[9.67]
[9.73]
[9.77]
[9.75]
[9.77]
[9.77]
[9.77]
[9.74]
[9.74]
[9.73]
[9.72]
[9.75]
[9.75]
[9.79]
[9.77]
[9.77]
[9.78]
[9.77]
[9.09]
[9.09]
[8.91]
[8.69]
[8.69]
[8.66]
[8.69]
[8.7]
[8.7]
[8.66]
[8.67]
[8.77]
[8.78]
[8.78]
[8.77]
[8.78]
[8.77]
[8.74]
[8.74]
[8.77]
[8.77]
[8.77]
[8.76]
[8.77]
[8.76]
[8.77]
[8.77]
[8.76]
[8.76]
[8.77]
[8.71]
[8.26]
[8.23]
[8.06]
[8.02]
[8.01]
[8.04]
[8.06]
[8.04]
[8.05]
[8.06]
[8.05]
[8.05]
[8.07]
[8.07]
[8.06]
[8.04]
[8.08]
[8.07]
[8.07]
[8.03]
[8.1]
[8.09]
[8.1]
[8.11]
[8.1]
[8.11]
[8.12]
[8.11]
[8.11]
[8.13]
[6.13]
[6.11]
[5.91]
[5.29]
[5.35]
[5.29]
[5.31]
[5.3]
[5.3]
[5.3]
[5.31]
[5.3]
[5.27]
[5.29]
[5.29]
[5.29]
[5.3]
[5.3]
[5.34]
[5.31]
[5.31]
[5.32]
[5.32]
[5.31]
[5.33]
[5.32]
[5.32]
[5.31]
[5.33]
[5.32]
[5.34]
[5.34]
[5.89]
[5.74]
[5.51]
[5.5]
[7.49]
[7.16]
[5.55]
[5.56]
[5.48]
[5.43]
[5.41]
[5.42]
[5.48]
[5.44]
[5.44]
[5.44]
[7.99]
[5.37]
[5.4]
[5.41]
[5.38]
[5.38]
[5.39]
[5.38]
[5.38]
[5.43]
[5.4]
[5.41]
[5.42]
[5.41]
[5.41]
[5.41]
[5.41]
[5.42]
[5.44]
[5.44]
[5.45]
[5.47]
[5.47]
[5.4]
[5.42]
[5.44]
[5.46]
[5.47]
[5.46]
[5.46]
[5.47]
[5.47]
[5.42]
[5.48]
[5.49]
[5.48]
[5.46]
[5.46]
[5.5]
[5.51]
[5.48]
[5.46]
[9.04]
[9.13]
[9.13]
[9.16]
[9.17]
[9.17]
[9.19]
[9.21]
[9.24]
[9.24]
[9.22]
[9.2]
[9.27]
[9.28]
[9.28]
[9.29]
[9.32]
[9.33]
[9.33]
[9.34]
[9.36]
[9.37]
[9.38]
[9.41]
[9.41]
[9.41]
[9.41]
[9.42]
[9.83]
[9.49]
[9.52]
[12.18]
[12.29]
[12.29]
[12.33]
[12.37]
[12.42]
[12.45]
[12.39]
[15.27]
[16.55]
[14.11]
[12.06]
[12.15]
[12.22]
[12.2]
[14.89]
[12.24]
[12.29]
[12.3]
[12.82]
[12.19]
[12.16]
[12.29]
[12.32]
[12.3]
[12.41]
[12.47]
[12.46]
[12.66]
[12.65]
[14.68]
[15.59]
[15.66]
[15.62]
[15.61]
[15.62]
[15.55]
[15.55]
[15.53]
[15.48]
[15.58]
[15.63]
[15.67]
[15.73]
[15.76]
[15.69]
[15.74]
[15.74]
[15.7]
[15.75]
[15.81]
[15.74]
[15.69]
[15.67]
[15.67]
[15.69]
[15.71]
[15.78]
[15.82]
[15.85]
[15.84]
[15.82]
[15.81]
[15.68]
[15.65]
[15.45]
[15.76]
[15.72]
[15.72]
[15.72]
[15.86]
[15.62]
[15.55]
[15.84]
[15.47]
[15.85]
[15.91]
[15.89]
[15.6]
[15.96]
[15.99]
[15.84]
[15.77]
[15.99]
[15.57]
[15.56]
[15.78]
[15.69]
[15.67]
[15.63]
[15.75]
[15.5]
[15.92]
[15.96]
[15.99]
[16.2]
[15.99]
[15.99]
[15.96]
[15.93]
[15.94]
[15.96]
[15.89]
[15.75]
[15.57]
[14.85]
[16.98]
[17.18]
[17.15]
[16.64]
[16.94]
[16.89]
[16.85]
[16.85]
[16.82]
[22.09]
[48.14]
[54.09]
[52.25]
[50.82]
[26.21]
[24.32]
[46.38]
[54.6]
[55.32]
[58.59]
[42.22]
[59.61]
[52.27]
[91.07]
[134.99]
[99.13]
[93.08]
[89.49]
[90.15]
[90.7]
[92.91]
[90.54]
[92.41]
[91.17]
[89.85]
[54.37]
[55.31]
[91.98]
[89.63]
[92.51]
[92.65]
[53.92]
[58.15]
[118.86]
[121.02]
[128.01]
[129.11]
[130.04]
[130.07]
[129.96]
[130.52]
[93.73]
[94.19]
[93.43]
[94.32]
[94.03]
[49.04]
[42.92]
[63.69]
[56.03]
[54.7]
[38.34]
[11.79]
[11.72]
[12.96]
[33.11]
[57.23]
[47.44]
[52.93]
[38.46]
[13.38]
[10.84]
[32.12]
[12.86]
[13.04]
[11.96]
[9.06]
[9.09]
[9.87]
[13.99]
[13.87]
[12.77]
[11.54]
[13.62]
[10.08]
[9.89]
[11.66]
[11.41]
[10.97]
[12.27]
[12.58]
[13.52]
[14.11]
[18.19]
[19.12]
[13.6]
[13.55]
[13.48]
[13.43]
[13.64]
[13.07]
[13.76]
[13.75]
[12.85]
[13.71]
[11.22]
[9.92]
[11.7]
[12.05]
[15.5]
[15.5]
[20.41]
[11.86]
[11.21]
[12.16]
[10.03]
[8.58]
[11.93]
[24.96]
[9.81]
[9.12]
[11.89]
[11.97]
[19.72]
[18.14]
[16.04]
[11.71]
[13.74]
[39.18]
[46.43]
[42.22]
[40.7]
[29.17]
[11.6]
[7.7]
[7.77]
[5.18]
[5.21]
[5.24]
[5.27]
[5.28]
[5.29]
[5.31]
[5.33]
[5.34]
[5.35]
[5.36]
[5.37]
[5.38]
[5.39]