0.8964269625391672, 0.898113310681932, -1.5213902049810433, 195.90508241432562[13.031554]
[10.643333]
[9.517064]
[11.262784]
[10.465584]
[7.365198]
[6.7459917]
[6.7282286]
[6.7533665]
[6.737956]
[6.6812506]
[6.702063]
[6.65897]
[8.787524]
[9.27983]
[9.312554]
[9.461202]
[10.57061]
[12.070141]
[11.67434]
[10.889864]
[10.165538]
[9.979371]
[9.843652]
[9.795259]
[9.807647]
[9.803234]
[9.73195]
[9.653715]
[9.559638]
[9.581328]
[9.724786]
[9.706083]
[9.753476]
[9.756699]
[9.733812]
[9.703472]
[10.082503]
[13.314132]
[10.983787]
[10.559267]
[10.974873]
[10.985302]
[10.721016]
[12.104228]
[12.326056]
[12.308551]
[12.267525]
[12.508195]
[12.859832]
[12.932876]
[12.673365]
[12.480025]
[12.373625]
[12.303403]
[12.242602]
[12.2547035]
[12.253407]
[12.19776]
[12.176411]
[12.19682]
[12.173994]
[12.173474]
[12.2136545]
[12.293697]
[12.5128]
[12.867877]
[12.888944]
[12.736274]
[12.727864]
[15.080426]
[10.509944]
[11.662358]
[12.325454]
[39.27899]
[18.966013]
[14.084844]
[14.12431]
[14.069075]
[14.123411]
[14.267401]
[14.363816]
[14.379848]
[14.437609]
[14.521918]
[14.363469]
[14.374051]
[14.516368]
[14.725308]
[14.634761]
[14.664315]
[14.708965]
[15.063901]
[15.040145]
[14.782029]
[14.858441]
[14.913855]
[14.734441]
[14.671429]
[14.400456]
[14.751758]
[15.247709]
[15.149536]
[15.426305]
[15.580446]
[15.636136]
[17.326208]
[18.508171]
[19.238]
[30.401632]
[56.39409]
[25.473948]
[63.641422]
[71.570915]
[77.89962]
[96.90667]
[124.05834]
[92.03268]
[72.95695]
[60.470222]
[61.962154]
[59.563515]
[54.953106]
[50.737553]
[51.698853]
[48.13776]
[39.585564]
[47.68304]
[50.22443]
[48.1034]
[48.883266]
[51.79457]
[30.920692]
[27.275417]
[41.288788]
[48.298664]
[44.339153]
[48.311005]
[44.547806]
[22.57056]
[23.477558]
[44.98443]
[49.147526]
[72.14774]
[98.14341]
[129.6451]
[147.38094]
[165.4783]
[195.95584]
[164.1327]
[144.87851]
[136.82393]
[124.32577]
[103.580505]
[86.98803]
[107.30124]
[111.13259]
[112.46769]
[115.06766]
[122.25166]
[104.84193]
[96.941]
[93.13845]
[92.53655]
[89.27501]
[88.382385]
[91.531494]
[70.453224]
[63.810875]
[72.79601]
[72.82816]
[69.90947]
[67.99464]
[70.03313]
[61.29723]
[57.89933]
[53.734917]
[55.544216]
[41.3636]
[53.366398]
[54.02145]
[47.480316]
[44.54164]
[55.813587]
[50.75574]
[45.02025]
[41.7403]
[43.298874]
[39.190147]
[40.33508]
[44.017765]
[60.11112]
[66.15169]
[59.446716]
[64.98593]
[58.31816]
[54.573574]
[92.17013]
[92.881805]
[90.13216]
[83.47135]
[79.50083]
[80.408]
[77.62415]
[82.22136]
[90.766335]
[88.20336]
[94.978966]
[97.89012]
[70.90793]
[67.84757]
[75.69783]
[58.582344]
[72.035484]
[51.736362]
[64.3727]
[36.554794]
[27.629164]
[46.07094]
[34.59855]
[32.862064]
[25.761332]
[28.456186]
[21.153215]
[16.87499]
[19.744389]
[24.625126]
[32.54506]
[33.729168]
[37.791893]
[26.010826]
[18.272629]
[39.54015]
[45.525185]
[38.009624]
[34.7761]
[22.294226]
[20.998978]
[20.9801]
[23.956087]
[28.253965]
[34.871468]
[33.013775]
[38.038364]
[17.381319]
[14.331775]
[34.790867]
[36.420895]
[35.57799]
[35.223557]
[34.308258]
[18.162054]
[16.511927]
[26.764502]
[29.269022]
[22.070541]
[28.051586]
[28.096899]
[15.2840185]
[11.734031]
[21.778505]
[24.950932]
[23.496307]
[22.32059]
[20.606426]
[17.091211]
[13.75719]
[17.494926]
[20.21866]
[16.14353]
[17.391804]
[35.35471]
[20.323952]
[15.664401]
[23.039656]
[26.036776]
[24.202438]
[23.201626]
[21.957426]
[12.882022]
[9.611282]
[19.081451]
[19.612524]
[21.762169]
[22.454103]
[21.249086]
[12.523867]
[9.369087]
[9.0541315]
[8.042213]
[7.6371164]
[8.066031]
[8.112078]
[7.860972]
[7.7457438]
[7.535807]
[7.522656]
[7.426687]
[7.4090285]
[7.200932]
[7.085685]
[6.986375]
[6.984974]
[6.891497]
[6.844065]
[6.7458897]
[6.6608295]
[6.6608295]
[6.6608295]
[6.6608295]
[6.52769]
[7.9963427]
[11.917101]
[11.835314]
[13.429605]
[9.930001]
[10.545157]
[11.3530445]
[15.088623]
[13.976264]
[12.50472]
[10.154215]
[7.817617]
[10.009451]
[10.499683]
[9.511451]
[9.75558]
[10.2279625]
[11.510003]
[11.793688]
[10.78634]
[11.617532]
[18.014784]
[13.31357]
[12.377968]
[9.462111]
[12.158492]
[12.742313]
[12.481199]
[7.880055]
[6.797861]
[6.820094]
[7.4145727]
[10.384382]
[10.639383]
[10.70616]
[8.363699]
[6.9284616]
[6.7511425]
[6.7751937]
[6.7244024]
[6.743931]
[7.9490857]
[7.008916]
[6.7365766]
[6.725957]
[6.756065]
[6.6639156]
[6.933739]
[7.1056604]
[7.161369]
[7.0646353]
[6.8986506]
[6.833721]
[6.7682714]
[6.7800136]
[6.7936177]
[6.9322724]
[6.952891]
[6.9857683]
[6.8277698]
[6.8416433]
[6.777786]
[6.8072224]
[6.8042116]
[6.7879987]
[8.717782]
[9.13388]
[13.559576]
[10.285301]
[9.333481]
[10.393194]
[10.296118]
[9.45556]
[12.181917]
[11.831598]
[10.212872]
[11.596602]
[12.172414]
[10.431968]
[10.052474]
[12.36685]
[13.03284]
[12.999435]
[12.906257]
[17.55539]
[12.871071]
[10.686061]
[13.747019]
[17.440464]
[21.267893]
[15.998434]
[13.330448]
[12.549671]
[11.345527]
[11.324395]
[12.210459]
[12.403745]
[13.212645]
[13.422903]
[12.653004]
[12.593292]
[13.545973]
[13.235727]
[12.988024]
[13.826526]
[14.086392]
[13.014648]
[12.357154]
[13.377669]
[13.764139]
[13.676485]
[13.670167]
[13.253092]
[12.63888]
[12.406389]
[12.565169]
[14.093678]
[14.273358]
[12.5840025]
[13.245165]
[13.694166]
[13.614694]
[14.068579]
[14.087982]
[13.296871]
[14.97115]
[14.620325]
[14.538749]
[14.485449]
[14.401663]
[14.350349]
[14.224516]
[14.3553505]
[14.302412]
[16.12407]
[19.166088]
[18.138794]
[14.5632305]
[13.949975]
[14.1221485]
[14.622911]
[14.51203]
[14.041044]
[13.88596]
[13.815555]
[13.971487]
[13.92296]
[13.964865]
[13.961516]
[13.752377]
[13.556091]
[13.576067]
[13.494424]
[13.6287985]
[13.726548]
[13.740114]
[13.710213]
[13.66581]
[13.539794]
[13.634205]
[13.733224]
[13.635681]
[13.568015]
[13.497664]
[13.523506]
[13.646886]
[13.547763]
[13.576185]
[13.626281]
[13.632597]
[13.509748]
[13.308179]
[13.316356]
[13.152783]
[13.072574]
[13.176524]
[13.24938]
[13.126356]
[13.01011]
[12.935181]
[12.9007435]
[12.948267]
[13.018381]
[13.0658865]
[13.134663]
[13.205244]
[13.353483]
[13.66523]
[13.695034]
[14.622271]
[14.225699]
[26.644062]
[38.701427]
[13.453428]
[12.560616]
[14.172826]
[14.4556265]
[15.049128]
[15.2632675]
[15.100355]
[14.886571]
[14.74518]
[14.507399]
[14.456943]
[14.239841]
[14.336739]
[14.554407]
[15.143822]
[14.526764]
[14.430151]
[14.381269]
[14.4963875]
[13.977179]
[14.160661]
[12.665161]
[12.433831]
[12.090283]
[11.9106045]
[12.393293]
[13.580137]
[12.962257]
[12.876754]
[12.769698]
[12.752106]
[12.71588]
[12.497659]
[12.6739645]
[12.733797]
[12.757726]
[12.674849]
[12.630255]
[12.622365]
[12.588305]
[12.475908]
[12.375865]
[12.353956]
[12.62957]
[13.273445]
[13.800901]
[14.138396]
[13.514627]
[13.457245]
[13.4734745]
[13.398785]
[13.340986]
[12.132188]
[12.024928]
[11.88246]
[11.667699]
[11.660583]
[11.58889]
[11.49174]
[11.409872]
[11.341818]
[11.256168]
[11.199507]
[11.164247]
[11.09504]
[11.079461]
[11.078596]
[11.040914]
[11.035017]
[10.990647]
[10.949112]
[10.875752]
[10.822556]
[10.770538]
[10.71323]
[10.702254]
[10.708488]
[10.714257]
[10.662713]
[10.645479]
[10.682534]
[10.697092]
[10.345914]
[10.28395]
[10.139572]
[9.933519]
[9.888776]
[9.947334]
[10.0064335]
[9.957698]
[9.875201]
[9.8247385]
[9.9879055]
[10.591973]
[11.168695]
[11.170289]
[10.801036]
[10.538588]
[10.335967]
[10.184418]
[10.077508]
[10.047169]
[10.011934]
[9.955272]
[9.890536]
[9.8432865]
[9.777658]
[9.864809]
[10.109026]
[10.210405]
[10.234809]
[10.2605]
[10.166899]
[9.708576]
[9.509163]
[9.358453]
[9.278898]
[9.245714]
[9.275456]
[9.298692]
[9.230977]
[9.182821]
[9.178242]
[9.170046]
[9.142731]
[9.153909]
[9.139227]
[9.120038]
[9.103991]
[9.113496]
[9.071464]
[9.04152]
[9.00783]
[9.063975]
[9.026928]
[8.987623]
[9.041183]
[9.070625]
[9.046506]
[9.072281]
[9.114652]
[9.197327]
[9.270838]
[8.139078]
[7.859894]
[7.7182612]
[7.2819643]
[7.2073617]
[7.170759]
[7.1755395]
[7.1804857]
[7.14621]
[7.1777782]
[7.191914]
[7.158959]
[7.1452026]
[7.1539936]
[7.1692367]
[7.1460457]
[7.1163497]
[7.16507]
[7.1598673]
[7.1167436]
[7.1851244]
[7.196222]
[7.172311]
[7.17257]
[7.188272]
[7.191269]
[7.193441]
[7.19479]
[7.2073317]
[7.229888]
[7.19995]
[7.2228603]
[7.5287704]
[7.5146875]
[10.523803]
[8.035347]
[8.773329]
[9.09284]
[7.6902575]
[7.40368]
[7.369597]
[7.3144403]
[7.5495043]
[7.318074]
[7.5007834]
[7.306047]
[7.4742713]
[7.2841535]
[9.18045]
[7.863599]
[7.432019]
[7.4135957]
[7.3957496]
[7.377989]
[7.360196]
[7.1340075]
[7.3019147]
[7.1942663]
[9.113348]
[7.5806904]
[7.085919]
[7.255171]
[7.097673]
[7.0571055]
[7.212707]
[7.072762]
[7.162398]
[7.17064]
[7.031775]
[7.1214557]
[7.048548]
[6.9829907]
[7.0008163]
[7.084484]
[7.0013194]
[7.038021]
[6.980618]
[6.960416]
[6.985702]
[7.010513]
[6.9110155]
[6.9313207]
[6.979708]
[6.922148]
[6.9048777]
[6.9367046]
[6.899131]
[6.92168]
[6.8963604]
[6.824034]
[9.716177]
[9.827308]
[10.142376]
[9.794649]
[10.096112]
[10.177355]
[10.112637]
[10.069739]
[10.612727]
[10.1225605]
[10.537814]
[10.051146]
[10.379036]
[9.812206]
[10.068891]
[10.0832205]
[9.683981]
[9.600534]
[9.610426]
[9.620726]
[9.642166]
[9.561957]
[9.568952]
[9.824554]
[9.656355]
[10.061696]
[9.852444]
[9.674075]
[10.224506]
[10.327691]
[10.291343]
[11.780843]
[12.018001]
[11.98106]
[12.44716]
[11.994573]
[12.371307]
[12.924139]
[12.964965]
[15.810113]
[17.46349]
[15.658914]
[12.448359]
[12.344331]
[12.323486]
[12.691792]
[15.888628]
[13.033793]
[12.405612]
[12.298419]
[12.6496935]
[11.698512]
[11.446486]
[11.523355]
[11.771973]
[11.911687]
[12.169738]
[12.201037]
[11.766226]
[11.783263]
[11.565634]
[12.3650875]
[12.597406]
[12.656679]
[12.684754]
[12.258153]
[12.21993]
[11.859183]
[11.779457]
[12.347917]
[12.0305195]
[16.51685]
[19.128063]
[12.640088]
[15.191518]
[12.752397]
[15.226559]
[15.676958]
[15.720617]
[15.662352]
[15.418258]
[14.932371]
[14.62178]
[14.519092]
[14.196727]
[13.912971]
[14.767031]
[15.245802]
[15.25848]
[15.7441]
[15.093198]
[15.263788]
[15.108868]
[14.687236]
[14.962139]
[12.60767]
[14.263019]
[16.0101]
[16.38626]
[16.390388]
[16.839796]
[16.429686]
[16.059484]
[16.986074]
[16.935472]
[16.80852]
[17.751915]
[17.670794]
[17.621511]
[17.310587]
[17.374607]
[17.346611]
[17.10357]
[16.925207]
[17.000881]
[16.651785]
[16.544643]
[16.337227]
[16.529549]
[16.162973]
[15.829906]
[15.678487]
[15.413681]
[15.5796]
[15.690635]
[15.998632]
[16.143763]
[16.352413]
[16.1197]
[16.066666]
[15.7276325]
[16.134214]
[15.857699]
[16.043657]
[19.416237]
[20.192236]
[16.542168]
[22.715937]
[21.853613]
[21.793892]
[22.180964]
[21.103575]
[7.6721106]
[16.410227]
[18.862284]
[18.424107]
[21.503359]
[38.562313]
[45.627777]
[47.953693]
[52.921444]
[40.882877]
[35.85069]
[53.50976]
[62.981007]
[63.161976]
[63.77957]
[53.74639]
[68.66195]
[86.47473]
[89.43265]
[119.71359]
[110.17881]
[112.23285]
[99.4847]
[99.26402]
[97.61046]
[98.22176]
[93.64651]
[91.4052]
[87.64377]
[84.92939]
[69.34694]
[70.39277]
[87.58646]
[87.172554]
[85.45214]
[86.9762]
[78.73252]
[81.92804]
[107.20865]
[120.068565]
[130.32513]
[128.1054]
[125.956375]
[126.092705]
[126.71074]
[123.401886]
[100.019516]
[98.37873]
[94.9577]
[94.308815]
[92.324036]
[62.31912]
[51.802464]
[61.461346]
[56.84791]
[53.23499]
[41.881443]
[24.919159]
[22.103184]
[22.042786]
[31.641798]
[45.203785]
[40.347843]
[42.0947]
[34.080555]
[19.49939]
[16.60284]
[27.440342]
[18.997923]
[16.795177]
[16.129564]
[14.158105]
[13.449472]
[13.050851]
[14.450479]
[14.130405]
[13.11355]
[12.147863]
[12.605787]
[11.135229]
[10.721952]
[11.660895]
[11.44756]
[10.793614]
[10.924112]
[10.809924]
[10.872654]
[10.974994]
[12.39363]
[12.865165]
[10.217143]
[9.916641]
[10.53631]
[11.051726]
[11.201446]
[10.592308]
[10.464398]
[10.388786]
[9.828458]
[10.157608]
[9.0103655]
[8.22821]
[9.004148]
[9.861324]
[11.6679125]
[12.019488]
[14.2116375]
[11.304111]
[11.286069]
[11.734494]
[10.527842]
[8.960857]
[9.760296]
[15.067818]
[8.970996]
[7.4358315]
[8.401807]
[8.458834]
[11.232663]
[11.058588]
[9.857185]
[8.085478]
[8.472097]
[19.493298]
[25.00614]
[23.988354]
[23.198978]
[18.055859]
[11.59794]
[9.893235]
[10.96539]
[8.669667]
[8.009091]
[7.372271]
[6.9719563]
[6.3091364]
[6.219348]
[6.0518374]
[6.4345636]
[6.00123]
[6.030392]
[5.752848]
[5.7440095]
[5.636512][10.25]
[9.45]
[13.02]
[10.69]
[5.31]
[5.25]
[5.26]
[5.31]
[5.31]
[5.3]
[5.29]
[5.3]
[9.25]
[9.31]
[9.28]
[9.29]
[9.27]
[9.26]
[9.25]
[9.26]
[9.26]
[9.27]
[9.25]
[9.25]
[9.32]
[9.28]
[9.26]
[9.22]
[9.21]
[9.23]
[9.23]
[9.06]
[9.24]
[9.25]
[9.24]
[9.29]
[9.55]
[9.28]
[9.27]
[9.27]
[9.25]
[9.24]
[9.28]
[12.21]
[12.29]
[12.32]
[12.27]
[12.3]
[12.29]
[12.25]
[12.25]
[12.25]
[12.29]
[12.3]
[12.3]
[12.31]
[12.36]
[12.34]
[12.35]
[12.36]
[12.37]
[12.39]
[12.39]
[12.4]
[12.36]
[12.39]
[12.4]
[12.41]
[12.52]
[12.25]
[12.25]
[12.03]
[12.31]
[26.75]
[15.2]
[15.05]
[15.12]
[15.03]
[15.09]
[15.17]
[15.22]
[15.41]
[15.4]
[15.43]
[15.24]
[15.14]
[15.08]
[15.29]
[15.3]
[15.23]
[15.22]
[15.17]
[15.21]
[15.24]
[15.21]
[15.26]
[15.09]
[15.03]
[14.94]
[15.09]
[15.28]
[15.3]
[15.52]
[15.38]
[15.46]
[15.26]
[15.55]
[15.54]
[15.27]
[22.36]
[17.87]
[15.85]
[42.75]
[82.22]
[94.05]
[93.25]
[90.97]
[55.68]
[49.63]
[58.09]
[56.67]
[54.59]
[53.59]
[58.05]
[53.08]
[41.74]
[57.88]
[58.89]
[56.17]
[56.45]
[59.98]
[24.57]
[23.68]
[48.95]
[58.59]
[52.66]
[61.65]
[55.39]
[15.63]
[15.57]
[49.45]
[48.02]
[57.5]
[95.04]
[91.35]
[127.12]
[159.08]
[215.85]
[192.9]
[144.63]
[136.75]
[131.02]
[99.64]
[86.83]
[129.19]
[131.03]
[129.73]
[130.49]
[130.52]
[92.3]
[87.76]
[90.33]
[91.84]
[90.24]
[92.4]
[96.82]
[52.74]
[45.22]
[55.96]
[60.38]
[51.61]
[55.5]
[62.81]
[54.04]
[56.12]
[53.08]
[60.33]
[38.11]
[64.66]
[62.07]
[50.21]
[45.53]
[67.12]
[58.52]
[53.52]
[50.52]
[53.77]
[41.06]
[38.17]
[35.45]
[50.08]
[57.71]
[43.73]
[61.41]
[54.5]
[42.43]
[96.98]
[93.31]
[95.73]
[93.08]
[91.61]
[94.94]
[85.74]
[88.4]
[98.74]
[90.94]
[95.37]
[98.5]
[45.13]
[47.61]
[67.66]
[39.1]
[71.69]
[37.29]
[69.59]
[19.53]
[12.7]
[49.99]
[27.12]
[31.05]
[19.21]
[28.46]
[14.31]
[9.94]
[17.83]
[28.86]
[44.83]
[46.46]
[52.06]
[24.01]
[9.42]
[50.97]
[57.23]
[44.2]
[37.8]
[12.15]
[9.41]
[10.47]
[20.43]
[33.31]
[48.25]
[44.01]
[55.45]
[12.7]
[10.36]
[51.64]
[50.92]
[50.38]
[49.93]
[49.1]
[13.79]
[10.13]
[29.22]
[34.2]
[23.2]
[39.35]
[38.77]
[14.08]
[10.2]
[32.49]
[35.58]
[33.86]
[32.24]
[29.9]
[23.23]
[16.87]
[24.9]
[28.37]
[17.49]
[16.74]
[47.53]
[16.06]
[15.03]
[32.65]
[36.66]
[33.79]
[32.62]
[31.6]
[12.79]
[8.68]
[29.3]
[28.48]
[33.01]
[32.79]
[29.71]
[12.11]
[7.79]
[7.39]
[5.3]
[5.33]
[5.36]
[5.41]
[5.44]
[5.46]
[5.48]
[5.51]
[5.52]
[5.54]
[5.55]
[5.56]
[5.57]
[5.58]
[5.41]
[5.59]
[5.59]
[5.59]
[5.59]
[5.59]
[5.59]
[5.52]
[9.82]
[15.53]
[16.95]
[20.82]
[11.7]
[14.18]
[15.4]
[23.39]
[19.41]
[16.47]
[11.42]
[6.71]
[12.54]
[12.67]
[10.63]
[11.37]
[12.05]
[14.44]
[14.47]
[12.32]
[14.46]
[13.82]
[14.57]
[14.58]
[8.47]
[14.78]
[14.81]
[14.47]
[5.31]
[5.31]
[5.29]
[6.65]
[12.03]
[10.97]
[11.68]
[7.09]
[5.32]
[5.32]
[5.33]
[5.32]
[5.32]
[7.66]
[5.32]
[5.32]
[5.32]
[5.29]
[5.21]
[5.09]
[5.1]
[5.1]
[5.1]
[5.11]
[5.11]
[5.1]
[5.12]
[5.22]
[5.48]
[5.49]
[5.27]
[5.12]
[5.13]
[5.12]
[5.12]
[5.11]
[5.16]
[8.76]
[8.76]
[8.94]
[8.95]
[8.95]
[10.8]
[10.34]
[8.93]
[12.82]
[12.41]
[9.78]
[12.71]
[13.05]
[9.78]
[9.61]
[13.47]
[13.71]
[13.82]
[13.8]
[20.11]
[12.1]
[10.21]
[15.44]
[19.36]
[24.22]
[16.35]
[13.82]
[12.91]
[11.05]
[11.21]
[12.63]
[12.73]
[13.93]
[14.]
[12.75]
[12.72]
[14.06]
[13.64]
[13.18]
[14.13]
[14.47]
[12.97]
[12.08]
[13.53]
[13.92]
[14.]
[14.03]
[13.47]
[12.53]
[12.61]
[12.89]
[13.87]
[13.64]
[12.29]
[13.75]
[12.77]
[12.77]
[13.97]
[13.97]
[12.95]
[15.58]
[14.78]
[14.97]
[14.82]
[14.67]
[14.69]
[14.7]
[14.81]
[14.7]
[17.5]
[18.04]
[19.37]
[14.58]
[14.62]
[14.69]
[14.75]
[14.6]
[14.39]
[14.42]
[14.49]
[14.55]
[14.59]
[14.62]
[14.6]
[14.31]
[14.23]
[14.12]
[14.15]
[14.3]
[14.52]
[14.49]
[14.43]
[14.23]
[14.17]
[14.28]
[14.37]
[14.29]
[14.2]
[14.09]
[14.11]
[14.23]
[14.04]
[14.13]
[14.15]
[14.07]
[14.02]
[13.88]
[13.88]
[13.78]
[13.82]
[13.92]
[14.08]
[13.97]
[13.86]
[13.82]
[13.83]
[13.99]
[14.01]
[13.84]
[13.78]
[13.71]
[13.96]
[14.1]
[13.99]
[13.72]
[16.98]
[13.92]
[13.67]
[13.53]
[13.42]
[13.41]
[13.36]
[14.17]
[14.52]
[14.48]
[14.44]
[14.41]
[14.38]
[14.37]
[14.35]
[14.34]
[14.31]
[15.25]
[14.32]
[14.31]
[14.29]
[14.29]
[14.58]
[14.56]
[12.15]
[11.95]
[11.88]
[11.87]
[11.82]
[13.39]
[11.95]
[11.94]
[11.89]
[11.86]
[11.86]
[11.84]
[11.83]
[11.81]
[11.86]
[11.86]
[11.8]
[11.8]
[11.79]
[11.78]
[11.77]
[11.96]
[11.94]
[11.9]
[11.85]
[11.35]
[11.83]
[11.8]
[12.]
[12.06]
[12.03]
[9.66]
[9.6]
[9.59]
[9.63]
[9.74]
[9.73]
[9.68]
[9.68]
[9.7]
[9.68]
[9.68]
[9.67]
[9.67]
[9.73]
[9.77]
[9.75]
[9.77]
[9.77]
[9.77]
[9.74]
[9.74]
[9.73]
[9.72]
[9.75]
[9.75]
[9.79]
[9.77]
[9.77]
[9.78]
[9.77]
[9.09]
[9.09]
[8.91]
[8.69]
[8.69]
[8.66]
[8.69]
[8.7]
[8.7]
[8.66]
[8.67]
[8.77]
[8.78]
[8.78]
[8.77]
[8.78]
[8.77]
[8.74]
[8.74]
[8.77]
[8.77]
[8.77]
[8.76]
[8.77]
[8.76]
[8.77]
[8.77]
[8.76]
[8.76]
[8.77]
[8.71]
[8.26]
[8.23]
[8.06]
[8.02]
[8.01]
[8.04]
[8.06]
[8.04]
[8.05]
[8.06]
[8.05]
[8.05]
[8.07]
[8.07]
[8.06]
[8.04]
[8.08]
[8.07]
[8.07]
[8.03]
[8.1]
[8.09]
[8.1]
[8.11]
[8.1]
[8.11]
[8.12]
[8.11]
[8.11]
[8.13]
[6.13]
[6.11]
[5.91]
[5.29]
[5.35]
[5.29]
[5.31]
[5.3]
[5.3]
[5.3]
[5.31]
[5.3]
[5.27]
[5.29]
[5.29]
[5.29]
[5.3]
[5.3]
[5.34]
[5.31]
[5.31]
[5.32]
[5.32]
[5.31]
[5.33]
[5.32]
[5.32]
[5.31]
[5.33]
[5.32]
[5.34]
[5.34]
[5.89]
[5.74]
[5.51]
[5.5]
[7.49]
[7.16]
[5.55]
[5.56]
[5.48]
[5.43]
[5.41]
[5.42]
[5.48]
[5.44]
[5.44]
[5.44]
[7.99]
[5.37]
[5.4]
[5.41]
[5.38]
[5.38]
[5.39]
[5.38]
[5.38]
[5.43]
[5.4]
[5.41]
[5.42]
[5.41]
[5.41]
[5.41]
[5.41]
[5.42]
[5.44]
[5.44]
[5.45]
[5.47]
[5.47]
[5.4]
[5.42]
[5.44]
[5.46]
[5.47]
[5.46]
[5.46]
[5.47]
[5.47]
[5.42]
[5.48]
[5.49]
[5.48]
[5.46]
[5.46]
[5.5]
[5.51]
[5.48]
[5.46]
[9.04]
[9.13]
[9.13]
[9.16]
[9.17]
[9.17]
[9.19]
[9.21]
[9.24]
[9.24]
[9.22]
[9.2]
[9.27]
[9.28]
[9.28]
[9.29]
[9.32]
[9.33]
[9.33]
[9.34]
[9.36]
[9.37]
[9.38]
[9.41]
[9.41]
[9.41]
[9.41]
[9.42]
[9.83]
[9.49]
[9.52]
[12.18]
[12.29]
[12.29]
[12.33]
[12.37]
[12.42]
[12.45]
[12.39]
[15.27]
[16.55]
[14.11]
[12.06]
[12.15]
[12.22]
[12.2]
[14.89]
[12.24]
[12.29]
[12.3]
[12.82]
[12.19]
[12.16]
[12.29]
[12.32]
[12.3]
[12.41]
[12.47]
[12.46]
[12.66]
[12.65]
[14.68]
[15.59]
[15.66]
[15.62]
[15.61]
[15.62]
[15.55]
[15.55]
[15.53]
[15.48]
[15.58]
[15.63]
[15.67]
[15.73]
[15.76]
[15.69]
[15.74]
[15.74]
[15.7]
[15.75]
[15.81]
[15.74]
[15.69]
[15.67]
[15.67]
[15.69]
[15.71]
[15.78]
[15.82]
[15.85]
[15.84]
[15.82]
[15.81]
[15.68]
[15.65]
[15.45]
[15.76]
[15.72]
[15.72]
[15.72]
[15.86]
[15.62]
[15.55]
[15.84]
[15.47]
[15.85]
[15.91]
[15.89]
[15.6]
[15.96]
[15.99]
[15.84]
[15.77]
[15.99]
[15.57]
[15.56]
[15.78]
[15.69]
[15.67]
[15.63]
[15.75]
[15.5]
[15.92]
[15.96]
[15.99]
[16.2]
[15.99]
[15.99]
[15.96]
[15.93]
[15.94]
[15.96]
[15.89]
[15.75]
[15.57]
[14.85]
[16.98]
[17.18]
[17.15]
[16.64]
[16.94]
[16.89]
[16.85]
[16.85]
[16.82]
[22.09]
[48.14]
[54.09]
[52.25]
[50.82]
[26.21]
[24.32]
[46.38]
[54.6]
[55.32]
[58.59]
[42.22]
[59.61]
[52.27]
[91.07]
[134.99]
[99.13]
[93.08]
[89.49]
[90.15]
[90.7]
[92.91]
[90.54]
[92.41]
[91.17]
[89.85]
[54.37]
[55.31]
[91.98]
[89.63]
[92.51]
[92.65]
[53.92]
[58.15]
[118.86]
[121.02]
[128.01]
[129.11]
[130.04]
[130.07]
[129.96]
[130.52]
[93.73]
[94.19]
[93.43]
[94.32]
[94.03]
[49.04]
[42.92]
[63.69]
[56.03]
[54.7]
[38.34]
[11.79]
[11.72]
[12.96]
[33.11]
[57.23]
[47.44]
[52.93]
[38.46]
[13.38]
[10.84]
[32.12]
[12.86]
[13.04]
[11.96]
[9.06]
[9.09]
[9.87]
[13.99]
[13.87]
[12.77]
[11.54]
[13.62]
[10.08]
[9.89]
[11.66]
[11.41]
[10.97]
[12.27]
[12.58]
[13.52]
[14.11]
[18.19]
[19.12]
[13.6]
[13.55]
[13.48]
[13.43]
[13.64]
[13.07]
[13.76]
[13.75]
[12.85]
[13.71]
[11.22]
[9.92]
[11.7]
[12.05]
[15.5]
[15.5]
[20.41]
[11.86]
[11.21]
[12.16]
[10.03]
[8.58]
[11.93]
[24.96]
[9.81]
[9.12]
[11.89]
[11.97]
[19.72]
[18.14]
[16.04]
[11.71]
[13.74]
[39.18]
[46.43]
[42.22]
[40.7]
[29.17]
[11.6]
[7.7]
[7.77]
[5.18]
[5.21]
[5.24]
[5.27]
[5.28]
[5.29]
[5.31]
[5.33]
[5.34]
[5.35]
[5.36]
[5.37]
[5.38]
[5.39]