0.8711469986163206, 0.8934280698349876, -10.342042452380582, 218.5091442710618[13.705176]
[11.396327]
[9.855588]
[11.574212]
[11.020629]
[7.8262997]
[7.0377603]
[7.022438]
[7.05155]
[7.024774]
[6.972395]
[6.9903274]
[6.935335]
[8.758426]
[9.480394]
[9.52129]
[9.606486]
[10.4089]
[11.182025]
[11.556367]
[11.250519]
[10.361277]
[10.15467]
[10.000713]
[9.963895]
[9.9525795]
[9.947903]
[9.886384]
[9.819935]
[9.714368]
[9.733261]
[9.810997]
[9.785911]
[9.876484]
[9.8720875]
[9.824646]
[9.8328285]
[10.131831]
[13.229674]
[11.462458]
[10.402822]
[10.705651]
[10.866838]
[10.756778]
[12.146023]
[12.618298]
[12.585633]
[12.506023]
[12.701992]
[12.826068]
[13.025909]
[12.913593]
[12.747813]
[12.578428]
[12.587626]
[12.480978]
[12.486018]
[12.493268]
[12.465777]
[12.416593]
[12.429509]
[12.412525]
[12.426145]
[12.406146]
[12.485501]
[12.58561]
[12.759488]
[12.965008]
[12.916341]
[12.787027]
[15.3886175]
[10.975832]
[11.414796]
[12.460167]
[38.095192]
[20.20072]
[14.549023]
[14.662163]
[14.572854]
[14.611897]
[14.701322]
[14.823734]
[14.941384]
[14.907326]
[15.009351]
[14.883832]
[14.733292]
[14.786865]
[15.0421295]
[15.052995]
[14.917719]
[14.881319]
[15.020487]
[15.324692]
[15.076218]
[15.003732]
[15.156601]
[15.003367]
[14.909332]
[14.631701]
[14.581834]
[15.103322]
[15.305702]
[15.565836]
[15.878355]
[16.482456]
[20.053427]
[19.914112]
[21.966156]
[41.192513]
[57.62106]
[29.591085]
[74.37151]
[65.75471]
[77.14749]
[112.889366]
[144.95195]
[89.02418]
[98.68788]
[65.5024]
[67.15564]
[64.81168]
[59.980137]
[55.70662]
[56.31642]
[53.4314]
[45.553787]
[51.813457]
[54.892757]
[52.747253]
[52.940254]
[55.902218]
[37.354717]
[31.409172]
[45.551983]
[51.88448]
[48.519894]
[51.583927]
[48.093815]
[27.975798]
[26.310947]
[46.530125]
[53.99249]
[82.78994]
[103.11727]
[146.55513]
[148.34973]
[160.09605]
[200.60185]
[178.8794]
[171.59875]
[149.53217]
[132.73984]
[111.855644]
[92.730354]
[112.71571]
[119.461]
[121.01148]
[122.92153]
[131.78065]
[114.01332]
[103.03625]
[98.33161]
[97.609566]
[93.27658]
[92.84282]
[96.62319]
[79.53975]
[69.946655]
[79.57292]
[77.87903]
[77.124756]
[73.213684]
[74.37813]
[67.46011]
[63.598217]
[59.728867]
[60.82534]
[48.744602]
[58.016827]
[59.79037]
[53.815388]
[50.890553]
[60.205036]
[56.343967]
[50.74907]
[47.371025]
[48.431835]
[45.03166]
[47.077663]
[51.513107]
[66.479515]
[70.61119]
[66.68048]
[69.121574]
[63.981224]
[63.285095]
[94.40176]
[97.6001]
[95.00192]
[88.85465]
[84.47124]
[84.95635]
[83.21186]
[86.95217]
[94.96082]
[93.8033]
[100.6685]
[102.2315]
[81.43999]
[73.798744]
[80.16434]
[65.16674]
[75.40943]
[59.06059]
[67.88938]
[45.075417]
[30.28229]
[49.94196]
[42.201496]
[39.01963]
[32.138683]
[34.229725]
[27.230772]
[20.177776]
[24.12915]
[31.456242]
[40.244637]
[41.569836]
[44.979176]
[35.400227]
[23.151775]
[45.166893]
[52.15029]
[45.574623]
[42.536293]
[29.436415]
[23.037691]
[22.593725]
[28.198828]
[35.865463]
[42.85571]
[41.487717]
[45.673683]
[27.271122]
[18.980385]
[41.119907]
[43.57319]
[42.957874]
[42.81627]
[41.01731]
[26.404734]
[19.769033]
[30.915403]
[36.52195]
[30.100616]
[35.441853]
[35.360767]
[23.374544]
[15.6999445]
[27.450632]
[32.19697]
[31.13341]
[29.380535]
[28.088327]
[24.258379]
[19.532358]
[23.01744]
[26.806118]
[22.488255]
[21.909208]
[40.35894]
[27.902308]
[19.164976]
[28.077076]
[31.807884]
[30.435848]
[29.013779]
[27.912663]
[18.378565]
[11.87348]
[22.60742]
[24.951777]
[26.363722]
[27.580614]
[25.988092]
[16.81502]
[10.659366]
[9.685749]
[8.611957]
[8.158775]
[8.467178]
[8.522189]
[8.439597]
[8.303678]
[8.117167]
[8.187762]
[8.105591]
[8.112087]
[7.965041]
[7.9171915]
[7.876429]
[7.883605]
[7.792878]
[7.743447]
[7.716527]
[7.6743984]
[7.6743984]
[7.6743984]
[7.6743984]
[7.5297966]
[9.2347355]
[14.631371]
[15.553719]
[17.210016]
[13.148894]
[12.655853]
[13.776414]
[18.330502]
[17.830544]
[15.466005]
[12.086572]
[8.700391]
[10.66488]
[11.90156]
[10.732522]
[10.707405]
[11.28944]
[12.792024]
[13.277217]
[12.05414]
[12.750375]
[20.379826]
[16.121054]
[13.469632]
[10.1770525]
[12.434697]
[13.842471]
[13.514406]
[8.538755]
[7.0962296]
[7.130807]
[7.6008873]
[10.468821]
[11.119517]
[11.128377]
[8.786642]
[7.240703]
[7.025597]
[7.0505204]
[7.0017457]
[7.020412]
[7.980328]
[7.34323]
[6.9965324]
[6.980739]
[7.0254183]
[6.929198]
[7.228506]
[7.329326]
[7.477092]
[7.377909]
[7.19828]
[7.1386647]
[7.0559654]
[7.0640817]
[7.063074]
[7.170112]
[7.184568]
[7.246392]
[7.0931435]
[7.141113]
[7.046068]
[7.084081]
[7.0812926]
[7.055406]
[8.631928]
[9.241532]
[13.741401]
[10.94707]
[9.4308405]
[10.429646]
[10.5415745]
[9.594863]
[12.244621]
[12.360428]
[10.488889]
[11.628599]
[12.541592]
[10.721403]
[10.031791]
[12.307132]
[13.35495]
[13.460083]
[13.312056]
[18.434668]
[14.101252]
[10.794332]
[13.621068]
[18.368862]
[21.7979]
[17.34167]
[13.959201]
[12.841502]
[11.512412]
[11.267257]
[12.1777935]
[12.533757]
[13.289212]
[13.659357]
[12.865384]
[12.597851]
[13.505423]
[13.523186]
[13.05039]
[13.764263]
[14.256192]
[13.174534]
[12.26171]
[13.108129]
[13.760093]
[13.7708]
[13.760036]
[13.360922]
[12.539663]
[12.339375]
[12.674923]
[13.697878]
[14.124727]
[12.863926]
[13.42433]
[13.419992]
[13.348486]
[13.848029]
[13.952864]
[13.147637]
[14.730852]
[14.892571]
[14.654396]
[14.6101885]
[14.533566]
[14.5582695]
[14.469903]
[14.5611515]
[14.58457]
[16.709171]
[19.663954]
[18.933414]
[15.526499]
[14.412179]
[14.633736]
[14.855846]
[14.822586]
[14.961068]
[14.82533]
[14.843364]
[14.90023]
[14.978761]
[15.134586]
[15.121405]
[14.896018]
[14.695571]
[14.649741]
[14.585641]
[14.733385]
[14.882902]
[14.921902]
[14.87276]
[14.771269]
[14.65041]
[14.746303]
[14.839608]
[14.785012]
[14.708221]
[14.602965]
[14.605742]
[14.715134]
[14.595046]
[14.623591]
[14.676012]
[14.627771]
[14.538006]
[14.477152]
[14.379562]
[14.306849]
[14.276632]
[14.362078]
[14.528914]
[14.3502035]
[14.24824]
[14.17801]
[14.113965]
[13.92273]
[14.090608]
[14.091306]
[13.954189]
[13.873578]
[13.947734]
[14.0805645]
[14.091963]
[13.380717]
[13.5067425]
[1.9127754]
[9.581142]
[9.795515]
[12.182788]
[15.019243]
[14.770278]
[15.383715]
[15.491351]
[15.327187]
[15.227121]
[15.311478]
[15.357558]
[15.358729]
[15.145077]
[15.102577]
[15.171036]
[15.832322]
[15.245397]
[14.952247]
[14.933538]
[14.891653]
[14.446352]
[14.801534]
[13.310206]
[12.76013]
[12.737593]
[12.636774]
[12.870972]
[14.245181]
[13.51386]
[13.193463]
[13.041275]
[12.861684]
[12.78681]
[12.7225895]
[12.665061]
[12.75526]
[12.64119]
[12.5874605]
[12.439328]
[12.388656]
[12.298273]
[12.252948]
[12.280505]
[12.707732]
[13.256467]
[13.912659]
[14.160774]
[14.493953]
[13.868991]
[13.354776]
[13.436963]
[13.21887]
[13.559759]
[12.320137]
[11.848676]
[11.7590275]
[11.388885]
[11.257828]
[11.198345]
[11.099422]
[11.078333]
[11.001498]
[10.979447]
[10.895961]
[10.886682]
[10.866868]
[10.812823]
[10.873828]
[10.794486]
[10.832888]
[10.786715]
[10.775321]
[10.701642]
[10.675877]
[10.618749]
[10.590092]
[10.560909]
[10.567442]
[10.579816]
[10.55773]
[10.515999]
[10.53029]
[10.571058]
[10.19287]
[10.137357]
[10.004042]
[9.833814]
[9.761127]
[9.770196]
[9.855669]
[9.835222]
[9.767075]
[9.722465]
[9.782428]
[10.385776]
[10.542848]
[10.949528]
[10.601698]
[10.391864]
[10.206392]
[10.064529]
[9.976039]
[9.944169]
[9.890654]
[9.893668]
[9.801399]
[9.767213]
[9.739306]
[9.748583]
[9.894042]
[10.050406]
[10.109106]
[10.05156]
[10.078493]
[9.679674]
[9.462206]
[9.307164]
[9.22965]
[9.209419]
[9.202026]
[9.239747]
[9.195772]
[9.150715]
[9.114008]
[9.136178]
[9.094746]
[9.102719]
[9.087588]
[9.085772]
[9.037317]
[9.072849]
[9.017379]
[9.003974]
[8.960611]
[8.983362]
[8.997269]
[8.93486]
[8.962511]
[8.996646]
[8.99445]
[8.982525]
[9.043174]
[9.078209]
[9.169362]
[8.26965]
[7.943718]
[7.824591]
[7.509802]
[7.389016]
[7.399285]
[7.360641]
[7.3803453]
[7.369246]
[7.3650427]
[7.3911257]
[7.3547497]
[7.346045]
[7.352167]
[7.3374624]
[7.324219]
[7.317843]
[7.2993636]
[7.34117]
[7.3112016]
[7.345781]
[7.370443]
[7.341016]
[7.343129]
[7.355684]
[7.3603673]
[7.3637443]
[7.3664145]
[7.3769135]
[7.357153]
[7.3794546]
[7.3069687]
[7.5452113]
[7.524713]
[9.949456]
[8.193594]
[8.324449]
[8.743017]
[7.591907]
[7.2781363]
[7.258037]
[7.2082396]
[7.322073]
[7.205121]
[7.266018]
[7.1861296]
[7.237031]
[7.1597996]
[8.546925]
[7.6992135]
[7.192875]
[7.1728554]
[7.1534295]
[7.134149]
[7.1148653]
[6.9904833]
[7.0496473]
[7.174062]
[8.428364]
[7.4861317]
[6.9265566]
[7.001726]
[6.9376974]
[6.89127]
[6.955714]
[6.9045143]
[6.897887]
[6.912768]
[6.8474956]
[6.8533664]
[6.862155]
[6.8002305]
[6.8184977]
[6.8166623]
[6.8069477]
[6.7628922]
[6.78206]
[6.755738]
[6.7831874]
[6.7364893]
[6.7100053]
[6.7138457]
[6.6998305]
[6.705917]
[6.683299]
[6.653626]
[6.6741095]
[6.621989]
[6.6057186]
[6.591084]
[8.88469]
[9.455441]
[9.672774]
[9.405978]
[9.624437]
[9.782559]
[9.713915]
[9.66541]
[10.218154]
[9.805158]
[10.139556]
[9.726602]
[10.060891]
[9.648064]
[9.983671]
[10.169013]
[9.561035]
[9.391433]
[9.465609]
[9.502159]
[9.550045]
[9.647654]
[9.739456]
[10.040769]
[9.871325]
[10.293804]
[10.173144]
[9.89134]
[10.52649]
[10.755822]
[10.71155]
[12.384283]
[12.913947]
[12.867069]
[13.377242]
[12.958123]
[13.273967]
[13.954868]
[14.07254]
[16.168997]
[17.341736]
[15.821374]
[13.40435]
[13.376674]
[13.439982]
[13.70927]
[16.127872]
[13.723994]
[13.423446]
[13.330451]
[13.433946]
[12.638466]
[12.439001]
[12.4205885]
[12.435733]
[12.398299]
[12.49174]
[12.53062]
[12.088872]
[12.10836]
[12.011356]
[12.926833]
[13.260184]
[13.438686]
[13.651009]
[13.428296]
[13.693806]
[13.592452]
[13.380806]
[13.871005]
[11.8419895]
[13.614177]
[11.964504]
[18.73131]
[15.898323]
[12.419025]
[15.417101]
[16.20791]
[16.116894]
[16.050371]
[16.03629]
[15.782577]
[15.589531]
[15.48072]
[15.276274]
[15.373428]
[14.262575]
[14.092132]
[14.598102]
[15.343587]
[14.951273]
[14.704772]
[14.447599]
[14.431074]
[14.452204]
[16.60673]
[13.036096]
[16.096199]
[16.84251]
[17.274738]
[18.073208]
[16.699274]
[16.594868]
[17.954107]
[17.324669]
[17.62713]
[18.411335]
[18.1925]
[18.230742]
[17.817171]
[17.771288]
[17.723465]
[17.418945]
[17.19714]
[17.296207]
[16.901146]
[16.553991]
[16.996513]
[17.296688]
[17.051949]
[16.866724]
[16.834038]
[16.523577]
[16.694979]
[16.950869]
[16.98307]
[17.208723]
[17.743162]
[17.361036]
[17.181581]
[17.165865]
[17.1293]
[17.537792]
[17.47532]
[22.505146]
[19.734562]
[19.385855]
[29.268637]
[26.555565]
[25.30724]
[25.485718]
[23.13232]
[9.650244]
[15.337082]
[19.294928]
[18.640068]
[22.178156]
[38.86249]
[45.480545]
[51.77803]
[57.2246]
[51.816563]
[41.02115]
[59.83326]
[70.01685]
[68.33034]
[68.67733]
[60.185787]
[76.6533]
[97.24236]
[92.394646]
[130.45932]
[122.5754]
[124.7629]
[107.840904]
[109.82226]
[105.418724]
[105.13392]
[98.89518]
[95.6582]
[92.28256]
[90.1335]
[78.396385]
[75.64989]
[90.060776]
[91.6244]
[90.35442]
[92.23611]
[91.19523]
[91.03694]
[113.20058]
[130.1242]
[141.8703]
[138.37961]
[136.09978]
[135.81116]
[135.96715]
[130.80211]
[107.70841]
[104.96325]
[99.50046]
[99.179794]
[96.4761]
[69.381615]
[57.695126]
[65.27497]
[61.76601]
[57.750404]
[47.485428]
[29.343548]
[22.508041]
[22.616966]
[35.417187]
[49.74422]
[46.20487]
[47.183723]
[40.41033]
[25.679728]
[18.313427]
[31.293316]
[24.26297]
[19.132776]
[18.639883]
[16.165878]
[15.295978]
[15.376496]
[17.818808]
[18.32713]
[17.304691]
[16.174232]
[16.829384]
[15.328074]
[14.441055]
[15.64045]
[15.703093]
[15.2796]
[15.730835]
[15.907153]
[16.130669]
[16.541204]
[18.399355]
[19.53136]
[16.389215]
[15.50841]
[16.014486]
[16.343065]
[16.280762]
[15.814628]
[15.762974]
[15.812209]
[15.271503]
[15.5550995]
[14.489841]
[13.61239]
[14.298616]
[15.181572]
[16.97303]
[17.74827]
[20.61659]
[17.380629]
[15.938181]
[16.138681]
[15.469639]
[14.204555]
[15.08329]
[21.554802]
[16.201246]
[13.473731]
[14.106175]
[14.566822]
[17.269115]
[17.95859]
[16.260925]
[14.093535]
[13.821094]
[26.597738]
[31.2075]
[30.664543]
[29.601381]
[24.052988]
[18.079517]
[12.284561]
[12.198716]
[10.052654]
[9.294682]
[8.960932]
[8.728812]
[8.196518]
[8.520911]
[8.307884]
[8.667457]
[8.30192]
[8.648005]
[8.412989]
[8.430626]
[8.533186][10.25]
[9.45]
[13.02]
[10.69]
[5.31]
[5.25]
[5.26]
[5.31]
[5.31]
[5.3]
[5.29]
[5.3]
[9.25]
[9.31]
[9.28]
[9.29]
[9.27]
[9.26]
[9.25]
[9.26]
[9.26]
[9.27]
[9.25]
[9.25]
[9.32]
[9.28]
[9.26]
[9.22]
[9.21]
[9.23]
[9.23]
[9.06]
[9.24]
[9.25]
[9.24]
[9.29]
[9.55]
[9.28]
[9.27]
[9.27]
[9.25]
[9.24]
[9.28]
[12.21]
[12.29]
[12.32]
[12.27]
[12.3]
[12.29]
[12.25]
[12.25]
[12.25]
[12.29]
[12.3]
[12.3]
[12.31]
[12.36]
[12.34]
[12.35]
[12.36]
[12.37]
[12.39]
[12.39]
[12.4]
[12.36]
[12.39]
[12.4]
[12.41]
[12.52]
[12.25]
[12.25]
[12.03]
[12.31]
[26.75]
[15.2]
[15.05]
[15.12]
[15.03]
[15.09]
[15.17]
[15.22]
[15.41]
[15.4]
[15.43]
[15.24]
[15.14]
[15.08]
[15.29]
[15.3]
[15.23]
[15.22]
[15.17]
[15.21]
[15.24]
[15.21]
[15.26]
[15.09]
[15.03]
[14.94]
[15.09]
[15.28]
[15.3]
[15.52]
[15.38]
[15.46]
[15.26]
[15.55]
[15.54]
[15.27]
[22.36]
[17.87]
[15.85]
[42.75]
[82.22]
[94.05]
[93.25]
[90.97]
[55.68]
[49.63]
[58.09]
[56.67]
[54.59]
[53.59]
[58.05]
[53.08]
[41.74]
[57.88]
[58.89]
[56.17]
[56.45]
[59.98]
[24.57]
[23.68]
[48.95]
[58.59]
[52.66]
[61.65]
[55.39]
[15.63]
[15.57]
[49.45]
[48.02]
[57.5]
[95.04]
[91.35]
[127.12]
[159.08]
[215.85]
[192.9]
[144.63]
[136.75]
[131.02]
[99.64]
[86.83]
[129.19]
[131.03]
[129.73]
[130.49]
[130.52]
[92.3]
[87.76]
[90.33]
[91.84]
[90.24]
[92.4]
[96.82]
[52.74]
[45.22]
[55.96]
[60.38]
[51.61]
[55.5]
[62.81]
[54.04]
[56.12]
[53.08]
[60.33]
[38.11]
[64.66]
[62.07]
[50.21]
[45.53]
[67.12]
[58.52]
[53.52]
[50.52]
[53.77]
[41.06]
[38.17]
[35.45]
[50.08]
[57.71]
[43.73]
[61.41]
[54.5]
[42.43]
[96.98]
[93.31]
[95.73]
[93.08]
[91.61]
[94.94]
[85.74]
[88.4]
[98.74]
[90.94]
[95.37]
[98.5]
[45.13]
[47.61]
[67.66]
[39.1]
[71.69]
[37.29]
[69.59]
[19.53]
[12.7]
[49.99]
[27.12]
[31.05]
[19.21]
[28.46]
[14.31]
[9.94]
[17.83]
[28.86]
[44.83]
[46.46]
[52.06]
[24.01]
[9.42]
[50.97]
[57.23]
[44.2]
[37.8]
[12.15]
[9.41]
[10.47]
[20.43]
[33.31]
[48.25]
[44.01]
[55.45]
[12.7]
[10.36]
[51.64]
[50.92]
[50.38]
[49.93]
[49.1]
[13.79]
[10.13]
[29.22]
[34.2]
[23.2]
[39.35]
[38.77]
[14.08]
[10.2]
[32.49]
[35.58]
[33.86]
[32.24]
[29.9]
[23.23]
[16.87]
[24.9]
[28.37]
[17.49]
[16.74]
[47.53]
[16.06]
[15.03]
[32.65]
[36.66]
[33.79]
[32.62]
[31.6]
[12.79]
[8.68]
[29.3]
[28.48]
[33.01]
[32.79]
[29.71]
[12.11]
[7.79]
[7.39]
[5.3]
[5.33]
[5.36]
[5.41]
[5.44]
[5.46]
[5.48]
[5.51]
[5.52]
[5.54]
[5.55]
[5.56]
[5.57]
[5.58]
[5.41]
[5.59]
[5.59]
[5.59]
[5.59]
[5.59]
[5.59]
[5.52]
[9.82]
[15.53]
[16.95]
[20.82]
[11.7]
[14.18]
[15.4]
[23.39]
[19.41]
[16.47]
[11.42]
[6.71]
[12.54]
[12.67]
[10.63]
[11.37]
[12.05]
[14.44]
[14.47]
[12.32]
[14.46]
[13.82]
[14.57]
[14.58]
[8.47]
[14.78]
[14.81]
[14.47]
[5.31]
[5.31]
[5.29]
[6.65]
[12.03]
[10.97]
[11.68]
[7.09]
[5.32]
[5.32]
[5.33]
[5.32]
[5.32]
[7.66]
[5.32]
[5.32]
[5.32]
[5.29]
[5.21]
[5.09]
[5.1]
[5.1]
[5.1]
[5.11]
[5.11]
[5.1]
[5.12]
[5.22]
[5.48]
[5.49]
[5.27]
[5.12]
[5.13]
[5.12]
[5.12]
[5.11]
[5.16]
[8.76]
[8.76]
[8.94]
[8.95]
[8.95]
[10.8]
[10.34]
[8.93]
[12.82]
[12.41]
[9.78]
[12.71]
[13.05]
[9.78]
[9.61]
[13.47]
[13.71]
[13.82]
[13.8]
[20.11]
[12.1]
[10.21]
[15.44]
[19.36]
[24.22]
[16.35]
[13.82]
[12.91]
[11.05]
[11.21]
[12.63]
[12.73]
[13.93]
[14.]
[12.75]
[12.72]
[14.06]
[13.64]
[13.18]
[14.13]
[14.47]
[12.97]
[12.08]
[13.53]
[13.92]
[14.]
[14.03]
[13.47]
[12.53]
[12.61]
[12.89]
[13.87]
[13.64]
[12.29]
[13.75]
[12.77]
[12.77]
[13.97]
[13.97]
[12.95]
[15.58]
[14.78]
[14.97]
[14.82]
[14.67]
[14.69]
[14.7]
[14.81]
[14.7]
[17.5]
[18.04]
[19.37]
[14.58]
[14.62]
[14.69]
[14.75]
[14.6]
[14.39]
[14.42]
[14.49]
[14.55]
[14.59]
[14.62]
[14.6]
[14.31]
[14.23]
[14.12]
[14.15]
[14.3]
[14.52]
[14.49]
[14.43]
[14.23]
[14.17]
[14.28]
[14.37]
[14.29]
[14.2]
[14.09]
[14.11]
[14.23]
[14.04]
[14.13]
[14.15]
[14.07]
[14.02]
[13.88]
[13.88]
[13.78]
[13.82]
[13.92]
[14.08]
[13.97]
[13.86]
[13.82]
[13.83]
[13.99]
[14.01]
[13.84]
[13.78]
[13.71]
[13.96]
[14.1]
[13.99]
[13.72]
[16.98]
[13.92]
[13.67]
[13.53]
[13.42]
[13.41]
[13.36]
[14.17]
[14.52]
[14.48]
[14.44]
[14.41]
[14.38]
[14.37]
[14.35]
[14.34]
[14.31]
[15.25]
[14.32]
[14.31]
[14.29]
[14.29]
[14.58]
[14.56]
[12.15]
[11.95]
[11.88]
[11.87]
[11.82]
[13.39]
[11.95]
[11.94]
[11.89]
[11.86]
[11.86]
[11.84]
[11.83]
[11.81]
[11.86]
[11.86]
[11.8]
[11.8]
[11.79]
[11.78]
[11.77]
[11.96]
[11.94]
[11.9]
[11.85]
[11.35]
[11.83]
[11.8]
[12.]
[12.06]
[12.03]
[9.66]
[9.6]
[9.59]
[9.63]
[9.74]
[9.73]
[9.68]
[9.68]
[9.7]
[9.68]
[9.68]
[9.67]
[9.67]
[9.73]
[9.77]
[9.75]
[9.77]
[9.77]
[9.77]
[9.74]
[9.74]
[9.73]
[9.72]
[9.75]
[9.75]
[9.79]
[9.77]
[9.77]
[9.78]
[9.77]
[9.09]
[9.09]
[8.91]
[8.69]
[8.69]
[8.66]
[8.69]
[8.7]
[8.7]
[8.66]
[8.67]
[8.77]
[8.78]
[8.78]
[8.77]
[8.78]
[8.77]
[8.74]
[8.74]
[8.77]
[8.77]
[8.77]
[8.76]
[8.77]
[8.76]
[8.77]
[8.77]
[8.76]
[8.76]
[8.77]
[8.71]
[8.26]
[8.23]
[8.06]
[8.02]
[8.01]
[8.04]
[8.06]
[8.04]
[8.05]
[8.06]
[8.05]
[8.05]
[8.07]
[8.07]
[8.06]
[8.04]
[8.08]
[8.07]
[8.07]
[8.03]
[8.1]
[8.09]
[8.1]
[8.11]
[8.1]
[8.11]
[8.12]
[8.11]
[8.11]
[8.13]
[6.13]
[6.11]
[5.91]
[5.29]
[5.35]
[5.29]
[5.31]
[5.3]
[5.3]
[5.3]
[5.31]
[5.3]
[5.27]
[5.29]
[5.29]
[5.29]
[5.3]
[5.3]
[5.34]
[5.31]
[5.31]
[5.32]
[5.32]
[5.31]
[5.33]
[5.32]
[5.32]
[5.31]
[5.33]
[5.32]
[5.34]
[5.34]
[5.89]
[5.74]
[5.51]
[5.5]
[7.49]
[7.16]
[5.55]
[5.56]
[5.48]
[5.43]
[5.41]
[5.42]
[5.48]
[5.44]
[5.44]
[5.44]
[7.99]
[5.37]
[5.4]
[5.41]
[5.38]
[5.38]
[5.39]
[5.38]
[5.38]
[5.43]
[5.4]
[5.41]
[5.42]
[5.41]
[5.41]
[5.41]
[5.41]
[5.42]
[5.44]
[5.44]
[5.45]
[5.47]
[5.47]
[5.4]
[5.42]
[5.44]
[5.46]
[5.47]
[5.46]
[5.46]
[5.47]
[5.47]
[5.42]
[5.48]
[5.49]
[5.48]
[5.46]
[5.46]
[5.5]
[5.51]
[5.48]
[5.46]
[9.04]
[9.13]
[9.13]
[9.16]
[9.17]
[9.17]
[9.19]
[9.21]
[9.24]
[9.24]
[9.22]
[9.2]
[9.27]
[9.28]
[9.28]
[9.29]
[9.32]
[9.33]
[9.33]
[9.34]
[9.36]
[9.37]
[9.38]
[9.41]
[9.41]
[9.41]
[9.41]
[9.42]
[9.83]
[9.49]
[9.52]
[12.18]
[12.29]
[12.29]
[12.33]
[12.37]
[12.42]
[12.45]
[12.39]
[15.27]
[16.55]
[14.11]
[12.06]
[12.15]
[12.22]
[12.2]
[14.89]
[12.24]
[12.29]
[12.3]
[12.82]
[12.19]
[12.16]
[12.29]
[12.32]
[12.3]
[12.41]
[12.47]
[12.46]
[12.66]
[12.65]
[14.68]
[15.59]
[15.66]
[15.62]
[15.61]
[15.62]
[15.55]
[15.55]
[15.53]
[15.48]
[15.58]
[15.63]
[15.67]
[15.73]
[15.76]
[15.69]
[15.74]
[15.74]
[15.7]
[15.75]
[15.81]
[15.74]
[15.69]
[15.67]
[15.67]
[15.69]
[15.71]
[15.78]
[15.82]
[15.85]
[15.84]
[15.82]
[15.81]
[15.68]
[15.65]
[15.45]
[15.76]
[15.72]
[15.72]
[15.72]
[15.86]
[15.62]
[15.55]
[15.84]
[15.47]
[15.85]
[15.91]
[15.89]
[15.6]
[15.96]
[15.99]
[15.84]
[15.77]
[15.99]
[15.57]
[15.56]
[15.78]
[15.69]
[15.67]
[15.63]
[15.75]
[15.5]
[15.92]
[15.96]
[15.99]
[16.2]
[15.99]
[15.99]
[15.96]
[15.93]
[15.94]
[15.96]
[15.89]
[15.75]
[15.57]
[14.85]
[16.98]
[17.18]
[17.15]
[16.64]
[16.94]
[16.89]
[16.85]
[16.85]
[16.82]
[22.09]
[48.14]
[54.09]
[52.25]
[50.82]
[26.21]
[24.32]
[46.38]
[54.6]
[55.32]
[58.59]
[42.22]
[59.61]
[52.27]
[91.07]
[134.99]
[99.13]
[93.08]
[89.49]
[90.15]
[90.7]
[92.91]
[90.54]
[92.41]
[91.17]
[89.85]
[54.37]
[55.31]
[91.98]
[89.63]
[92.51]
[92.65]
[53.92]
[58.15]
[118.86]
[121.02]
[128.01]
[129.11]
[130.04]
[130.07]
[129.96]
[130.52]
[93.73]
[94.19]
[93.43]
[94.32]
[94.03]
[49.04]
[42.92]
[63.69]
[56.03]
[54.7]
[38.34]
[11.79]
[11.72]
[12.96]
[33.11]
[57.23]
[47.44]
[52.93]
[38.46]
[13.38]
[10.84]
[32.12]
[12.86]
[13.04]
[11.96]
[9.06]
[9.09]
[9.87]
[13.99]
[13.87]
[12.77]
[11.54]
[13.62]
[10.08]
[9.89]
[11.66]
[11.41]
[10.97]
[12.27]
[12.58]
[13.52]
[14.11]
[18.19]
[19.12]
[13.6]
[13.55]
[13.48]
[13.43]
[13.64]
[13.07]
[13.76]
[13.75]
[12.85]
[13.71]
[11.22]
[9.92]
[11.7]
[12.05]
[15.5]
[15.5]
[20.41]
[11.86]
[11.21]
[12.16]
[10.03]
[8.58]
[11.93]
[24.96]
[9.81]
[9.12]
[11.89]
[11.97]
[19.72]
[18.14]
[16.04]
[11.71]
[13.74]
[39.18]
[46.43]
[42.22]
[40.7]
[29.17]
[11.6]
[7.7]
[7.77]
[5.18]
[5.21]
[5.24]
[5.27]
[5.28]
[5.29]
[5.31]
[5.33]
[5.34]
[5.35]
[5.36]
[5.37]
[5.38]
[5.39]