0.8846410592162541, 0.900264224784344, -9.620643494454324, 206.75117032642487[13.35028]
[10.698162]
[8.983077]
[10.826722]
[10.268421]
[6.7309217]
[6.214351]
[5.937186]
[6.209052]
[6.083599]
[5.8670516]
[6.1883936]
[5.7418356]
[8.260352]
[8.546434]
[8.931358]
[9.1809]
[9.723287]
[10.4105015]
[11.280649]
[11.347764]
[10.008373]
[9.862822]
[9.68115]
[9.753649]
[9.69672]
[9.682726]
[9.45577]
[9.510884]
[9.147092]
[9.476749]
[9.662604]
[9.315378]
[9.610047]
[9.710833]
[9.36317]
[9.424382]
[9.880279]
[12.811816]
[10.742646]
[9.972671]
[10.19438]
[10.364686]
[10.314193]
[11.981545]
[12.346508]
[12.303558]
[12.318494]
[12.275116]
[12.502825]
[12.633156]
[12.563741]
[12.364083]
[12.399917]
[12.325101]
[12.289991]
[12.299893]
[12.341393]
[12.287548]
[12.275699]
[12.293335]
[12.297974]
[12.269432]
[12.31228]
[12.3383]
[12.313138]
[12.588238]
[12.764088]
[12.546333]
[12.669584]
[15.315467]
[10.255528]
[11.577442]
[12.314527]
[38.844425]
[18.172483]
[14.122093]
[14.464743]
[14.332497]
[14.429026]
[14.56721]
[14.461915]
[14.694237]
[14.676365]
[14.720068]
[14.607337]
[14.542028]
[14.672064]
[14.878853]
[14.794958]
[14.775893]
[14.507389]
[15.0441]
[15.03312]
[14.825292]
[14.901082]
[14.95071]
[14.778078]
[14.71422]
[14.213319]
[14.515718]
[15.045598]
[14.745029]
[15.096935]
[15.344505]
[15.818762]
[21.412779]
[24.052666]
[21.54537]
[36.82705]
[60.20861]
[41.925213]
[79.33579]
[77.52168]
[91.91516]
[102.49882]
[136.40761]
[92.80699]
[82.74525]
[61.86311]
[65.15353]
[62.42205]
[57.669914]
[53.65397]
[54.52756]
[51.315018]
[43.763275]
[50.806488]
[53.05128]
[51.129337]
[51.023712]
[54.032875]
[35.070847]
[31.874584]
[44.90224]
[51.0471]
[47.03049]
[50.91577]
[46.95073]
[25.822987]
[29.774809]
[47.415607]
[52.025818]
[75.52417]
[103.536766]
[142.79]
[158.78447]
[180.91953]
[210.36966]
[177.87636]
[158.11313]
[141.45255]
[128.0068]
[105.6395]
[88.341835]
[111.745155]
[118.08889]
[121.27929]
[122.15546]
[130.94803]
[112.026596]
[100.482796]
[93.18458]
[93.317696]
[89.9033]
[89.706345]
[94.79123]
[77.76221]
[71.16417]
[77.7837]
[74.269]
[73.93107]
[70.07469]
[70.8752]
[64.652954]
[61.27406]
[57.314384]
[58.805607]
[46.071877]
[57.139175]
[57.694576]
[51.175148]
[48.478405]
[59.251343]
[54.440445]
[49.24277]
[46.15937]
[47.28427]
[42.583538]
[44.667244]
[50.4262]
[67.70225]
[67.50762]
[63.500626]
[66.141655]
[61.349205]
[62.319508]
[96.89084]
[93.51714]
[90.685555]
[86.210754]
[83.10412]
[83.95662]
[81.694435]
[86.42658]
[92.61934]
[91.89131]
[101.48957]
[100.633286]
[78.41005]
[74.29226]
[76.020096]
[60.50224]
[73.36641]
[55.49108]
[66.807045]
[41.763294]
[33.842995]
[49.724068]
[40.045483]
[39.136574]
[33.194435]
[35.927963]
[29.558033]
[25.449776]
[28.802948]
[33.867313]
[40.632557]
[41.392006]
[44.43378]
[33.42424]
[26.577497]
[45.822342]
[51.17911]
[43.996834]
[40.871105]
[30.083035]
[28.376259]
[28.995111]
[32.70379]
[37.152977]
[43.05843]
[41.012054]
[45.734985]
[26.56175]
[23.390072]
[43.17067]
[43.676174]
[42.540043]
[42.486477]
[41.14216]
[25.478617]
[23.313114]
[34.48796]
[36.70148]
[30.612057]
[36.194866]
[35.706646]
[23.83755]
[19.60294]
[30.66264]
[32.910522]
[31.685017]
[30.195156]
[28.65889]
[25.05833]
[21.25422]
[25.236565]
[27.751194]
[23.027597]
[23.481728]
[41.046604]
[27.33769]
[22.452776]
[30.485464]
[32.582485]
[30.840143]
[29.631907]
[28.543062]
[18.544384]
[13.526184]
[25.177277]
[25.953346]
[27.33901]
[27.574928]
[26.45716]
[16.565947]
[11.497764]
[10.81736]
[9.526247]
[9.096084]
[9.546722]
[9.506166]
[9.712836]
[9.541611]
[9.179136]
[9.311021]
[9.12797]
[9.256752]
[8.94904]
[8.98883]
[8.82676]
[8.8447]
[8.703439]
[8.498482]
[8.57796]
[8.353795]
[8.353795]
[8.353795]
[8.353795]
[7.9440317]
[9.672942]
[15.409059]
[15.456639]
[17.215734]
[12.742012]
[12.44651]
[13.706779]
[18.372417]
[17.094093]
[14.801219]
[11.296316]
[8.093683]
[9.9449625]
[11.477657]
[9.81327]
[9.760714]
[10.55202]
[11.975541]
[12.211941]
[11.0077715]
[11.63032]
[19.690344]
[14.273567]
[12.294345]
[9.351471]
[11.396654]
[12.924939]
[12.6760025]
[7.4196754]
[6.1484947]
[6.2858953]
[6.598236]
[9.968747]
[10.141922]
[10.2927265]
[7.847582]
[6.229344]
[6.060906]
[6.135353]
[5.920387]
[6.2393856]
[7.0794907]
[6.3830967]
[6.1393833]
[5.8245835]
[6.253302]
[5.752339]
[6.6455274]
[6.3210673]
[6.9122667]
[6.826155]
[6.3237824]
[6.5244317]
[6.246008]
[6.2623253]
[6.1249104]
[6.4279895]
[6.328646]
[6.779001]
[5.7991095]
[6.677246]
[6.1600585]
[6.2957764]
[6.29219]
[6.1199007]
[8.265214]
[8.492672]
[13.650134]
[9.859116]
[9.061956]
[9.601801]
[10.185045]
[8.813096]
[11.693417]
[11.676448]
[9.956685]
[10.991444]
[12.084416]
[10.365975]
[9.772266]
[12.433626]
[12.810398]
[13.236271]
[12.525041]
[17.912996]
[13.006166]
[10.628035]
[13.069926]
[17.865852]
[21.475204]
[15.9533615]
[13.160098]
[12.192423]
[11.063936]
[10.7198925]
[11.759712]
[12.217097]
[12.772208]
[13.238454]
[12.615708]
[12.29563]
[13.003148]
[13.217142]
[12.891649]
[13.442043]
[14.0173645]
[12.888627]
[12.115228]
[12.996182]
[13.5918045]
[13.578954]
[13.342136]
[13.158712]
[12.443922]
[12.092143]
[12.452877]
[13.624783]
[13.821544]
[12.231102]
[13.53957]
[13.190782]
[13.062808]
[13.684409]
[13.770134]
[12.940198]
[14.764843]
[14.52493]
[14.4440975]
[14.388453]
[14.304608]
[14.282064]
[14.159161]
[14.266429]
[14.247541]
[16.0745]
[19.307432]
[18.256863]
[14.469533]
[13.803119]
[14.055321]
[14.212187]
[14.581269]
[14.292271]
[14.091554]
[14.053605]
[14.148506]
[14.249886]
[14.329135]
[14.351431]
[14.185051]
[14.072623]
[14.007276]
[14.06145]
[14.232933]
[14.454037]
[14.502896]
[14.500389]
[14.423739]
[14.442186]
[14.565495]
[14.653644]
[14.564085]
[14.365358]
[14.199846]
[14.157431]
[14.225527]
[14.0857]
[14.080744]
[14.0831585]
[14.07421]
[13.768061]
[13.642606]
[13.4808445]
[13.1664095]
[13.159139]
[13.080298]
[13.044942]
[12.866459]
[12.639741]
[12.52773]
[12.544865]
[12.747109]
[12.91018]
[13.008406]
[13.124147]
[13.105585]
[13.377687]
[13.618872]
[14.015183]
[13.810275]
[24.571867]
[16.864683]
[32.2277]
[16.24914]
[11.692514]
[13.459545]
[13.661949]
[14.825553]
[15.773793]
[15.72156]
[15.71881]
[15.687019]
[15.674161]
[15.479329]
[15.340825]
[15.350246]
[15.280241]
[15.829442]
[15.166292]
[14.952144]
[14.875648]
[14.798281]
[14.240033]
[14.837234]
[13.362121]
[12.914353]
[12.815125]
[13.107848]
[13.113801]
[14.291004]
[13.445485]
[13.088125]
[12.866097]
[12.700013]
[12.552454]
[12.520344]
[12.560545]
[12.466994]
[12.325938]
[12.219362]
[12.079182]
[11.987802]
[11.998837]
[11.893364]
[11.957074]
[12.5025425]
[14.21502]
[14.200084]
[13.55537]
[13.64728]
[13.065802]
[12.795964]
[12.679273]
[12.569995]
[12.80804]
[11.455565]
[11.019191]
[10.70854]
[10.520774]
[10.640826]
[10.602737]
[10.626584]
[10.573288]
[10.623399]
[10.564321]
[10.523187]
[10.585848]
[10.4944315]
[10.576986]
[10.544264]
[10.557657]
[10.553331]
[10.56244]
[10.531331]
[10.508165]
[10.464328]
[10.459279]
[10.409847]
[10.408262]
[10.414252]
[10.453143]
[10.407984]
[10.367295]
[10.427588]
[10.375902]
[10.005461]
[9.926845]
[9.818242]
[9.616591]
[9.522132]
[9.56152]
[9.638954]
[9.629141]
[9.588124]
[9.470803]
[9.462592]
[9.51856]
[9.921878]
[10.163561]
[10.056806]
[9.95748]
[9.848055]
[9.76778]
[9.719185]
[9.666854]
[9.710738]
[9.657905]
[9.609979]
[9.627451]
[9.541503]
[9.502845]
[9.6451235]
[9.794156]
[9.6968565]
[9.796337]
[9.785674]
[9.395605]
[9.218631]
[9.077504]
[9.027451]
[8.971292]
[9.00185]
[9.046778]
[9.008689]
[8.946373]
[8.907299]
[8.953915]
[8.931731]
[8.940838]
[8.834414]
[8.906816]
[8.699298]
[8.912297]
[8.628979]
[8.728903]
[8.757079]
[8.373564]
[8.663955]
[8.612936]
[8.541634]
[8.497053]
[8.763706]
[8.574672]
[8.86863]
[8.877323]
[8.992344]
[7.7913165]
[7.481128]
[7.2678485]
[6.9253297]
[6.532913]
[6.8014073]
[6.444843]
[6.646913]
[6.6897035]
[6.4388514]
[6.65815]
[6.530278]
[6.5135965]
[6.5254245]
[6.368362]
[6.456851]
[6.50768]
[6.1066623]
[6.5847917]
[6.4141564]
[6.294404]
[6.5013247]
[6.3876424]
[6.3848677]
[6.403198]
[6.3997607]
[6.402008]
[6.399929]
[6.4130187]
[6.2616315]
[6.512012]
[6.168788]
[6.758842]
[6.586976]
[9.628708]
[7.5055065]
[7.6213746]
[8.304942]
[6.8357067]
[6.4250197]
[6.4405665]
[6.401358]
[6.583676]
[6.499065]
[6.5127387]
[6.5135884]
[6.505236]
[6.518009]
[8.205285]
[7.132199]
[6.59119]
[6.5842547]
[6.577144]
[6.570339]
[6.563337]
[6.424135]
[6.44465]
[6.7180777]
[7.984101]
[7.179429]
[6.3489676]
[6.48902]
[6.5166354]
[6.346689]
[6.4734654]
[6.523146]
[6.386368]
[6.5483303]
[6.4616895]
[6.367263]
[6.557326]
[6.337847]
[6.433422]
[6.417928]
[6.5439906]
[6.325737]
[6.545165]
[6.368845]
[6.4669275]
[6.387771]
[6.506422]
[6.375891]
[6.3748436]
[6.547315]
[6.3647065]
[6.3581715]
[6.54834]
[6.289923]
[6.441006]
[6.4273925]
[8.955234]
[9.436052]
[9.607913]
[9.368069]
[9.561117]
[9.727329]
[9.6341305]
[9.601271]
[10.13702]
[9.685693]
[10.065637]
[9.615321]
[9.992523]
[9.543273]
[9.919442]
[10.035985]
[9.514887]
[9.309189]
[9.397291]
[9.398308]
[9.400983]
[9.366915]
[9.427821]
[9.649316]
[9.467738]
[9.831999]
[9.700037]
[9.458669]
[10.06221]
[10.352828]
[10.310949]
[12.072517]
[12.544013]
[12.555631]
[13.086467]
[12.549679]
[12.890535]
[13.433996]
[13.420489]
[16.350601]
[17.543932]
[15.523709]
[12.734738]
[12.578743]
[12.464445]
[12.741452]
[15.616661]
[12.442883]
[12.071984]
[11.848788]
[12.135361]
[11.303192]
[11.145119]
[11.434105]
[11.608712]
[11.827021]
[11.894669]
[11.92167]
[11.899185]
[11.876982]
[11.7911]
[12.4448805]
[12.428912]
[12.3983345]
[12.433963]
[12.041795]
[12.171195]
[11.878206]
[12.263732]
[12.875509]
[12.169766]
[21.880157]
[13.845926]
[10.619108]
[14.767035]
[11.898072]
[14.804589]
[15.834925]
[15.834402]
[15.736104]
[15.772057]
[15.701851]
[15.460553]
[15.257185]
[15.008914]
[15.241184]
[15.052113]
[15.803988]
[14.651873]
[14.391186]
[15.18803]
[15.806524]
[16.181448]
[16.159925]
[15.427545]
[15.965927]
[15.326023]
[15.208952]
[15.287724]
[15.314767]
[16.701323]
[17.578766]
[15.10492]
[15.324357]
[16.229776]
[15.376745]
[16.231537]
[16.518402]
[16.459982]
[16.598314]
[16.980486]
[17.281599]
[17.194113]
[17.080246]
[17.291567]
[17.478699]
[19.12399]
[16.072205]
[16.37883]
[16.9118]
[17.07237]
[17.008907]
[16.64981]
[16.996439]
[17.142845]
[17.562263]
[17.83058]
[17.505892]
[17.240925]
[17.110931]
[16.927729]
[17.240223]
[17.046022]
[17.778429]
[22.42472]
[26.55328]
[17.852852]
[33.8954]
[31.12298]
[25.424992]
[26.720852]
[23.780378]
[7.2329307]
[16.406826]
[18.704002]
[18.340834]
[21.81972]
[38.79951]
[43.787773]
[50.660564]
[56.686295]
[50.977013]
[47.36118]
[60.47487]
[69.81129]
[65.10606]
[65.03944]
[57.456924]
[74.49203]
[92.103485]
[95.850876]
[124.90733]
[113.636444]
[119.928345]
[107.97392]
[102.26295]
[99.3307]
[100.866005]
[95.25428]
[91.5518]
[88.42683]
[88.153656]
[76.77603]
[76.94198]
[86.5986]
[87.14821]
[88.40278]
[91.40285]
[83.007996]
[90.07648]
[108.38333]
[123.328125]
[137.73207]
[135.86798]
[129.14188]
[130.07347]
[131.52489]
[127.885056]
[102.48776]
[102.48342]
[96.737206]
[95.40603]
[93.11498]
[65.015625]
[55.11915]
[63.852966]
[59.33224]
[55.54283]
[44.97235]
[29.961706]
[27.116085]
[27.771086]
[37.32563]
[49.488945]
[44.79597]
[46.294678]
[38.983784]
[25.75131]
[22.200058]
[33.85562]
[25.773272]
[23.325441]
[22.844862]
[20.695564]
[20.274343]
[20.207832]
[22.407736]
[22.400585]
[21.42676]
[20.399378]
[21.098345]
[19.473665]
[18.862331]
[20.254719]
[20.156086]
[19.50304]
[19.929796]
[19.948172]
[20.125515]
[20.466087]
[22.190956]
[22.837133]
[19.670753]
[19.05062]
[19.683132]
[20.238235]
[20.296728]
[19.682566]
[19.591484]
[19.561783]
[18.80264]
[19.254381]
[17.68107]
[16.560038]
[17.65]
[18.819168]
[20.988237]
[21.539654]
[23.972406]
[20.432938]
[20.103254]
[20.659874]
[19.447123]
[17.538137]
[18.769314]
[25.370644]
[18.545135]
[15.902293]
[17.125532]
[17.434925]
[20.496181]
[20.962307]
[18.96643]
[16.696274]
[16.359013]
[27.989807]
[32.790714]
[31.055086]
[29.685295]
[25.204891]
[17.174364]
[13.13189]
[16.099928]
[12.953783]
[12.431335]
[11.809856]
[11.488]
[10.643145]
[11.002416]
[10.413205]
[11.252788]
[10.269326]
[11.010996]
[10.265515]
[10.536868]
[10.606128][10.25]
[9.45]
[13.02]
[10.69]
[5.31]
[5.25]
[5.26]
[5.31]
[5.31]
[5.3]
[5.29]
[5.3]
[9.25]
[9.31]
[9.28]
[9.29]
[9.27]
[9.26]
[9.25]
[9.26]
[9.26]
[9.27]
[9.25]
[9.25]
[9.32]
[9.28]
[9.26]
[9.22]
[9.21]
[9.23]
[9.23]
[9.06]
[9.24]
[9.25]
[9.24]
[9.29]
[9.55]
[9.28]
[9.27]
[9.27]
[9.25]
[9.24]
[9.28]
[12.21]
[12.29]
[12.32]
[12.27]
[12.3]
[12.29]
[12.25]
[12.25]
[12.25]
[12.29]
[12.3]
[12.3]
[12.31]
[12.36]
[12.34]
[12.35]
[12.36]
[12.37]
[12.39]
[12.39]
[12.4]
[12.36]
[12.39]
[12.4]
[12.41]
[12.52]
[12.25]
[12.25]
[12.03]
[12.31]
[26.75]
[15.2]
[15.05]
[15.12]
[15.03]
[15.09]
[15.17]
[15.22]
[15.41]
[15.4]
[15.43]
[15.24]
[15.14]
[15.08]
[15.29]
[15.3]
[15.23]
[15.22]
[15.17]
[15.21]
[15.24]
[15.21]
[15.26]
[15.09]
[15.03]
[14.94]
[15.09]
[15.28]
[15.3]
[15.52]
[15.38]
[15.46]
[15.26]
[15.55]
[15.54]
[15.27]
[22.36]
[17.87]
[15.85]
[42.75]
[82.22]
[94.05]
[93.25]
[90.97]
[55.68]
[49.63]
[58.09]
[56.67]
[54.59]
[53.59]
[58.05]
[53.08]
[41.74]
[57.88]
[58.89]
[56.17]
[56.45]
[59.98]
[24.57]
[23.68]
[48.95]
[58.59]
[52.66]
[61.65]
[55.39]
[15.63]
[15.57]
[49.45]
[48.02]
[57.5]
[95.04]
[91.35]
[127.12]
[159.08]
[215.85]
[192.9]
[144.63]
[136.75]
[131.02]
[99.64]
[86.83]
[129.19]
[131.03]
[129.73]
[130.49]
[130.52]
[92.3]
[87.76]
[90.33]
[91.84]
[90.24]
[92.4]
[96.82]
[52.74]
[45.22]
[55.96]
[60.38]
[51.61]
[55.5]
[62.81]
[54.04]
[56.12]
[53.08]
[60.33]
[38.11]
[64.66]
[62.07]
[50.21]
[45.53]
[67.12]
[58.52]
[53.52]
[50.52]
[53.77]
[41.06]
[38.17]
[35.45]
[50.08]
[57.71]
[43.73]
[61.41]
[54.5]
[42.43]
[96.98]
[93.31]
[95.73]
[93.08]
[91.61]
[94.94]
[85.74]
[88.4]
[98.74]
[90.94]
[95.37]
[98.5]
[45.13]
[47.61]
[67.66]
[39.1]
[71.69]
[37.29]
[69.59]
[19.53]
[12.7]
[49.99]
[27.12]
[31.05]
[19.21]
[28.46]
[14.31]
[9.94]
[17.83]
[28.86]
[44.83]
[46.46]
[52.06]
[24.01]
[9.42]
[50.97]
[57.23]
[44.2]
[37.8]
[12.15]
[9.41]
[10.47]
[20.43]
[33.31]
[48.25]
[44.01]
[55.45]
[12.7]
[10.36]
[51.64]
[50.92]
[50.38]
[49.93]
[49.1]
[13.79]
[10.13]
[29.22]
[34.2]
[23.2]
[39.35]
[38.77]
[14.08]
[10.2]
[32.49]
[35.58]
[33.86]
[32.24]
[29.9]
[23.23]
[16.87]
[24.9]
[28.37]
[17.49]
[16.74]
[47.53]
[16.06]
[15.03]
[32.65]
[36.66]
[33.79]
[32.62]
[31.6]
[12.79]
[8.68]
[29.3]
[28.48]
[33.01]
[32.79]
[29.71]
[12.11]
[7.79]
[7.39]
[5.3]
[5.33]
[5.36]
[5.41]
[5.44]
[5.46]
[5.48]
[5.51]
[5.52]
[5.54]
[5.55]
[5.56]
[5.57]
[5.58]
[5.41]
[5.59]
[5.59]
[5.59]
[5.59]
[5.59]
[5.59]
[5.52]
[9.82]
[15.53]
[16.95]
[20.82]
[11.7]
[14.18]
[15.4]
[23.39]
[19.41]
[16.47]
[11.42]
[6.71]
[12.54]
[12.67]
[10.63]
[11.37]
[12.05]
[14.44]
[14.47]
[12.32]
[14.46]
[13.82]
[14.57]
[14.58]
[8.47]
[14.78]
[14.81]
[14.47]
[5.31]
[5.31]
[5.29]
[6.65]
[12.03]
[10.97]
[11.68]
[7.09]
[5.32]
[5.32]
[5.33]
[5.32]
[5.32]
[7.66]
[5.32]
[5.32]
[5.32]
[5.29]
[5.21]
[5.09]
[5.1]
[5.1]
[5.1]
[5.11]
[5.11]
[5.1]
[5.12]
[5.22]
[5.48]
[5.49]
[5.27]
[5.12]
[5.13]
[5.12]
[5.12]
[5.11]
[5.16]
[8.76]
[8.76]
[8.94]
[8.95]
[8.95]
[10.8]
[10.34]
[8.93]
[12.82]
[12.41]
[9.78]
[12.71]
[13.05]
[9.78]
[9.61]
[13.47]
[13.71]
[13.82]
[13.8]
[20.11]
[12.1]
[10.21]
[15.44]
[19.36]
[24.22]
[16.35]
[13.82]
[12.91]
[11.05]
[11.21]
[12.63]
[12.73]
[13.93]
[14.]
[12.75]
[12.72]
[14.06]
[13.64]
[13.18]
[14.13]
[14.47]
[12.97]
[12.08]
[13.53]
[13.92]
[14.]
[14.03]
[13.47]
[12.53]
[12.61]
[12.89]
[13.87]
[13.64]
[12.29]
[13.75]
[12.77]
[12.77]
[13.97]
[13.97]
[12.95]
[15.58]
[14.78]
[14.97]
[14.82]
[14.67]
[14.69]
[14.7]
[14.81]
[14.7]
[17.5]
[18.04]
[19.37]
[14.58]
[14.62]
[14.69]
[14.75]
[14.6]
[14.39]
[14.42]
[14.49]
[14.55]
[14.59]
[14.62]
[14.6]
[14.31]
[14.23]
[14.12]
[14.15]
[14.3]
[14.52]
[14.49]
[14.43]
[14.23]
[14.17]
[14.28]
[14.37]
[14.29]
[14.2]
[14.09]
[14.11]
[14.23]
[14.04]
[14.13]
[14.15]
[14.07]
[14.02]
[13.88]
[13.88]
[13.78]
[13.82]
[13.92]
[14.08]
[13.97]
[13.86]
[13.82]
[13.83]
[13.99]
[14.01]
[13.84]
[13.78]
[13.71]
[13.96]
[14.1]
[13.99]
[13.72]
[16.98]
[13.92]
[13.67]
[13.53]
[13.42]
[13.41]
[13.36]
[14.17]
[14.52]
[14.48]
[14.44]
[14.41]
[14.38]
[14.37]
[14.35]
[14.34]
[14.31]
[15.25]
[14.32]
[14.31]
[14.29]
[14.29]
[14.58]
[14.56]
[12.15]
[11.95]
[11.88]
[11.87]
[11.82]
[13.39]
[11.95]
[11.94]
[11.89]
[11.86]
[11.86]
[11.84]
[11.83]
[11.81]
[11.86]
[11.86]
[11.8]
[11.8]
[11.79]
[11.78]
[11.77]
[11.96]
[11.94]
[11.9]
[11.85]
[11.35]
[11.83]
[11.8]
[12.]
[12.06]
[12.03]
[9.66]
[9.6]
[9.59]
[9.63]
[9.74]
[9.73]
[9.68]
[9.68]
[9.7]
[9.68]
[9.68]
[9.67]
[9.67]
[9.73]
[9.77]
[9.75]
[9.77]
[9.77]
[9.77]
[9.74]
[9.74]
[9.73]
[9.72]
[9.75]
[9.75]
[9.79]
[9.77]
[9.77]
[9.78]
[9.77]
[9.09]
[9.09]
[8.91]
[8.69]
[8.69]
[8.66]
[8.69]
[8.7]
[8.7]
[8.66]
[8.67]
[8.77]
[8.78]
[8.78]
[8.77]
[8.78]
[8.77]
[8.74]
[8.74]
[8.77]
[8.77]
[8.77]
[8.76]
[8.77]
[8.76]
[8.77]
[8.77]
[8.76]
[8.76]
[8.77]
[8.71]
[8.26]
[8.23]
[8.06]
[8.02]
[8.01]
[8.04]
[8.06]
[8.04]
[8.05]
[8.06]
[8.05]
[8.05]
[8.07]
[8.07]
[8.06]
[8.04]
[8.08]
[8.07]
[8.07]
[8.03]
[8.1]
[8.09]
[8.1]
[8.11]
[8.1]
[8.11]
[8.12]
[8.11]
[8.11]
[8.13]
[6.13]
[6.11]
[5.91]
[5.29]
[5.35]
[5.29]
[5.31]
[5.3]
[5.3]
[5.3]
[5.31]
[5.3]
[5.27]
[5.29]
[5.29]
[5.29]
[5.3]
[5.3]
[5.34]
[5.31]
[5.31]
[5.32]
[5.32]
[5.31]
[5.33]
[5.32]
[5.32]
[5.31]
[5.33]
[5.32]
[5.34]
[5.34]
[5.89]
[5.74]
[5.51]
[5.5]
[7.49]
[7.16]
[5.55]
[5.56]
[5.48]
[5.43]
[5.41]
[5.42]
[5.48]
[5.44]
[5.44]
[5.44]
[7.99]
[5.37]
[5.4]
[5.41]
[5.38]
[5.38]
[5.39]
[5.38]
[5.38]
[5.43]
[5.4]
[5.41]
[5.42]
[5.41]
[5.41]
[5.41]
[5.41]
[5.42]
[5.44]
[5.44]
[5.45]
[5.47]
[5.47]
[5.4]
[5.42]
[5.44]
[5.46]
[5.47]
[5.46]
[5.46]
[5.47]
[5.47]
[5.42]
[5.48]
[5.49]
[5.48]
[5.46]
[5.46]
[5.5]
[5.51]
[5.48]
[5.46]
[9.04]
[9.13]
[9.13]
[9.16]
[9.17]
[9.17]
[9.19]
[9.21]
[9.24]
[9.24]
[9.22]
[9.2]
[9.27]
[9.28]
[9.28]
[9.29]
[9.32]
[9.33]
[9.33]
[9.34]
[9.36]
[9.37]
[9.38]
[9.41]
[9.41]
[9.41]
[9.41]
[9.42]
[9.83]
[9.49]
[9.52]
[12.18]
[12.29]
[12.29]
[12.33]
[12.37]
[12.42]
[12.45]
[12.39]
[15.27]
[16.55]
[14.11]
[12.06]
[12.15]
[12.22]
[12.2]
[14.89]
[12.24]
[12.29]
[12.3]
[12.82]
[12.19]
[12.16]
[12.29]
[12.32]
[12.3]
[12.41]
[12.47]
[12.46]
[12.66]
[12.65]
[14.68]
[15.59]
[15.66]
[15.62]
[15.61]
[15.62]
[15.55]
[15.55]
[15.53]
[15.48]
[15.58]
[15.63]
[15.67]
[15.73]
[15.76]
[15.69]
[15.74]
[15.74]
[15.7]
[15.75]
[15.81]
[15.74]
[15.69]
[15.67]
[15.67]
[15.69]
[15.71]
[15.78]
[15.82]
[15.85]
[15.84]
[15.82]
[15.81]
[15.68]
[15.65]
[15.45]
[15.76]
[15.72]
[15.72]
[15.72]
[15.86]
[15.62]
[15.55]
[15.84]
[15.47]
[15.85]
[15.91]
[15.89]
[15.6]
[15.96]
[15.99]
[15.84]
[15.77]
[15.99]
[15.57]
[15.56]
[15.78]
[15.69]
[15.67]
[15.63]
[15.75]
[15.5]
[15.92]
[15.96]
[15.99]
[16.2]
[15.99]
[15.99]
[15.96]
[15.93]
[15.94]
[15.96]
[15.89]
[15.75]
[15.57]
[14.85]
[16.98]
[17.18]
[17.15]
[16.64]
[16.94]
[16.89]
[16.85]
[16.85]
[16.82]
[22.09]
[48.14]
[54.09]
[52.25]
[50.82]
[26.21]
[24.32]
[46.38]
[54.6]
[55.32]
[58.59]
[42.22]
[59.61]
[52.27]
[91.07]
[134.99]
[99.13]
[93.08]
[89.49]
[90.15]
[90.7]
[92.91]
[90.54]
[92.41]
[91.17]
[89.85]
[54.37]
[55.31]
[91.98]
[89.63]
[92.51]
[92.65]
[53.92]
[58.15]
[118.86]
[121.02]
[128.01]
[129.11]
[130.04]
[130.07]
[129.96]
[130.52]
[93.73]
[94.19]
[93.43]
[94.32]
[94.03]
[49.04]
[42.92]
[63.69]
[56.03]
[54.7]
[38.34]
[11.79]
[11.72]
[12.96]
[33.11]
[57.23]
[47.44]
[52.93]
[38.46]
[13.38]
[10.84]
[32.12]
[12.86]
[13.04]
[11.96]
[9.06]
[9.09]
[9.87]
[13.99]
[13.87]
[12.77]
[11.54]
[13.62]
[10.08]
[9.89]
[11.66]
[11.41]
[10.97]
[12.27]
[12.58]
[13.52]
[14.11]
[18.19]
[19.12]
[13.6]
[13.55]
[13.48]
[13.43]
[13.64]
[13.07]
[13.76]
[13.75]
[12.85]
[13.71]
[11.22]
[9.92]
[11.7]
[12.05]
[15.5]
[15.5]
[20.41]
[11.86]
[11.21]
[12.16]
[10.03]
[8.58]
[11.93]
[24.96]
[9.81]
[9.12]
[11.89]
[11.97]
[19.72]
[18.14]
[16.04]
[11.71]
[13.74]
[39.18]
[46.43]
[42.22]
[40.7]
[29.17]
[11.6]
[7.7]
[7.77]
[5.18]
[5.21]
[5.24]
[5.27]
[5.28]
[5.29]
[5.31]
[5.33]
[5.34]
[5.35]
[5.36]
[5.37]
[5.38]
[5.39]