0.889498705040788, 0.9011429949115417, -10.926472291307121, 202.3513147351474[14.789833]
[12.438036]
[11.335495]
[13.152959]
[12.342754]
[8.995529]
[8.237264]
[8.186038]
[8.094876]
[8.15184]
[8.038097]
[8.052025]
[8.075193]
[10.351197]
[10.970975]
[10.945755]
[11.264911]
[12.896464]
[15.040431]
[13.545341]
[11.572244]
[11.633408]
[11.562846]
[11.532959]
[11.427079]
[11.511785]
[11.500264]
[11.379376]
[11.241016]
[11.173574]
[11.175547]
[11.497106]
[11.444958]
[11.26465]
[11.338545]
[11.381982]
[11.193744]
[11.802218]
[15.5234785]
[12.530785]
[12.518016]
[12.998722]
[12.657007]
[12.090523]
[13.627284]
[14.013341]
[14.061757]
[14.104517]
[14.327004]
[15.02009]
[14.76273]
[14.25973]
[14.064844]
[14.171181]
[13.922219]
[13.989284]
[13.991761]
[13.963667]
[13.847595]
[13.880074]
[13.89258]
[13.837695]
[13.796014]
[13.945558]
[13.966752]
[14.3295555]
[14.870279]
[14.492881]
[14.153502]
[14.484114]
[16.730024]
[11.981526]
[13.152762]
[13.842672]
[40.924618]
[21.57623]
[15.852554]
[15.673163]
[15.673163]
[15.713938]
[15.908976]
[15.905198]
[15.81102]
[16.042143]
[16.023336]
[15.805256]
[15.970502]
[16.08601]
[16.150375]
[15.969902]
[16.214308]
[16.216661]
[16.77011]
[16.178976]
[16.057554]
[16.350096]
[16.207201]
[16.01445]
[15.971206]
[15.6771755]
[16.4406]
[16.707237]
[16.396437]
[17.036655]
[17.101482]
[17.180998]
[20.783857]
[23.727076]
[21.29451]
[32.76612]
[48.495148]
[26.613956]
[60.056774]
[66.74151]
[73.336426]
[90.40748]
[129.19199]
[97.03494]
[71.757095]
[60.99472]
[64.197845]
[63.21077]
[58.199703]
[54.93514]
[56.287117]
[53.73155]
[44.9684]
[52.394135]
[56.07627]
[53.46972]
[53.67328]
[57.588787]
[35.67168]
[30.932856]
[45.70657]
[52.444275]
[49.49725]
[53.233463]
[49.593655]
[28.035423]
[27.884266]
[48.228157]
[51.550297]
[73.190025]
[106.41702]
[137.41861]
[155.28377]
[165.04715]
[190.10307]
[164.19072]
[143.48732]
[139.47453]
[127.76089]
[105.98422]
[90.07389]
[109.242966]
[115.82672]
[117.950676]
[121.57133]
[126.50062]
[110.19415]
[100.68503]
[94.79594]
[94.21875]
[92.21092]
[91.31737]
[94.86978]
[73.553055]
[69.11981]
[74.60473]
[76.398865]
[71.82531]
[72.043884]
[71.21376]
[63.804203]
[61.371304]
[57.961205]
[60.290462]
[47.064465]
[58.127937]
[60.027824]
[53.870537]
[50.606987]
[60.66926]
[56.209423]
[51.17755]
[47.898983]
[49.390827]
[45.724854]
[46.59301]
[48.431923]
[64.75061]
[70.32229]
[60.718674]
[67.64683]
[60.707]
[58.742474]
[97.30211]
[98.092094]
[91.598114]
[86.83844]
[83.521]
[84.595566]
[82.09017]
[87.51461]
[94.6526]
[91.763306]
[98.38445]
[104.51187]
[73.38509]
[70.644516]
[77.048775]
[59.287197]
[72.96401]
[55.01818]
[66.413185]
[40.790134]
[29.283161]
[48.75854]
[39.175797]
[37.37807]
[30.27929]
[33.36211]
[26.061657]
[20.8951]
[24.522663]
[30.872007]
[39.629097]
[41.921036]
[46.102146]
[35.06732]
[24.17689]
[44.718575]
[52.304466]
[45.51202]
[42.35674]
[28.657925]
[24.827492]
[24.066948]
[27.12602]
[34.049534]
[42.248627]
[41.674503]
[46.297245]
[25.724909]
[21.098667]
[41.488636]
[43.426304]
[44.227116]
[43.948673]
[41.840412]
[26.517853]
[23.157482]
[31.255585]
[34.566753]
[28.629814]
[34.69751]
[35.605263]
[22.311758]
[17.074799]
[28.292881]
[32.32367]
[31.252184]
[29.684082]
[28.155]
[23.859903]
[20.057196]
[23.990993]
[26.843916]
[22.531162]
[23.761465]
[41.551525]
[25.175575]
[19.506863]
[28.627888]
[32.311455]
[31.089632]
[29.660154]
[28.389614]
[18.112347]
[13.870199]
[23.953583]
[25.165482]
[27.7981]
[28.9923]
[26.90964]
[17.058922]
[12.452026]
[11.498227]
[10.23545]
[9.804888]
[10.333453]
[10.530412]
[9.9180155]
[9.808006]
[9.731983]
[9.864063]
[9.828332]
[9.699501]
[9.560804]
[9.4806185]
[9.542627]
[9.550798]
[9.42868]
[9.317304]
[9.271536]
[9.316633]
[9.316633]
[9.316633]
[9.316633]
[9.065093]
[10.854566]
[16.071865]
[16.593914]
[18.422663]
[14.29009]
[14.407264]
[15.06977]
[19.514935]
[18.5316]
[16.614628]
[13.402615]
[10.149911]
[12.585331]
[13.218895]
[12.246386]
[12.349383]
[12.875791]
[14.426713]
[14.63742]
[13.339957]
[14.305221]
[21.605536]
[16.606445]
[14.86004]
[11.401859]
[14.332812]
[14.90865]
[14.851299]
[9.723344]
[8.378129]
[8.313636]
[8.909136]
[12.103957]
[12.5161085]
[12.570557]
[10.057428]
[8.442313]
[8.167272]
[8.152486]
[8.049499]
[8.061264]
[9.49455]
[8.3146925]
[8.095738]
[8.082482]
[8.025922]
[7.989041]
[8.431424]
[8.9356]
[8.371497]
[8.251564]
[8.148099]
[7.985842]
[8.063442]
[8.072119]
[8.05016]
[8.171927]
[8.270124]
[8.385827]
[8.204331]
[7.902512]
[8.109854]
[8.05971]
[8.051508]
[7.9930773]
[10.124648]
[10.648377]
[15.37456]
[12.013306]
[10.782165]
[11.992967]
[11.75502]
[11.018318]
[13.815878]
[13.446075]
[11.784858]
[13.259445]
[13.727539]
[11.967983]
[11.589341]
[13.995395]
[14.663492]
[14.437028]
[14.479542]
[19.294287]
[14.551864]
[12.188412]
[15.40648]
[18.934763]
[23.202766]
[17.864405]
[14.77396]
[13.898498]
[12.540234]
[12.500196]
[13.333332]
[13.579114]
[14.51186]
[14.623776]
[13.84826]
[13.823709]
[14.685839]
[14.2651615]
[14.336985]
[15.034461]
[15.050375]
[14.060512]
[13.481088]
[14.433009]
[14.686797]
[14.691039]
[14.823716]
[14.29453]
[13.717465]
[13.354948]
[13.902827]
[15.490685]
[14.894826]
[13.24837]
[14.640356]
[14.972314]
[14.0479]
[14.763609]
[14.924273]
[14.109702]
[16.038837]
[15.539942]
[15.621283]
[15.578798]
[15.51068]
[15.446827]
[15.302836]
[15.582224]
[15.428327]
[17.423256]
[20.808973]
[20.187988]
[16.081718]
[15.129832]
[15.471414]
[14.864702]
[15.66102]
[15.305606]
[15.22121]
[15.315241]
[15.171777]
[15.436772]
[15.300254]
[15.280651]
[14.929413]
[14.67397]
[14.313408]
[14.26656]
[14.096379]
[14.140495]
[13.950041]
[13.921701]
[13.8359165]
[13.7166]
[13.716332]
[13.840124]
[13.729284]
[13.598848]
[13.540284]
[13.535976]
[13.636416]
[13.521816]
[13.548949]
[13.633461]
[13.64358]
[13.519054]
[13.352277]
[13.416424]
[13.2774105]
[13.257684]
[13.428184]
[13.516258]
[13.316923]
[13.159109]
[13.016504]
[12.9279175]
[12.853118]
[12.885434]
[12.667913]
[12.692126]
[12.755727]
[12.821393]
[13.143518]
[13.16029]
[14.60861]
[15.254096]
[9.179668]
[12.559533]
[11.882817]
[10.90533]
[12.44077]
[13.950859]
[14.594098]
[14.857881]
[15.047408]
[15.112824]
[14.916005]
[15.24229]
[15.115746]
[15.054878]
[15.279984]
[15.401702]
[15.908427]
[15.37718]
[15.311773]
[15.207166]
[15.3799095]
[14.711841]
[15.054449]
[13.693467]
[13.334969]
[12.818039]
[13.048784]
[13.602933]
[14.439726]
[14.013952]
[13.712985]
[13.567831]
[13.656567]
[13.562933]
[13.428909]
[13.846904]
[13.623343]
[13.700844]
[13.568661]
[13.63486]
[13.561918]
[13.526851]
[13.42482]
[13.471596]
[13.669262]
[14.411892]
[15.117595]
[15.299521]
[15.021166]
[14.658747]
[14.867357]
[14.503489]
[14.694486]
[14.713431]
[13.9381485]
[13.508336]
[12.7564]
[12.862313]
[12.920173]
[12.813578]
[12.8158865]
[12.627223]
[12.668552]
[12.478637]
[12.557714]
[12.494379]
[12.338406]
[12.480051]
[12.335217]
[12.466171]
[12.340674]
[12.347784]
[12.253457]
[12.223441]
[12.11344]
[12.107716]
[11.9938755]
[12.048973]
[12.05709]
[12.038727]
[11.931723]
[11.995979]
[12.062948]
[12.000635]
[11.766966]
[11.524961]
[11.385337]
[11.093607]
[11.158933]
[11.333902]
[11.239169]
[11.1180935]
[11.021275]
[11.054535]
[11.533981]
[12.436838]
[13.2869835]
[12.165968]
[11.96179]
[11.690218]
[11.558644]
[11.463414]
[11.3451395]
[11.360252]
[11.397395]
[11.164514]
[11.232831]
[11.13075]
[10.984177]
[11.361585]
[11.767998]
[11.610787]
[11.537313]
[11.813812]
[11.363822]
[10.864037]
[10.717724]
[10.6453495]
[10.5213175]
[10.470179]
[10.621158]
[10.55023]
[10.396615]
[10.388216]
[10.470431]
[10.338086]
[10.372315]
[10.379039]
[10.330027]
[10.281428]
[10.34606]
[10.231454]
[10.223186]
[10.1323595]
[10.182753]
[10.226789]
[10.017921]
[10.125572]
[10.2189665]
[10.143039]
[10.0855255]
[10.218196]
[10.237292]
[10.410886]
[10.34727]
[9.072038]
[8.71359]
[8.460632]
[7.9854307]
[7.963912]
[7.875815]
[7.9543815]
[7.84195]
[7.8973594]
[7.941199]
[7.8356657]
[7.8622084]
[7.836723]
[7.840139]
[7.8217926]
[7.741608]
[7.801087]
[7.8320613]
[7.6887255]
[7.8461823]
[7.855595]
[7.745848]
[7.779735]
[7.7698984]
[7.7788296]
[7.7742953]
[7.765187]
[7.757772]
[7.7633314]
[7.749855]
[7.6916947]
[7.792471]
[8.036008]
[8.100366]
[11.420441]
[8.666906]
[9.522952]
[9.719766]
[8.220332]
[7.890665]
[7.8202877]
[7.762253]
[8.057788]
[7.778767]
[8.055428]
[7.7760468]
[8.039882]
[7.7613053]
[9.932088]
[8.480653]
[8.012137]
[7.9981008]
[7.985122]
[7.971937]
[7.9586983]
[7.687665]
[7.9185085]
[7.6371355]
[9.981655]
[8.061466]
[7.6758]
[7.855664]
[7.638845]
[7.6621165]
[7.8246365]
[7.625069]
[7.828814]
[7.775063]
[7.642497]
[7.803753]
[7.6175046]
[7.629847]
[7.5952263]
[7.733881]
[7.585188]
[7.74764]
[7.568393]
[7.6346583]
[7.6087193]
[7.682273]
[7.5106115]
[7.6202273]
[7.66629]
[7.5319858]
[7.609441]
[7.62918]
[7.519387]
[7.684056]
[7.567364]
[7.511739]
[10.687043]
[10.773307]
[11.172761]
[10.793517]
[11.138075]
[11.205412]
[11.1640215]
[11.116374]
[11.689358]
[11.196344]
[11.620358]
[11.128239]
[11.550826]
[11.059781]
[11.482312]
[11.588846]
[10.874454]
[10.815322]
[10.792879]
[10.793512]
[10.803829]
[10.923229]
[10.843633]
[11.114556]
[10.714766]
[11.071918]
[10.762617]
[10.291369]
[10.843166]
[10.764193]
[10.580662]
[11.894284]
[12.18762]
[12.123172]
[12.560515]
[12.110406]
[12.429007]
[12.980842]
[13.024164]
[15.896847]
[17.744236]
[16.207104]
[12.757809]
[12.489231]
[12.53878]
[12.962834]
[15.936073]
[13.469653]
[12.618009]
[12.440101]
[12.713412]
[11.699136]
[11.317516]
[11.212013]
[11.261486]
[11.34857]
[11.644415]
[11.603609]
[11.465803]
[11.735387]
[11.584368]
[12.630279]
[13.110209]
[13.322106]
[13.498266]
[13.106199]
[13.177939]
[12.878643]
[12.816277]
[13.4218855]
[13.433459]
[18.749063]
[18.734026]
[13.345623]
[13.820681]
[12.159783]
[13.9385805]
[14.843938]
[15.007359]
[14.957508]
[15.008465]
[14.987807]
[14.9508915]
[14.964468]
[14.893254]
[14.387219]
[13.888188]
[14.946155]
[14.096433]
[13.954626]
[14.322595]
[15.154929]
[15.386524]
[15.8080225]
[15.588204]
[16.11421]
[16.22611]
[13.02416]
[14.822115]
[15.268227]
[16.375551]
[16.131748]
[15.235738]
[15.399134]
[16.39878]
[16.170912]
[16.361576]
[16.851082]
[16.803816]
[16.277391]
[16.559307]
[16.511698]
[16.428396]
[16.350199]
[16.42215]
[16.87888]
[18.241346]
[17.233957]
[16.26413]
[16.07106]
[16.104708]
[16.359438]
[16.095549]
[16.604303]
[16.774412]
[16.771389]
[17.908932]
[17.120947]
[17.123154]
[17.193573]
[16.85124]
[17.654806]
[16.937025]
[17.750727]
[22.666798]
[25.693308]
[18.676842]
[26.459955]
[27.375792]
[23.062876]
[22.58696]
[22.353859]
[8.632759]
[17.680756]
[20.590801]
[20.229872]
[23.315495]
[40.726734]
[47.63394]
[50.509296]
[58.552155]
[45.313747]
[40.391933]
[54.939045]
[66.0099]
[65.32767]
[65.43804]
[56.168518]
[71.468056]
[90.45535]
[93.219025]
[115.865616]
[109.39272]
[119.01294]
[105.2532]
[99.00386]
[98.10602]
[100.31147]
[98.1371]
[94.63516]
[89.92185]
[88.16191]
[72.42294]
[76.651375]
[90.03731]
[88.16599]
[88.507614]
[90.958595]
[80.844574]
[89.88949]
[107.57307]
[118.84104]
[133.8383]
[133.70903]
[127.588554]
[127.49624]
[130.17548]
[128.0565]
[104.31168]
[101.61695]
[100.886955]
[97.66101]
[95.456985]
[66.13074]
[54.2694]
[63.67547]
[60.56471]
[57.114372]
[46.12652]
[27.925173]
[24.065866]
[23.946402]
[34.757664]
[49.96141]
[46.544594]
[48.107162]
[40.678955]
[24.476591]
[20.180826]
[31.979786]
[23.333523]
[20.344069]
[19.819548]
[17.71403]
[16.739023]
[16.852186]
[18.977417]
[19.163404]
[18.209269]
[17.335686]
[18.001099]
[16.500889]
[16.131111]
[17.114199]
[16.957388]
[16.134089]
[16.677216]
[16.882948]
[16.975292]
[17.41576]
[19.300985]
[19.9205]
[17.126194]
[16.617508]
[17.527529]
[17.837105]
[17.263882]
[16.609491]
[16.816683]
[16.857075]
[16.208597]
[16.642805]
[15.285304]
[14.094028]
[15.312487]
[16.549675]
[18.334658]
[18.476767]
[21.407158]
[18.247084]
[17.765638]
[17.47057]
[15.679861]
[14.379919]
[15.488147]
[22.026258]
[15.77557]
[13.704769]
[14.564781]
[14.736663]
[18.193472]
[18.36411]
[17.174873]
[14.76442]
[14.928283]
[26.726273]
[33.113182]
[33.004013]
[31.351324]
[25.630575]
[19.371078]
[15.304356]
[13.399274]
[11.700813]
[10.741111]
[10.597659]
[10.337077]
[9.554684]
[10.090948]
[10.323624]
[10.334734]
[9.741969]
[9.919041]
[10.042037]
[9.586056]
[9.814236][10.25]
[9.45]
[13.02]
[10.69]
[5.31]
[5.25]
[5.26]
[5.31]
[5.31]
[5.3]
[5.29]
[5.3]
[9.25]
[9.31]
[9.28]
[9.29]
[9.27]
[9.26]
[9.25]
[9.26]
[9.26]
[9.27]
[9.25]
[9.25]
[9.32]
[9.28]
[9.26]
[9.22]
[9.21]
[9.23]
[9.23]
[9.06]
[9.24]
[9.25]
[9.24]
[9.29]
[9.55]
[9.28]
[9.27]
[9.27]
[9.25]
[9.24]
[9.28]
[12.21]
[12.29]
[12.32]
[12.27]
[12.3]
[12.29]
[12.25]
[12.25]
[12.25]
[12.29]
[12.3]
[12.3]
[12.31]
[12.36]
[12.34]
[12.35]
[12.36]
[12.37]
[12.39]
[12.39]
[12.4]
[12.36]
[12.39]
[12.4]
[12.41]
[12.52]
[12.25]
[12.25]
[12.03]
[12.31]
[26.75]
[15.2]
[15.05]
[15.12]
[15.03]
[15.09]
[15.17]
[15.22]
[15.41]
[15.4]
[15.43]
[15.24]
[15.14]
[15.08]
[15.29]
[15.3]
[15.23]
[15.22]
[15.17]
[15.21]
[15.24]
[15.21]
[15.26]
[15.09]
[15.03]
[14.94]
[15.09]
[15.28]
[15.3]
[15.52]
[15.38]
[15.46]
[15.26]
[15.55]
[15.54]
[15.27]
[22.36]
[17.87]
[15.85]
[42.75]
[82.22]
[94.05]
[93.25]
[90.97]
[55.68]
[49.63]
[58.09]
[56.67]
[54.59]
[53.59]
[58.05]
[53.08]
[41.74]
[57.88]
[58.89]
[56.17]
[56.45]
[59.98]
[24.57]
[23.68]
[48.95]
[58.59]
[52.66]
[61.65]
[55.39]
[15.63]
[15.57]
[49.45]
[48.02]
[57.5]
[95.04]
[91.35]
[127.12]
[159.08]
[215.85]
[192.9]
[144.63]
[136.75]
[131.02]
[99.64]
[86.83]
[129.19]
[131.03]
[129.73]
[130.49]
[130.52]
[92.3]
[87.76]
[90.33]
[91.84]
[90.24]
[92.4]
[96.82]
[52.74]
[45.22]
[55.96]
[60.38]
[51.61]
[55.5]
[62.81]
[54.04]
[56.12]
[53.08]
[60.33]
[38.11]
[64.66]
[62.07]
[50.21]
[45.53]
[67.12]
[58.52]
[53.52]
[50.52]
[53.77]
[41.06]
[38.17]
[35.45]
[50.08]
[57.71]
[43.73]
[61.41]
[54.5]
[42.43]
[96.98]
[93.31]
[95.73]
[93.08]
[91.61]
[94.94]
[85.74]
[88.4]
[98.74]
[90.94]
[95.37]
[98.5]
[45.13]
[47.61]
[67.66]
[39.1]
[71.69]
[37.29]
[69.59]
[19.53]
[12.7]
[49.99]
[27.12]
[31.05]
[19.21]
[28.46]
[14.31]
[9.94]
[17.83]
[28.86]
[44.83]
[46.46]
[52.06]
[24.01]
[9.42]
[50.97]
[57.23]
[44.2]
[37.8]
[12.15]
[9.41]
[10.47]
[20.43]
[33.31]
[48.25]
[44.01]
[55.45]
[12.7]
[10.36]
[51.64]
[50.92]
[50.38]
[49.93]
[49.1]
[13.79]
[10.13]
[29.22]
[34.2]
[23.2]
[39.35]
[38.77]
[14.08]
[10.2]
[32.49]
[35.58]
[33.86]
[32.24]
[29.9]
[23.23]
[16.87]
[24.9]
[28.37]
[17.49]
[16.74]
[47.53]
[16.06]
[15.03]
[32.65]
[36.66]
[33.79]
[32.62]
[31.6]
[12.79]
[8.68]
[29.3]
[28.48]
[33.01]
[32.79]
[29.71]
[12.11]
[7.79]
[7.39]
[5.3]
[5.33]
[5.36]
[5.41]
[5.44]
[5.46]
[5.48]
[5.51]
[5.52]
[5.54]
[5.55]
[5.56]
[5.57]
[5.58]
[5.41]
[5.59]
[5.59]
[5.59]
[5.59]
[5.59]
[5.59]
[5.52]
[9.82]
[15.53]
[16.95]
[20.82]
[11.7]
[14.18]
[15.4]
[23.39]
[19.41]
[16.47]
[11.42]
[6.71]
[12.54]
[12.67]
[10.63]
[11.37]
[12.05]
[14.44]
[14.47]
[12.32]
[14.46]
[13.82]
[14.57]
[14.58]
[8.47]
[14.78]
[14.81]
[14.47]
[5.31]
[5.31]
[5.29]
[6.65]
[12.03]
[10.97]
[11.68]
[7.09]
[5.32]
[5.32]
[5.33]
[5.32]
[5.32]
[7.66]
[5.32]
[5.32]
[5.32]
[5.29]
[5.21]
[5.09]
[5.1]
[5.1]
[5.1]
[5.11]
[5.11]
[5.1]
[5.12]
[5.22]
[5.48]
[5.49]
[5.27]
[5.12]
[5.13]
[5.12]
[5.12]
[5.11]
[5.16]
[8.76]
[8.76]
[8.94]
[8.95]
[8.95]
[10.8]
[10.34]
[8.93]
[12.82]
[12.41]
[9.78]
[12.71]
[13.05]
[9.78]
[9.61]
[13.47]
[13.71]
[13.82]
[13.8]
[20.11]
[12.1]
[10.21]
[15.44]
[19.36]
[24.22]
[16.35]
[13.82]
[12.91]
[11.05]
[11.21]
[12.63]
[12.73]
[13.93]
[14.]
[12.75]
[12.72]
[14.06]
[13.64]
[13.18]
[14.13]
[14.47]
[12.97]
[12.08]
[13.53]
[13.92]
[14.]
[14.03]
[13.47]
[12.53]
[12.61]
[12.89]
[13.87]
[13.64]
[12.29]
[13.75]
[12.77]
[12.77]
[13.97]
[13.97]
[12.95]
[15.58]
[14.78]
[14.97]
[14.82]
[14.67]
[14.69]
[14.7]
[14.81]
[14.7]
[17.5]
[18.04]
[19.37]
[14.58]
[14.62]
[14.69]
[14.75]
[14.6]
[14.39]
[14.42]
[14.49]
[14.55]
[14.59]
[14.62]
[14.6]
[14.31]
[14.23]
[14.12]
[14.15]
[14.3]
[14.52]
[14.49]
[14.43]
[14.23]
[14.17]
[14.28]
[14.37]
[14.29]
[14.2]
[14.09]
[14.11]
[14.23]
[14.04]
[14.13]
[14.15]
[14.07]
[14.02]
[13.88]
[13.88]
[13.78]
[13.82]
[13.92]
[14.08]
[13.97]
[13.86]
[13.82]
[13.83]
[13.99]
[14.01]
[13.84]
[13.78]
[13.71]
[13.96]
[14.1]
[13.99]
[13.72]
[16.98]
[13.92]
[13.67]
[13.53]
[13.42]
[13.41]
[13.36]
[14.17]
[14.52]
[14.48]
[14.44]
[14.41]
[14.38]
[14.37]
[14.35]
[14.34]
[14.31]
[15.25]
[14.32]
[14.31]
[14.29]
[14.29]
[14.58]
[14.56]
[12.15]
[11.95]
[11.88]
[11.87]
[11.82]
[13.39]
[11.95]
[11.94]
[11.89]
[11.86]
[11.86]
[11.84]
[11.83]
[11.81]
[11.86]
[11.86]
[11.8]
[11.8]
[11.79]
[11.78]
[11.77]
[11.96]
[11.94]
[11.9]
[11.85]
[11.35]
[11.83]
[11.8]
[12.]
[12.06]
[12.03]
[9.66]
[9.6]
[9.59]
[9.63]
[9.74]
[9.73]
[9.68]
[9.68]
[9.7]
[9.68]
[9.68]
[9.67]
[9.67]
[9.73]
[9.77]
[9.75]
[9.77]
[9.77]
[9.77]
[9.74]
[9.74]
[9.73]
[9.72]
[9.75]
[9.75]
[9.79]
[9.77]
[9.77]
[9.78]
[9.77]
[9.09]
[9.09]
[8.91]
[8.69]
[8.69]
[8.66]
[8.69]
[8.7]
[8.7]
[8.66]
[8.67]
[8.77]
[8.78]
[8.78]
[8.77]
[8.78]
[8.77]
[8.74]
[8.74]
[8.77]
[8.77]
[8.77]
[8.76]
[8.77]
[8.76]
[8.77]
[8.77]
[8.76]
[8.76]
[8.77]
[8.71]
[8.26]
[8.23]
[8.06]
[8.02]
[8.01]
[8.04]
[8.06]
[8.04]
[8.05]
[8.06]
[8.05]
[8.05]
[8.07]
[8.07]
[8.06]
[8.04]
[8.08]
[8.07]
[8.07]
[8.03]
[8.1]
[8.09]
[8.1]
[8.11]
[8.1]
[8.11]
[8.12]
[8.11]
[8.11]
[8.13]
[6.13]
[6.11]
[5.91]
[5.29]
[5.35]
[5.29]
[5.31]
[5.3]
[5.3]
[5.3]
[5.31]
[5.3]
[5.27]
[5.29]
[5.29]
[5.29]
[5.3]
[5.3]
[5.34]
[5.31]
[5.31]
[5.32]
[5.32]
[5.31]
[5.33]
[5.32]
[5.32]
[5.31]
[5.33]
[5.32]
[5.34]
[5.34]
[5.89]
[5.74]
[5.51]
[5.5]
[7.49]
[7.16]
[5.55]
[5.56]
[5.48]
[5.43]
[5.41]
[5.42]
[5.48]
[5.44]
[5.44]
[5.44]
[7.99]
[5.37]
[5.4]
[5.41]
[5.38]
[5.38]
[5.39]
[5.38]
[5.38]
[5.43]
[5.4]
[5.41]
[5.42]
[5.41]
[5.41]
[5.41]
[5.41]
[5.42]
[5.44]
[5.44]
[5.45]
[5.47]
[5.47]
[5.4]
[5.42]
[5.44]
[5.46]
[5.47]
[5.46]
[5.46]
[5.47]
[5.47]
[5.42]
[5.48]
[5.49]
[5.48]
[5.46]
[5.46]
[5.5]
[5.51]
[5.48]
[5.46]
[9.04]
[9.13]
[9.13]
[9.16]
[9.17]
[9.17]
[9.19]
[9.21]
[9.24]
[9.24]
[9.22]
[9.2]
[9.27]
[9.28]
[9.28]
[9.29]
[9.32]
[9.33]
[9.33]
[9.34]
[9.36]
[9.37]
[9.38]
[9.41]
[9.41]
[9.41]
[9.41]
[9.42]
[9.83]
[9.49]
[9.52]
[12.18]
[12.29]
[12.29]
[12.33]
[12.37]
[12.42]
[12.45]
[12.39]
[15.27]
[16.55]
[14.11]
[12.06]
[12.15]
[12.22]
[12.2]
[14.89]
[12.24]
[12.29]
[12.3]
[12.82]
[12.19]
[12.16]
[12.29]
[12.32]
[12.3]
[12.41]
[12.47]
[12.46]
[12.66]
[12.65]
[14.68]
[15.59]
[15.66]
[15.62]
[15.61]
[15.62]
[15.55]
[15.55]
[15.53]
[15.48]
[15.58]
[15.63]
[15.67]
[15.73]
[15.76]
[15.69]
[15.74]
[15.74]
[15.7]
[15.75]
[15.81]
[15.74]
[15.69]
[15.67]
[15.67]
[15.69]
[15.71]
[15.78]
[15.82]
[15.85]
[15.84]
[15.82]
[15.81]
[15.68]
[15.65]
[15.45]
[15.76]
[15.72]
[15.72]
[15.72]
[15.86]
[15.62]
[15.55]
[15.84]
[15.47]
[15.85]
[15.91]
[15.89]
[15.6]
[15.96]
[15.99]
[15.84]
[15.77]
[15.99]
[15.57]
[15.56]
[15.78]
[15.69]
[15.67]
[15.63]
[15.75]
[15.5]
[15.92]
[15.96]
[15.99]
[16.2]
[15.99]
[15.99]
[15.96]
[15.93]
[15.94]
[15.96]
[15.89]
[15.75]
[15.57]
[14.85]
[16.98]
[17.18]
[17.15]
[16.64]
[16.94]
[16.89]
[16.85]
[16.85]
[16.82]
[22.09]
[48.14]
[54.09]
[52.25]
[50.82]
[26.21]
[24.32]
[46.38]
[54.6]
[55.32]
[58.59]
[42.22]
[59.61]
[52.27]
[91.07]
[134.99]
[99.13]
[93.08]
[89.49]
[90.15]
[90.7]
[92.91]
[90.54]
[92.41]
[91.17]
[89.85]
[54.37]
[55.31]
[91.98]
[89.63]
[92.51]
[92.65]
[53.92]
[58.15]
[118.86]
[121.02]
[128.01]
[129.11]
[130.04]
[130.07]
[129.96]
[130.52]
[93.73]
[94.19]
[93.43]
[94.32]
[94.03]
[49.04]
[42.92]
[63.69]
[56.03]
[54.7]
[38.34]
[11.79]
[11.72]
[12.96]
[33.11]
[57.23]
[47.44]
[52.93]
[38.46]
[13.38]
[10.84]
[32.12]
[12.86]
[13.04]
[11.96]
[9.06]
[9.09]
[9.87]
[13.99]
[13.87]
[12.77]
[11.54]
[13.62]
[10.08]
[9.89]
[11.66]
[11.41]
[10.97]
[12.27]
[12.58]
[13.52]
[14.11]
[18.19]
[19.12]
[13.6]
[13.55]
[13.48]
[13.43]
[13.64]
[13.07]
[13.76]
[13.75]
[12.85]
[13.71]
[11.22]
[9.92]
[11.7]
[12.05]
[15.5]
[15.5]
[20.41]
[11.86]
[11.21]
[12.16]
[10.03]
[8.58]
[11.93]
[24.96]
[9.81]
[9.12]
[11.89]
[11.97]
[19.72]
[18.14]
[16.04]
[11.71]
[13.74]
[39.18]
[46.43]
[42.22]
[40.7]
[29.17]
[11.6]
[7.7]
[7.77]
[5.18]
[5.21]
[5.24]
[5.27]
[5.28]
[5.29]
[5.31]
[5.33]
[5.34]
[5.35]
[5.36]
[5.37]
[5.38]
[5.39]