0.887080938175239, 0.9015628488251374, -11.888022916111424, 204.55305841057745[14.9268465]
[12.274801]
[11.150977]
[13.069823]
[12.085832]
[8.677951]
[8.023756]
[8.046022]
[8.019186]
[8.013723]
[7.965142]
[7.924621]
[7.9403806]
[10.269295]
[10.802267]
[10.75935]
[10.884211]
[11.495586]
[13.778316]
[13.423967]
[12.183235]
[11.62685]
[11.40951]
[11.3282795]
[11.235991]
[11.257257]
[11.245189]
[11.192795]
[11.068763]
[11.007681]
[10.956123]
[11.07816]
[11.125089]
[11.133293]
[11.087305]
[11.130718]
[11.073248]
[11.249643]
[14.979808]
[12.131043]
[11.683038]
[12.17604]
[12.281557]
[12.014575]
[13.5226345]
[13.765147]
[13.693047]
[13.7217655]
[13.721708]
[14.176932]
[14.29974]
[14.081819]
[13.785015]
[13.816277]
[13.667067]
[13.623622]
[13.625368]
[13.651267]
[13.557829]
[13.537587]
[13.546882]
[13.548454]
[13.473302]
[13.54152]
[13.559575]
[13.607347]
[14.065081]
[14.178973]
[13.840727]
[14.007817]
[16.435556]
[11.49652]
[12.903814]
[13.526363]
[40.641655]
[20.682545]
[15.445994]
[15.415925]
[15.3583145]
[15.353415]
[15.500474]
[15.645235]
[15.57116]
[15.656145]
[15.745821]
[15.476407]
[15.431044]
[15.563449]
[15.811426]
[15.603263]
[15.63082]
[15.55834]
[16.021006]
[15.943114]
[15.620045]
[15.777643]
[15.820798]
[15.629883]
[15.60218]
[15.193654]
[15.862367]
[16.125313]
[16.133308]
[16.710752]
[16.886978]
[17.37314]
[20.389256]
[23.316092]
[21.91609]
[34.279327]
[51.542202]
[25.404184]
[69.62965]
[63.897923]
[75.462135]
[94.8622]
[126.12268]
[92.94048]
[72.26216]
[63.040524]
[65.82653]
[63.91045]
[59.05897]
[55.315254]
[56.63815]
[53.373108]
[44.57357]
[52.552753]
[55.643906]
[53.08148]
[53.659363]
[56.702576]
[34.633736]
[30.702475]
[45.48524]
[52.52864]
[49.008533]
[53.06639]
[49.33179]
[26.408363]
[27.615461]
[48.34739]
[52.294636]
[75.281715]
[103.71453]
[136.08916]
[152.0506]
[169.92165]
[198.58195]
[171.19778]
[146.48099]
[139.98293]
[126.255554]
[106.496506]
[92.62946]
[114.82087]
[119.88634]
[120.59603]
[123.19828]
[130.04692]
[110.63811]
[98.20524]
[93.167694]
[95.73966]
[93.44542]
[93.048965]
[96.40799]
[75.61735]
[66.10464]
[74.23455]
[73.01623]
[72.49151]
[70.003235]
[73.01572]
[65.461105]
[62.68792]
[58.9154]
[61.138268]
[46.956264]
[59.086407]
[60.498615]
[53.75049]
[50.47925]
[61.228737]
[56.557957]
[51.124943]
[47.75729]
[49.115757]
[44.96588]
[45.989388]
[49.05188]
[65.603264]
[69.566864]
[62.866524]
[69.32786]
[62.256542]
[60.02825]
[97.505936]
[96.48891]
[95.24233]
[89.42639]
[85.63666]
[86.51288]
[83.461624]
[88.04772]
[95.83298]
[92.89]
[100.58301]
[101.99787]
[75.07974]
[68.45783]
[75.03077]
[59.817944]
[75.568855]
[55.427864]
[68.34186]
[40.697735]
[31.257107]
[50.29724]
[39.297985]
[37.945366]
[30.877464]
[34.223713]
[27.028831]
[22.757048]
[26.237694]
[32.320168]
[40.78367]
[42.45372]
[46.241108]
[33.997017]
[24.96857]
[45.86767]
[52.948055]
[45.361618]
[41.89219]
[28.966875]
[26.809393]
[26.476784]
[29.764881]
[35.881718]
[43.697083]
[42.132572]
[47.42675]
[25.670544]
[21.99566]
[43.418938]
[44.96856]
[44.484577]
[44.22645]
[42.63182]
[25.21249]
[23.562378]
[32.63361]
[35.43355]
[29.14851]
[35.54001]
[35.878117]
[22.470072]
[18.06693]
[29.225887]
[32.574715]
[31.439486]
[29.736868]
[28.127417]
[23.909945]
[20.07771]
[24.070784]
[26.773079]
[22.014132]
[22.903128]
[41.347572]
[25.134354]
[20.10889]
[29.015995]
[32.491993]
[30.924055]
[29.539797]
[28.345251]
[17.552896]
[13.8955965]
[24.334394]
[25.340706]
[27.583448]
[28.493166]
[26.641788]
[16.41172]
[12.083576]
[11.408156]
[10.225069]
[9.956317]
[10.239401]
[10.612735]
[10.275078]
[10.064148]
[9.9971285]
[10.020566]
[10.076058]
[9.961517]
[9.869358]
[9.753262]
[9.77638]
[9.789711]
[9.689963]
[9.646861]
[9.553638]
[9.560692]
[9.560692]
[9.560692]
[9.560692]
[9.394477]
[11.20722]
[16.254337]
[16.410091]
[18.188059]
[13.77006]
[14.19199]
[15.007971]
[19.483934]
[18.186369]
[16.217918]
[13.076348]
[9.85908]
[12.547674]
[13.145948]
[11.986916]
[12.163042]
[12.663617]
[14.184337]
[14.450335]
[13.133446]
[14.096819]
[21.443163]
[16.06022]
[14.61289]
[11.053077]
[14.197937]
[14.803964]
[14.502484]
[9.244809]
[8.169807]
[8.172612]
[8.884841]
[12.107834]
[12.338761]
[12.38194]
[9.743468]
[8.188601]
[8.004033]
[8.015953]
[7.9745965]
[7.933309]
[9.358125]
[8.204843]
[7.9136486]
[7.9458637]
[7.900268]
[7.8602014]
[7.920499]
[8.364949]
[8.346121]
[8.188899]
[8.09998]
[7.955701]
[7.920968]
[7.928842]
[7.9613976]
[8.07754]
[8.114604]
[8.063033]
[8.046271]
[7.8855624]
[7.906049]
[7.916269]
[7.908317]
[7.907704]
[10.042276]
[10.495131]
[15.2308655]
[11.648909]
[10.593449]
[11.859002]
[11.601512]
[10.736668]
[13.743885]
[13.260445]
[11.449183]
[13.041396]
[13.564799]
[11.592733]
[11.201645]
[13.672533]
[14.44328]
[14.323912]
[14.322469]
[19.291656]
[14.135463]
[11.663985]
[15.154924]
[19.016487]
[23.15748]
[17.509333]
[14.560305]
[13.700655]
[12.319667]
[12.32589]
[13.273396]
[13.428629]
[14.336462]
[14.512106]
[13.609528]
[13.546725]
[14.465693]
[14.124453]
[13.865354]
[14.628693]
[14.685057]
[13.685477]
[13.090889]
[13.906767]
[14.1104965]
[14.024821]
[14.004974]
[13.55046]
[12.9505825]
[13.206549]
[14.011054]
[15.072714]
[14.186053]
[13.521879]
[14.879256]
[14.593471]
[13.577293]
[14.067245]
[14.085474]
[13.368927]
[14.951858]
[14.474731]
[14.474379]
[14.3629]
[14.205398]
[14.088153]
[13.961551]
[14.075153]
[13.908633]
[15.681294]
[18.583988]
[17.729816]
[14.09487]
[13.908042]
[14.220861]
[14.676144]
[14.753655]
[14.2685995]
[14.168056]
[14.195792]
[14.320421]
[14.445653]
[14.479529]
[14.551439]
[14.398787]
[14.317941]
[14.281601]
[14.387486]
[14.523875]
[14.783689]
[14.832551]
[14.879192]
[14.82209]
[14.751819]
[14.706759]
[14.762515]
[14.606048]
[14.410435]
[14.260418]
[14.197864]
[14.231953]
[14.066763]
[14.051026]
[14.064539]
[14.056712]
[13.947777]
[13.705847]
[13.675389]
[13.498099]
[13.382393]
[13.412009]
[13.479132]
[13.322953]
[13.158587]
[13.050537]
[12.97429]
[12.985507]
[13.156772]
[13.253852]
[13.365569]
[13.427766]
[13.628476]
[13.940721]
[14.096392]
[14.397197]
[8.488462]
[23.258675]
[51.86422]
[12.699452]
[12.388809]
[14.386317]
[15.9428425]
[16.711311]
[16.810812]
[16.896896]
[16.87351]
[16.738195]
[16.38378]
[16.099009]
[16.182526]
[16.1587]
[15.777055]
[16.191803]
[15.655028]
[15.509716]
[15.443034]
[15.355091]
[14.820606]
[15.643497]
[14.301772]
[13.934837]
[13.773258]
[14.163807]
[14.317377]
[15.332531]
[14.593892]
[14.22104]
[14.02325]
[13.938823]
[13.804798]
[13.794491]
[13.96478]
[13.783951]
[13.718499]
[13.605913]
[13.553722]
[13.446528]
[13.353376]
[13.304937]
[13.446674]
[14.043653]
[15.098337]
[15.881002]
[15.598026]
[15.453645]
[14.930773]
[14.7563715]
[14.551994]
[14.517964]
[14.815972]
[13.996573]
[13.409625]
[12.847229]
[12.6752205]
[12.581203]
[12.461479]
[12.292164]
[12.136339]
[12.123921]
[11.997749]
[11.979703]
[12.026193]
[11.876518]
[11.994457]
[11.899005]
[11.956734]
[11.913884]
[11.923209]
[11.857829]
[11.834239]
[11.754157]
[11.750642]
[11.665176]
[11.667369]
[11.672704]
[11.709529]
[11.629135]
[11.589038]
[11.68237]
[11.587616]
[11.2861805]
[11.178349]
[11.070919]
[10.825932]
[10.729555]
[10.844138]
[10.906861]
[10.864139]
[10.799009]
[10.640897]
[10.768003]
[11.926707]
[12.460236]
[11.930914]
[11.680315]
[11.451247]
[11.274213]
[11.15967]
[11.072337]
[10.998417]
[11.07269]
[10.941404]
[10.9051]
[10.917182]
[10.759546]
[10.776504]
[11.083694]
[11.227874]
[11.084804]
[11.297598]
[11.171827]
[10.701849]
[10.490762]
[10.354079]
[10.296066]
[10.202247]
[10.275532]
[10.31183]
[10.239544]
[10.143992]
[10.208645]
[10.150404]
[10.13296]
[10.138741]
[10.146722]
[10.0639925]
[10.112786]
[10.071938]
[10.0671425]
[10.000994]
[9.945041]
[10.073487]
[9.963202]
[9.916963]
[9.986733]
[10.0185]
[9.93106]
[9.988726]
[9.948687]
[10.073941]
[10.109648]
[8.8299885]
[8.568299]
[8.408918]
[7.8920455]
[7.868262]
[7.7677956]
[7.8325396]
[7.791393]
[7.7443686]
[7.8193555]
[7.7874684]
[7.766104]
[7.7442093]
[7.7478843]
[7.781017]
[7.7270474]
[7.684343]
[7.792701]
[7.6984625]
[7.6823487]
[7.7705054]
[7.7374845]
[7.7242794]
[7.7167134]
[7.7264123]
[7.7224364]
[7.716525]
[7.7105203]
[7.7168746]
[7.7536983]
[7.67299]
[7.7480087]
[8.046635]
[8.045761]
[11.456482]
[8.527132]
[9.487986]
[9.768142]
[8.16319]
[7.861268]
[7.825397]
[7.7772818]
[8.100035]
[7.802321]
[8.076113]
[7.8052406]
[8.065353]
[7.7981753]
[9.972627]
[8.489511]
[8.065724]
[8.043762]
[8.003192]
[7.9626613]
[7.922092]
[7.6537437]
[7.825625]
[7.615639]
[9.675045]
[7.8965816]
[7.5060263]
[7.652352]
[7.4510264]
[7.41768]
[7.5484333]
[7.366412]
[7.4771037]
[7.437592]
[7.2971992]
[7.3799744]
[7.251567]
[7.209253]
[7.179871]
[7.255411]
[7.1489577]
[7.2098484]
[7.096739]
[7.104798]
[7.0796895]
[7.08996]
[6.9690933]
[7.0216613]
[7.0168943]
[6.9383254]
[6.950773]
[6.927039]
[6.8733788]
[6.9217296]
[6.8355517]
[6.7887864]
[9.703917]
[9.65814]
[9.988107]
[9.590253]
[9.871055]
[9.891592]
[9.800487]
[9.7200165]
[10.215405]
[9.68568]
[10.13371]
[9.66512]
[10.146026]
[9.690085]
[10.178253]
[10.294825]
[9.808868]
[9.79954]
[9.8301115]
[9.876962]
[9.935343]
[9.953408]
[9.963359]
[10.355806]
[10.142797]
[10.689787]
[10.518821]
[10.28772]
[11.066131]
[11.185869]
[11.212669]
[12.90493]
[13.127782]
[13.011619]
[13.376241]
[12.852312]
[13.134529]
[13.563749]
[13.504089]
[16.097582]
[17.565142]
[15.82527]
[12.727403]
[12.621738]
[12.560024]
[12.878111]
[15.847453]
[13.082594]
[12.4651165]
[12.321949]
[12.618228]
[11.65627]
[11.415776]
[11.580308]
[11.844199]
[12.063394]
[12.306311]
[12.341239]
[12.168136]
[12.258609]
[12.294343]
[13.5433235]
[14.274888]
[14.577456]
[14.831442]
[14.413084]
[14.522382]
[14.139316]
[14.230153]
[14.372226]
[12.478793]
[19.06765]
[20.22378]
[14.048644]
[15.391442]
[12.259978]
[15.282695]
[15.834958]
[15.843455]
[15.797244]
[15.769018]
[15.7245455]
[15.632063]
[15.542215]
[15.469957]
[15.394739]
[14.928549]
[15.560402]
[15.248061]
[15.414751]
[15.245484]
[15.587069]
[16.390255]
[16.408875]
[15.327066]
[14.214352]
[15.01655]
[15.1286955]
[15.901054]
[16.109463]
[16.668882]
[16.558447]
[15.758802]
[16.499445]
[17.316725]
[16.973116]
[17.896263]
[18.229958]
[18.080181]
[17.623167]
[17.783031]
[17.72145]
[17.600992]
[17.535723]
[17.600245]
[17.91493]
[18.741919]
[18.520737]
[18.475492]
[18.162262]
[17.824846]
[17.648527]
[17.485147]
[17.832159]
[17.902315]
[18.19869]
[18.711979]
[18.036654]
[17.857443]
[17.80724]
[17.712141]
[18.116343]
[17.969961]
[18.57436]
[22.44695]
[25.602137]
[19.8992]
[26.186184]
[27.004108]
[24.169975]
[24.186085]
[23.04473]
[9.048822]
[18.239408]
[20.256958]
[19.684795]
[22.769527]
[40.017994]
[46.46452]
[48.719536]
[56.563824]
[44.416687]
[39.919952]
[55.650597]
[65.91268]
[64.623535]
[65.3947]
[55.872787]
[72.939964]
[86.80825]
[93.769]
[122.1859]
[113.3152]
[115.95626]
[104.07488]
[98.371376]
[95.99409]
[99.5014]
[95.99027]
[94.93276]
[92.298485]
[89.98303]
[74.80377]
[73.445114]
[89.5928]
[91.133286]
[90.50154]
[92.3397]
[84.687256]
[87.0426]
[107.91492]
[122.57814]
[136.89494]
[133.50212]
[126.97966]
[128.23413]
[130.96312]
[126.6486]
[102.96568]
[103.17188]
[97.79056]
[97.573204]
[96.487465]
[66.06384]
[55.028347]
[65.032265]
[60.844284]
[57.31317]
[45.948696]
[27.926086]
[25.293142]
[25.157282]
[35.3137]
[50.566067]
[46.33801]
[47.9124]
[39.992012]
[23.926573]
[20.449402]
[32.165264]
[23.37156]
[21.157467]
[20.582422]
[18.874353]
[18.147387]
[18.28355]
[20.258991]
[20.336905]
[19.436031]
[18.56821]
[19.335043]
[17.709784]
[17.515495]
[18.517723]
[18.474676]
[17.79277]
[18.190609]
[18.358866]
[18.504307]
[18.734554]
[20.614391]
[21.04273]
[18.18632]
[17.7235]
[18.38905]
[18.934668]
[18.719809]
[18.01752]
[18.137972]
[18.100647]
[17.512089]
[17.840897]
[16.615341]
[15.534889]
[16.559166]
[17.585602]
[19.604122]
[19.689262]
[22.331718]
[19.01364]
[18.787844]
[19.156145]
[17.455557]
[16.204353]
[17.321404]
[23.66516]
[16.86565]
[15.17247]
[16.245888]
[16.214579]
[19.754604]
[19.412815]
[18.19519]
[15.7819395]
[16.22458]
[28.580158]
[34.391335]
[33.31717]
[32.095978]
[25.516016]
[17.686754]
[15.735904]
[14.4506035]
[12.878191]
[12.038931]
[11.822466]
[11.578769]
[10.991112]
[11.034907]
[11.3997965]
[11.430499]
[11.14531]
[11.018469]
[11.214969]
[10.908856]
[10.936609][10.25]
[9.45]
[13.02]
[10.69]
[5.31]
[5.25]
[5.26]
[5.31]
[5.31]
[5.3]
[5.29]
[5.3]
[9.25]
[9.31]
[9.28]
[9.29]
[9.27]
[9.26]
[9.25]
[9.26]
[9.26]
[9.27]
[9.25]
[9.25]
[9.32]
[9.28]
[9.26]
[9.22]
[9.21]
[9.23]
[9.23]
[9.06]
[9.24]
[9.25]
[9.24]
[9.29]
[9.55]
[9.28]
[9.27]
[9.27]
[9.25]
[9.24]
[9.28]
[12.21]
[12.29]
[12.32]
[12.27]
[12.3]
[12.29]
[12.25]
[12.25]
[12.25]
[12.29]
[12.3]
[12.3]
[12.31]
[12.36]
[12.34]
[12.35]
[12.36]
[12.37]
[12.39]
[12.39]
[12.4]
[12.36]
[12.39]
[12.4]
[12.41]
[12.52]
[12.25]
[12.25]
[12.03]
[12.31]
[26.75]
[15.2]
[15.05]
[15.12]
[15.03]
[15.09]
[15.17]
[15.22]
[15.41]
[15.4]
[15.43]
[15.24]
[15.14]
[15.08]
[15.29]
[15.3]
[15.23]
[15.22]
[15.17]
[15.21]
[15.24]
[15.21]
[15.26]
[15.09]
[15.03]
[14.94]
[15.09]
[15.28]
[15.3]
[15.52]
[15.38]
[15.46]
[15.26]
[15.55]
[15.54]
[15.27]
[22.36]
[17.87]
[15.85]
[42.75]
[82.22]
[94.05]
[93.25]
[90.97]
[55.68]
[49.63]
[58.09]
[56.67]
[54.59]
[53.59]
[58.05]
[53.08]
[41.74]
[57.88]
[58.89]
[56.17]
[56.45]
[59.98]
[24.57]
[23.68]
[48.95]
[58.59]
[52.66]
[61.65]
[55.39]
[15.63]
[15.57]
[49.45]
[48.02]
[57.5]
[95.04]
[91.35]
[127.12]
[159.08]
[215.85]
[192.9]
[144.63]
[136.75]
[131.02]
[99.64]
[86.83]
[129.19]
[131.03]
[129.73]
[130.49]
[130.52]
[92.3]
[87.76]
[90.33]
[91.84]
[90.24]
[92.4]
[96.82]
[52.74]
[45.22]
[55.96]
[60.38]
[51.61]
[55.5]
[62.81]
[54.04]
[56.12]
[53.08]
[60.33]
[38.11]
[64.66]
[62.07]
[50.21]
[45.53]
[67.12]
[58.52]
[53.52]
[50.52]
[53.77]
[41.06]
[38.17]
[35.45]
[50.08]
[57.71]
[43.73]
[61.41]
[54.5]
[42.43]
[96.98]
[93.31]
[95.73]
[93.08]
[91.61]
[94.94]
[85.74]
[88.4]
[98.74]
[90.94]
[95.37]
[98.5]
[45.13]
[47.61]
[67.66]
[39.1]
[71.69]
[37.29]
[69.59]
[19.53]
[12.7]
[49.99]
[27.12]
[31.05]
[19.21]
[28.46]
[14.31]
[9.94]
[17.83]
[28.86]
[44.83]
[46.46]
[52.06]
[24.01]
[9.42]
[50.97]
[57.23]
[44.2]
[37.8]
[12.15]
[9.41]
[10.47]
[20.43]
[33.31]
[48.25]
[44.01]
[55.45]
[12.7]
[10.36]
[51.64]
[50.92]
[50.38]
[49.93]
[49.1]
[13.79]
[10.13]
[29.22]
[34.2]
[23.2]
[39.35]
[38.77]
[14.08]
[10.2]
[32.49]
[35.58]
[33.86]
[32.24]
[29.9]
[23.23]
[16.87]
[24.9]
[28.37]
[17.49]
[16.74]
[47.53]
[16.06]
[15.03]
[32.65]
[36.66]
[33.79]
[32.62]
[31.6]
[12.79]
[8.68]
[29.3]
[28.48]
[33.01]
[32.79]
[29.71]
[12.11]
[7.79]
[7.39]
[5.3]
[5.33]
[5.36]
[5.41]
[5.44]
[5.46]
[5.48]
[5.51]
[5.52]
[5.54]
[5.55]
[5.56]
[5.57]
[5.58]
[5.41]
[5.59]
[5.59]
[5.59]
[5.59]
[5.59]
[5.59]
[5.52]
[9.82]
[15.53]
[16.95]
[20.82]
[11.7]
[14.18]
[15.4]
[23.39]
[19.41]
[16.47]
[11.42]
[6.71]
[12.54]
[12.67]
[10.63]
[11.37]
[12.05]
[14.44]
[14.47]
[12.32]
[14.46]
[13.82]
[14.57]
[14.58]
[8.47]
[14.78]
[14.81]
[14.47]
[5.31]
[5.31]
[5.29]
[6.65]
[12.03]
[10.97]
[11.68]
[7.09]
[5.32]
[5.32]
[5.33]
[5.32]
[5.32]
[7.66]
[5.32]
[5.32]
[5.32]
[5.29]
[5.21]
[5.09]
[5.1]
[5.1]
[5.1]
[5.11]
[5.11]
[5.1]
[5.12]
[5.22]
[5.48]
[5.49]
[5.27]
[5.12]
[5.13]
[5.12]
[5.12]
[5.11]
[5.16]
[8.76]
[8.76]
[8.94]
[8.95]
[8.95]
[10.8]
[10.34]
[8.93]
[12.82]
[12.41]
[9.78]
[12.71]
[13.05]
[9.78]
[9.61]
[13.47]
[13.71]
[13.82]
[13.8]
[20.11]
[12.1]
[10.21]
[15.44]
[19.36]
[24.22]
[16.35]
[13.82]
[12.91]
[11.05]
[11.21]
[12.63]
[12.73]
[13.93]
[14.]
[12.75]
[12.72]
[14.06]
[13.64]
[13.18]
[14.13]
[14.47]
[12.97]
[12.08]
[13.53]
[13.92]
[14.]
[14.03]
[13.47]
[12.53]
[12.61]
[12.89]
[13.87]
[13.64]
[12.29]
[13.75]
[12.77]
[12.77]
[13.97]
[13.97]
[12.95]
[15.58]
[14.78]
[14.97]
[14.82]
[14.67]
[14.69]
[14.7]
[14.81]
[14.7]
[17.5]
[18.04]
[19.37]
[14.58]
[14.62]
[14.69]
[14.75]
[14.6]
[14.39]
[14.42]
[14.49]
[14.55]
[14.59]
[14.62]
[14.6]
[14.31]
[14.23]
[14.12]
[14.15]
[14.3]
[14.52]
[14.49]
[14.43]
[14.23]
[14.17]
[14.28]
[14.37]
[14.29]
[14.2]
[14.09]
[14.11]
[14.23]
[14.04]
[14.13]
[14.15]
[14.07]
[14.02]
[13.88]
[13.88]
[13.78]
[13.82]
[13.92]
[14.08]
[13.97]
[13.86]
[13.82]
[13.83]
[13.99]
[14.01]
[13.84]
[13.78]
[13.71]
[13.96]
[14.1]
[13.99]
[13.72]
[16.98]
[13.92]
[13.67]
[13.53]
[13.42]
[13.41]
[13.36]
[14.17]
[14.52]
[14.48]
[14.44]
[14.41]
[14.38]
[14.37]
[14.35]
[14.34]
[14.31]
[15.25]
[14.32]
[14.31]
[14.29]
[14.29]
[14.58]
[14.56]
[12.15]
[11.95]
[11.88]
[11.87]
[11.82]
[13.39]
[11.95]
[11.94]
[11.89]
[11.86]
[11.86]
[11.84]
[11.83]
[11.81]
[11.86]
[11.86]
[11.8]
[11.8]
[11.79]
[11.78]
[11.77]
[11.96]
[11.94]
[11.9]
[11.85]
[11.35]
[11.83]
[11.8]
[12.]
[12.06]
[12.03]
[9.66]
[9.6]
[9.59]
[9.63]
[9.74]
[9.73]
[9.68]
[9.68]
[9.7]
[9.68]
[9.68]
[9.67]
[9.67]
[9.73]
[9.77]
[9.75]
[9.77]
[9.77]
[9.77]
[9.74]
[9.74]
[9.73]
[9.72]
[9.75]
[9.75]
[9.79]
[9.77]
[9.77]
[9.78]
[9.77]
[9.09]
[9.09]
[8.91]
[8.69]
[8.69]
[8.66]
[8.69]
[8.7]
[8.7]
[8.66]
[8.67]
[8.77]
[8.78]
[8.78]
[8.77]
[8.78]
[8.77]
[8.74]
[8.74]
[8.77]
[8.77]
[8.77]
[8.76]
[8.77]
[8.76]
[8.77]
[8.77]
[8.76]
[8.76]
[8.77]
[8.71]
[8.26]
[8.23]
[8.06]
[8.02]
[8.01]
[8.04]
[8.06]
[8.04]
[8.05]
[8.06]
[8.05]
[8.05]
[8.07]
[8.07]
[8.06]
[8.04]
[8.08]
[8.07]
[8.07]
[8.03]
[8.1]
[8.09]
[8.1]
[8.11]
[8.1]
[8.11]
[8.12]
[8.11]
[8.11]
[8.13]
[6.13]
[6.11]
[5.91]
[5.29]
[5.35]
[5.29]
[5.31]
[5.3]
[5.3]
[5.3]
[5.31]
[5.3]
[5.27]
[5.29]
[5.29]
[5.29]
[5.3]
[5.3]
[5.34]
[5.31]
[5.31]
[5.32]
[5.32]
[5.31]
[5.33]
[5.32]
[5.32]
[5.31]
[5.33]
[5.32]
[5.34]
[5.34]
[5.89]
[5.74]
[5.51]
[5.5]
[7.49]
[7.16]
[5.55]
[5.56]
[5.48]
[5.43]
[5.41]
[5.42]
[5.48]
[5.44]
[5.44]
[5.44]
[7.99]
[5.37]
[5.4]
[5.41]
[5.38]
[5.38]
[5.39]
[5.38]
[5.38]
[5.43]
[5.4]
[5.41]
[5.42]
[5.41]
[5.41]
[5.41]
[5.41]
[5.42]
[5.44]
[5.44]
[5.45]
[5.47]
[5.47]
[5.4]
[5.42]
[5.44]
[5.46]
[5.47]
[5.46]
[5.46]
[5.47]
[5.47]
[5.42]
[5.48]
[5.49]
[5.48]
[5.46]
[5.46]
[5.5]
[5.51]
[5.48]
[5.46]
[9.04]
[9.13]
[9.13]
[9.16]
[9.17]
[9.17]
[9.19]
[9.21]
[9.24]
[9.24]
[9.22]
[9.2]
[9.27]
[9.28]
[9.28]
[9.29]
[9.32]
[9.33]
[9.33]
[9.34]
[9.36]
[9.37]
[9.38]
[9.41]
[9.41]
[9.41]
[9.41]
[9.42]
[9.83]
[9.49]
[9.52]
[12.18]
[12.29]
[12.29]
[12.33]
[12.37]
[12.42]
[12.45]
[12.39]
[15.27]
[16.55]
[14.11]
[12.06]
[12.15]
[12.22]
[12.2]
[14.89]
[12.24]
[12.29]
[12.3]
[12.82]
[12.19]
[12.16]
[12.29]
[12.32]
[12.3]
[12.41]
[12.47]
[12.46]
[12.66]
[12.65]
[14.68]
[15.59]
[15.66]
[15.62]
[15.61]
[15.62]
[15.55]
[15.55]
[15.53]
[15.48]
[15.58]
[15.63]
[15.67]
[15.73]
[15.76]
[15.69]
[15.74]
[15.74]
[15.7]
[15.75]
[15.81]
[15.74]
[15.69]
[15.67]
[15.67]
[15.69]
[15.71]
[15.78]
[15.82]
[15.85]
[15.84]
[15.82]
[15.81]
[15.68]
[15.65]
[15.45]
[15.76]
[15.72]
[15.72]
[15.72]
[15.86]
[15.62]
[15.55]
[15.84]
[15.47]
[15.85]
[15.91]
[15.89]
[15.6]
[15.96]
[15.99]
[15.84]
[15.77]
[15.99]
[15.57]
[15.56]
[15.78]
[15.69]
[15.67]
[15.63]
[15.75]
[15.5]
[15.92]
[15.96]
[15.99]
[16.2]
[15.99]
[15.99]
[15.96]
[15.93]
[15.94]
[15.96]
[15.89]
[15.75]
[15.57]
[14.85]
[16.98]
[17.18]
[17.15]
[16.64]
[16.94]
[16.89]
[16.85]
[16.85]
[16.82]
[22.09]
[48.14]
[54.09]
[52.25]
[50.82]
[26.21]
[24.32]
[46.38]
[54.6]
[55.32]
[58.59]
[42.22]
[59.61]
[52.27]
[91.07]
[134.99]
[99.13]
[93.08]
[89.49]
[90.15]
[90.7]
[92.91]
[90.54]
[92.41]
[91.17]
[89.85]
[54.37]
[55.31]
[91.98]
[89.63]
[92.51]
[92.65]
[53.92]
[58.15]
[118.86]
[121.02]
[128.01]
[129.11]
[130.04]
[130.07]
[129.96]
[130.52]
[93.73]
[94.19]
[93.43]
[94.32]
[94.03]
[49.04]
[42.92]
[63.69]
[56.03]
[54.7]
[38.34]
[11.79]
[11.72]
[12.96]
[33.11]
[57.23]
[47.44]
[52.93]
[38.46]
[13.38]
[10.84]
[32.12]
[12.86]
[13.04]
[11.96]
[9.06]
[9.09]
[9.87]
[13.99]
[13.87]
[12.77]
[11.54]
[13.62]
[10.08]
[9.89]
[11.66]
[11.41]
[10.97]
[12.27]
[12.58]
[13.52]
[14.11]
[18.19]
[19.12]
[13.6]
[13.55]
[13.48]
[13.43]
[13.64]
[13.07]
[13.76]
[13.75]
[12.85]
[13.71]
[11.22]
[9.92]
[11.7]
[12.05]
[15.5]
[15.5]
[20.41]
[11.86]
[11.21]
[12.16]
[10.03]
[8.58]
[11.93]
[24.96]
[9.81]
[9.12]
[11.89]
[11.97]
[19.72]
[18.14]
[16.04]
[11.71]
[13.74]
[39.18]
[46.43]
[42.22]
[40.7]
[29.17]
[11.6]
[7.7]
[7.77]
[5.18]
[5.21]
[5.24]
[5.27]
[5.28]
[5.29]
[5.31]
[5.33]
[5.34]
[5.35]
[5.36]
[5.37]
[5.38]
[5.39]