0.8828630812040645, 0.9017445215238447, -11.125138670993184, 208.33836171325524[14.612518]
[11.503898]
[10.349288]
[12.37714]
[11.21849]
[7.706511]
[7.0767217]
[7.1673365]
[7.067408]
[7.0759416]
[7.043155]
[6.928612]
[7.029465]
[9.350328]
[9.9145355]
[9.79503]
[9.950681]
[10.43095]
[12.660699]
[14.167086]
[12.566515]
[11.016495]
[10.656906]
[10.588296]
[10.432271]
[10.452375]
[10.438322]
[10.394574]
[10.20812]
[10.156619]
[10.035569]
[10.187357]
[10.341184]
[10.29205]
[10.188974]
[10.297016]
[10.190495]
[10.2632885]
[14.561342]
[11.242307]
[10.874845]
[11.613356]
[11.898438]
[11.521373]
[12.992643]
[13.154454]
[13.002927]
[13.092721]
[12.96083]
[13.659854]
[13.921999]
[13.64472]
[13.12507]
[13.228124]
[12.9660225]
[12.912273]
[12.908074]
[12.942229]
[12.791626]
[12.764384]
[12.768311]
[12.773634]
[12.635366]
[12.748517]
[12.75017]
[12.7915745]
[13.480785]
[13.680908]
[13.085279]
[13.377906]
[15.889771]
[10.575471]
[12.152801]
[12.714301]
[39.675743]
[19.817484]
[14.598767]
[14.50897]
[14.447341]
[14.437456]
[14.616676]
[14.741508]
[14.642009]
[14.839486]
[14.909158]
[14.648704]
[14.725733]
[14.886069]
[15.08852]
[14.857506]
[15.023343]
[14.870146]
[15.58591]
[15.22292]
[14.963163]
[15.248008]
[15.209523]
[15.016946]
[15.0088005]
[14.523325]
[15.135108]
[15.590166]
[15.162413]
[15.633658]
[15.648095]
[16.157879]
[20.9652]
[24.771303]
[24.33378]
[30.469978]
[49.387463]
[43.661987]
[67.32096]
[80.60547]
[79.1235]
[94.99661]
[138.30586]
[102.932755]
[71.67172]
[61.4709]
[63.719063]
[61.580303]
[57.834286]
[54.492588]
[55.0929]
[52.36044]
[45.04743]
[51.217197]
[53.996506]
[52.45401]
[51.73808]
[55.126312]
[36.49519]
[31.380117]
[45.50953]
[52.231297]
[48.703743]
[52.262657]
[48.938778]
[26.351662]
[25.068638]
[48.101532]
[51.647457]
[66.270676]
[108.70364]
[147.4653]
[165.60727]
[178.20859]
[209.11684]
[175.40462]
[148.34692]
[147.00977]
[134.90671]
[109.47346]
[90.03341]
[114.56961]
[121.00815]
[122.53151]
[126.002426]
[129.80345]
[109.98971]
[103.50403]
[98.11632]
[97.82367]
[93.94379]
[93.28194]
[97.68845]
[70.86607]
[66.86577]
[75.05745]
[78.029854]
[72.37657]
[71.05356]
[71.029106]
[62.785873]
[60.366653]
[56.911102]
[58.958206]
[46.931618]
[56.969788]
[58.06306]
[51.766068]
[48.98091]
[59.57495]
[55.437798]
[50.343563]
[47.28678]
[48.20605]
[43.304825]
[44.149174]
[47.48795]
[60.322006]
[68.34256]
[61.756145]
[66.01057]
[60.741024]
[55.594265]
[93.64766]
[98.51568]
[93.41652]
[87.12949]
[83.01389]
[83.76619]
[81.527565]
[86.77219]
[96.33076]
[94.105255]
[98.1862]
[105.20241]
[72.853264]
[71.54654]
[79.884315]
[60.741077]
[73.671936]
[54.134617]
[65.74066]
[41.0137]
[31.584513]
[49.60426]
[40.426075]
[38.936184]
[32.277534]
[35.23877]
[27.983162]
[23.201889]
[26.792448]
[33.005306]
[40.629387]
[41.954628]
[44.839878]
[33.746437]
[24.939524]
[45.257027]
[51.57895]
[44.898125]
[41.192142]
[29.070053]
[25.915833]
[27.295916]
[31.33402]
[36.574245]
[43.08954]
[41.55935]
[46.06766]
[25.86161]
[20.986038]
[42.780018]
[44.417683]
[43.248066]
[43.38151]
[42.145874]
[24.716337]
[22.258451]
[34.003174]
[36.598465]
[30.1006]
[36.119667]
[36.28926]
[22.68226]
[17.511261]
[29.804472]
[33.1178]
[32.051388]
[30.367016]
[28.721193]
[24.434069]
[19.983883]
[24.404716]
[27.458939]
[22.06688]
[22.429955]
[41.230885]
[27.076624]
[20.760534]
[30.129576]
[33.14846]
[31.586454]
[30.19135]
[29.111732]
[17.512466]
[13.299624]
[25.19649]
[26.122074]
[27.90568]
[28.876932]
[27.226593]
[16.255215]
[11.692503]
[11.0556345]
[9.700484]
[9.4481]
[9.538109]
[10.056289]
[9.886388]
[9.509427]
[9.398905]
[9.316634]
[9.422766]
[9.290281]
[9.198995]
[9.027858]
[9.009879]
[9.020433]
[8.912719]
[8.90766]
[8.766665]
[8.74206]
[8.74206]
[8.74206]
[8.74206]
[8.6186695]
[10.787173]
[16.18503]
[16.206184]
[18.074703]
[13.224621]
[13.8885355]
[14.771626]
[19.555044]
[18.057081]
[15.925111]
[12.559559]
[9.075718]
[12.157541]
[12.636127]
[11.344486]
[11.5809355]
[12.068671]
[13.747608]
[14.058727]
[12.531412]
[13.595623]
[21.544725]
[15.578243]
[14.115811]
[10.161191]
[13.740272]
[14.203547]
[13.822617]
[8.269138]
[7.2936797]
[7.2815294]
[8.055978]
[11.336071]
[11.522777]
[11.531769]
[8.741901]
[7.2278905]
[7.0657315]
[7.068547]
[7.042995]
[6.9304585]
[8.46877]
[7.1923423]
[6.9200664]
[7.020603]
[6.8894796]
[6.931036]
[6.844259]
[7.648873]
[7.537648]
[7.2751355]
[7.2387]
[6.9853806]
[6.974845]
[6.9815116]
[7.029099]
[7.093834]
[7.1537876]
[7.0641823]
[7.239176]
[6.8546824]
[6.9713173]
[6.962114]
[6.95337]
[6.965709]
[9.097198]
[9.561056]
[14.494374]
[10.684607]
[9.590486]
[10.981696]
[10.568204]
[9.76303]
[12.881739]
[12.267232]
[10.416864]
[12.154495]
[12.596066]
[10.56016]
[10.252372]
[12.824086]
[13.61564]
[13.367369]
[13.3743725]
[18.426891]
[13.040967]
[10.695123]
[14.379905]
[18.117846]
[22.16247]
[16.524172]
[13.650803]
[12.836363]
[11.450742]
[11.517905]
[12.434571]
[12.610713]
[13.592766]
[13.720414]
[12.8607]
[12.878951]
[13.903402]
[13.370775]
[13.325814]
[14.228671]
[14.309833]
[13.161263]
[12.55411]
[13.690426]
[13.9969]
[13.951963]
[14.067753]
[13.523404]
[12.897878]
[12.438651]
[12.992081]
[14.657658]
[14.336847]
[12.3219595]
[14.078128]
[14.16345]
[13.526246]
[14.167398]
[14.238928]
[13.35501]
[15.397817]
[14.85896]
[14.88341]
[14.838154]
[14.791148]
[14.744861]
[14.574414]
[14.819582]
[14.688274]
[16.702906]
[19.851461]
[19.035025]
[15.026382]
[14.398913]
[14.761446]
[15.161071]
[15.234033]
[14.694164]
[14.61703]
[14.63951]
[14.758885]
[14.836816]
[14.846472]
[14.8836155]
[14.680537]
[14.54736]
[14.539835]
[14.594376]
[14.729816]
[14.938087]
[14.8693285]
[14.810931]
[14.713651]
[14.564747]
[14.555354]
[14.648958]
[14.496349]
[14.336615]
[14.240371]
[14.216195]
[14.297026]
[14.150311]
[14.165619]
[14.238026]
[14.251103]
[14.100851]
[13.9172945]
[13.946734]
[13.764326]
[13.717844]
[13.843267]
[13.911904]
[13.8026495]
[13.699329]
[13.635613]
[13.600354]
[13.68231]
[13.760385]
[13.657895]
[13.593759]
[13.543087]
[13.765303]
[14.060497]
[14.264648]
[14.503329]
[10.87135]
[18.016712]
[44.160824]
[12.075612]
[11.814835]
[13.530323]
[14.733107]
[15.538451]
[16.031988]
[16.389252]
[16.424265]
[16.247955]
[15.896237]
[15.749786]
[15.952601]
[15.927722]
[15.639771]
[16.183155]
[15.5225315]
[15.309956]
[15.201533]
[15.104491]
[14.4686575]
[15.30191]
[13.853982]
[13.293874]
[13.257418]
[13.9051485]
[13.807639]
[14.788707]
[13.804738]
[13.155706]
[12.842069]
[12.647031]
[12.564839]
[12.524724]
[12.716605]
[12.571697]
[12.697]
[12.532884]
[12.603323]
[12.5697565]
[12.55501]
[12.386312]
[12.270147]
[12.827517]
[14.163682]
[14.643264]
[14.366695]
[14.063497]
[13.207484]
[13.584739]
[13.301802]
[13.313172]
[12.857952]
[11.994181]
[12.466562]
[11.864496]
[11.649419]
[11.751255]
[11.566132]
[11.641093]
[11.41726]
[11.514822]
[11.287075]
[11.278001]
[11.364159]
[11.096535]
[11.30875]
[11.098266]
[11.233033]
[11.136784]
[11.167335]
[11.053432]
[11.048078]
[10.917953]
[10.932197]
[10.798686]
[10.808292]
[10.814586]
[10.860034]
[10.734026]
[10.693951]
[10.838409]
[10.67383]
[10.458344]
[10.306197]
[10.211569]
[9.911187]
[9.805801]
[10.0075]
[10.058882]
[9.981098]
[9.888394]
[9.679351]
[9.906569]
[10.110693]
[11.892198]
[11.5618725]
[11.150857]
[10.784216]
[10.519221]
[10.375696]
[10.255586]
[10.12653]
[10.283792]
[10.045819]
[10.025568]
[10.056721]
[9.795837]
[9.846643]
[10.3030405]
[10.500242]
[10.205276]
[10.614253]
[10.405305]
[9.842126]
[9.578462]
[9.452692]
[9.397024]
[9.248568]
[9.378362]
[9.412838]
[9.301935]
[9.166405]
[9.293281]
[9.177571]
[9.173037]
[9.1782675]
[9.190388]
[9.061441]
[9.168919]
[9.070596]
[9.084558]
[8.977648]
[8.9393215]
[9.108903]
[8.902053]
[8.895807]
[9.000737]
[9.010993]
[8.89077]
[9.020063]
[8.963478]
[9.157942]
[9.139588]
[7.8595467]
[7.6310163]
[7.435965]
[6.9282436]
[6.967836]
[6.830108]
[6.960594]
[6.855321]
[6.85146]
[6.9610033]
[6.862682]
[6.8792043]
[6.8609076]
[6.868695]
[6.9020605]
[6.8159637]
[6.818906]
[6.959937]
[6.767224]
[6.865548]
[6.9547076]
[6.8540187]
[6.8777003]
[6.8743944]
[6.888322]
[6.8893995]
[6.8868237]
[6.8852544]
[6.895774]
[6.9302087]
[6.8243146]
[6.9672728]
[7.199781]
[7.2468915]
[10.670886]
[7.6284747]
[8.750233]
[8.894255]
[7.332092]
[7.095564]
[7.043033]
[6.994592]
[7.3163586]
[7.0000477]
[7.316278]
[7.008508]
[7.311389]
[7.0054407]
[9.246469]
[7.6636314]
[7.2884727]
[7.2799726]
[7.2721334]
[7.2640843]
[7.255737]
[6.9673114]
[7.2430077]
[6.8726687]
[9.360453]
[7.307831]
[6.991849]
[7.2093735]
[6.9568095]
[6.987005]
[7.187822]
[6.952477]
[7.1841655]
[7.1318994]
[6.9651294]
[7.1654167]
[6.959246]
[6.9726934]
[6.9564714]
[7.117404]
[6.9350014]
[7.1182375]
[6.9227233]
[6.98528]
[6.9769444]
[7.073005]
[6.87087]
[6.9746933]
[7.0574856]
[6.894373]
[6.963736]
[7.0225105]
[6.8829827]
[7.0566263]
[6.9495554]
[6.857111]
[10.132295]
[10.080502]
[10.491129]
[10.076137]
[10.444988]
[10.495435]
[10.438274]
[10.386809]
[10.963138]
[10.419933]
[10.874402]
[10.3313265]
[10.78167]
[10.238927]
[10.686481]
[10.7484865]
[10.0152855]
[9.969389]
[9.958029]
[9.921296]
[9.946207]
[9.947624]
[9.944033]
[10.341915]
[10.100767]
[10.649949]
[10.449389]
[10.218849]
[11.008004]
[11.128832]
[11.116193]
[12.709115]
[12.908823]
[12.824898]
[13.270119]
[12.746672]
[13.094833]
[13.61274]
[13.601411]
[16.414179]
[18.079464]
[16.337395]
[13.057908]
[12.941564]
[12.936065]
[13.32225]
[16.451126]
[13.743059]
[13.077399]
[12.982063]
[13.338775]
[12.417799]
[12.170162]
[12.239101]
[12.325725]
[12.308286]
[12.449724]
[12.494051]
[12.446995]
[12.606999]
[12.663933]
[13.9435005]
[14.681975]
[14.566093]
[14.423602]
[13.90656]
[13.68034]
[13.236078]
[13.029737]
[13.199802]
[16.138855]
[13.26308]
[20.02212]
[14.78938]
[15.778495]
[12.821131]
[15.390094]
[15.850647]
[15.785114]
[15.700572]
[15.646465]
[15.607442]
[15.519029]
[15.430772]
[15.35929]
[15.421142]
[15.61424]
[15.331684]
[14.118032]
[14.390873]
[15.423131]
[14.970415]
[14.148531]
[13.396595]
[12.499333]
[15.157428]
[14.117389]
[13.922852]
[16.8909]
[16.48486]
[16.757221]
[16.90013]
[15.356291]
[15.817287]
[16.771597]
[16.281578]
[17.17152]
[17.757732]
[17.626406]
[17.251797]
[17.580742]
[17.617207]
[17.570457]
[17.51842]
[17.585766]
[18.504858]
[19.277788]
[17.897093]
[17.252943]
[17.29886]
[17.227125]
[17.268837]
[17.347748]
[17.843632]
[17.873482]
[18.727316]
[18.863113]
[17.673027]
[17.780499]
[17.631441]
[17.803488]
[17.969933]
[18.090864]
[18.776772]
[21.443855]
[24.962477]
[22.138044]
[30.057272]
[32.008766]
[28.74825]
[28.4752]
[23.697805]
[8.308315]
[18.734343]
[20.619368]
[20.233362]
[23.421734]
[40.494015]
[46.335575]
[51.662693]
[58.626686]
[45.654556]
[46.09304]
[60.57743]
[69.16646]
[68.599686]
[68.31398]
[59.15733]
[69.66316]
[85.798454]
[102.44933]
[125.08751]
[116.719055]
[120.92801]
[112.25444]
[101.90821]
[103.89841]
[104.26977]
[100.70261]
[96.582146]
[91.73048]
[89.49365]
[69.09464]
[73.217155]
[91.65375]
[90.497955]
[89.818016]
[92.27461]
[75.25012]
[88.920265]
[117.525604]
[123.75098]
[139.30592]
[141.09619]
[136.05835]
[134.87149]
[135.90178]
[133.46014]
[107.29639]
[102.54125]
[102.486206]
[100.64053]
[97.83903]
[65.58943]
[53.75647]
[62.68698]
[59.083195]
[56.03807]
[45.944176]
[29.034422]
[25.8016]
[26.593557]
[37.09786]
[49.892094]
[46.14418]
[47.226738]
[40.41577]
[24.937164]
[20.667662]
[33.401543]
[24.455366]
[21.817287]
[20.932974]
[19.027342]
[18.208612]
[18.237703]
[20.410019]
[20.43722]
[19.351978]
[18.215687]
[19.13726]
[17.09217]
[16.79409]
[17.976559]
[18.01091]
[17.301233]
[17.613287]
[17.769018]
[18.008617]
[18.140749]
[20.349518]
[20.846872]
[17.513609]
[16.890154]
[17.448849]
[18.208967]
[18.307173]
[17.472052]
[17.512682]
[17.432693]
[16.78385]
[17.092293]
[15.735206]
[14.496873]
[15.518722]
[16.556005]
[19.112646]
[19.327337]
[22.132126]
[18.241623]
[17.852978]
[18.800858]
[16.937023]
[15.310503]
[16.63626]
[23.772055]
[15.991569]
[13.867585]
[15.320574]
[15.255377]
[19.343061]
[18.891928]
[17.467064]
[14.709188]
[15.332021]
[28.772245]
[33.98486]
[32.972652]
[32.0804]
[25.753557]
[16.399784]
[15.136669]
[14.253988]
[12.252286]
[11.274974]
[10.871088]
[10.555959]
[10.004361]
[9.678912]
[10.108072]
[10.162366]
[10.028341]
[9.675624]
[9.885867]
[9.656946]
[9.535007][10.25]
[9.45]
[13.02]
[10.69]
[5.31]
[5.25]
[5.26]
[5.31]
[5.31]
[5.3]
[5.29]
[5.3]
[9.25]
[9.31]
[9.28]
[9.29]
[9.27]
[9.26]
[9.25]
[9.26]
[9.26]
[9.27]
[9.25]
[9.25]
[9.32]
[9.28]
[9.26]
[9.22]
[9.21]
[9.23]
[9.23]
[9.06]
[9.24]
[9.25]
[9.24]
[9.29]
[9.55]
[9.28]
[9.27]
[9.27]
[9.25]
[9.24]
[9.28]
[12.21]
[12.29]
[12.32]
[12.27]
[12.3]
[12.29]
[12.25]
[12.25]
[12.25]
[12.29]
[12.3]
[12.3]
[12.31]
[12.36]
[12.34]
[12.35]
[12.36]
[12.37]
[12.39]
[12.39]
[12.4]
[12.36]
[12.39]
[12.4]
[12.41]
[12.52]
[12.25]
[12.25]
[12.03]
[12.31]
[26.75]
[15.2]
[15.05]
[15.12]
[15.03]
[15.09]
[15.17]
[15.22]
[15.41]
[15.4]
[15.43]
[15.24]
[15.14]
[15.08]
[15.29]
[15.3]
[15.23]
[15.22]
[15.17]
[15.21]
[15.24]
[15.21]
[15.26]
[15.09]
[15.03]
[14.94]
[15.09]
[15.28]
[15.3]
[15.52]
[15.38]
[15.46]
[15.26]
[15.55]
[15.54]
[15.27]
[22.36]
[17.87]
[15.85]
[42.75]
[82.22]
[94.05]
[93.25]
[90.97]
[55.68]
[49.63]
[58.09]
[56.67]
[54.59]
[53.59]
[58.05]
[53.08]
[41.74]
[57.88]
[58.89]
[56.17]
[56.45]
[59.98]
[24.57]
[23.68]
[48.95]
[58.59]
[52.66]
[61.65]
[55.39]
[15.63]
[15.57]
[49.45]
[48.02]
[57.5]
[95.04]
[91.35]
[127.12]
[159.08]
[215.85]
[192.9]
[144.63]
[136.75]
[131.02]
[99.64]
[86.83]
[129.19]
[131.03]
[129.73]
[130.49]
[130.52]
[92.3]
[87.76]
[90.33]
[91.84]
[90.24]
[92.4]
[96.82]
[52.74]
[45.22]
[55.96]
[60.38]
[51.61]
[55.5]
[62.81]
[54.04]
[56.12]
[53.08]
[60.33]
[38.11]
[64.66]
[62.07]
[50.21]
[45.53]
[67.12]
[58.52]
[53.52]
[50.52]
[53.77]
[41.06]
[38.17]
[35.45]
[50.08]
[57.71]
[43.73]
[61.41]
[54.5]
[42.43]
[96.98]
[93.31]
[95.73]
[93.08]
[91.61]
[94.94]
[85.74]
[88.4]
[98.74]
[90.94]
[95.37]
[98.5]
[45.13]
[47.61]
[67.66]
[39.1]
[71.69]
[37.29]
[69.59]
[19.53]
[12.7]
[49.99]
[27.12]
[31.05]
[19.21]
[28.46]
[14.31]
[9.94]
[17.83]
[28.86]
[44.83]
[46.46]
[52.06]
[24.01]
[9.42]
[50.97]
[57.23]
[44.2]
[37.8]
[12.15]
[9.41]
[10.47]
[20.43]
[33.31]
[48.25]
[44.01]
[55.45]
[12.7]
[10.36]
[51.64]
[50.92]
[50.38]
[49.93]
[49.1]
[13.79]
[10.13]
[29.22]
[34.2]
[23.2]
[39.35]
[38.77]
[14.08]
[10.2]
[32.49]
[35.58]
[33.86]
[32.24]
[29.9]
[23.23]
[16.87]
[24.9]
[28.37]
[17.49]
[16.74]
[47.53]
[16.06]
[15.03]
[32.65]
[36.66]
[33.79]
[32.62]
[31.6]
[12.79]
[8.68]
[29.3]
[28.48]
[33.01]
[32.79]
[29.71]
[12.11]
[7.79]
[7.39]
[5.3]
[5.33]
[5.36]
[5.41]
[5.44]
[5.46]
[5.48]
[5.51]
[5.52]
[5.54]
[5.55]
[5.56]
[5.57]
[5.58]
[5.41]
[5.59]
[5.59]
[5.59]
[5.59]
[5.59]
[5.59]
[5.52]
[9.82]
[15.53]
[16.95]
[20.82]
[11.7]
[14.18]
[15.4]
[23.39]
[19.41]
[16.47]
[11.42]
[6.71]
[12.54]
[12.67]
[10.63]
[11.37]
[12.05]
[14.44]
[14.47]
[12.32]
[14.46]
[13.82]
[14.57]
[14.58]
[8.47]
[14.78]
[14.81]
[14.47]
[5.31]
[5.31]
[5.29]
[6.65]
[12.03]
[10.97]
[11.68]
[7.09]
[5.32]
[5.32]
[5.33]
[5.32]
[5.32]
[7.66]
[5.32]
[5.32]
[5.32]
[5.29]
[5.21]
[5.09]
[5.1]
[5.1]
[5.1]
[5.11]
[5.11]
[5.1]
[5.12]
[5.22]
[5.48]
[5.49]
[5.27]
[5.12]
[5.13]
[5.12]
[5.12]
[5.11]
[5.16]
[8.76]
[8.76]
[8.94]
[8.95]
[8.95]
[10.8]
[10.34]
[8.93]
[12.82]
[12.41]
[9.78]
[12.71]
[13.05]
[9.78]
[9.61]
[13.47]
[13.71]
[13.82]
[13.8]
[20.11]
[12.1]
[10.21]
[15.44]
[19.36]
[24.22]
[16.35]
[13.82]
[12.91]
[11.05]
[11.21]
[12.63]
[12.73]
[13.93]
[14.]
[12.75]
[12.72]
[14.06]
[13.64]
[13.18]
[14.13]
[14.47]
[12.97]
[12.08]
[13.53]
[13.92]
[14.]
[14.03]
[13.47]
[12.53]
[12.61]
[12.89]
[13.87]
[13.64]
[12.29]
[13.75]
[12.77]
[12.77]
[13.97]
[13.97]
[12.95]
[15.58]
[14.78]
[14.97]
[14.82]
[14.67]
[14.69]
[14.7]
[14.81]
[14.7]
[17.5]
[18.04]
[19.37]
[14.58]
[14.62]
[14.69]
[14.75]
[14.6]
[14.39]
[14.42]
[14.49]
[14.55]
[14.59]
[14.62]
[14.6]
[14.31]
[14.23]
[14.12]
[14.15]
[14.3]
[14.52]
[14.49]
[14.43]
[14.23]
[14.17]
[14.28]
[14.37]
[14.29]
[14.2]
[14.09]
[14.11]
[14.23]
[14.04]
[14.13]
[14.15]
[14.07]
[14.02]
[13.88]
[13.88]
[13.78]
[13.82]
[13.92]
[14.08]
[13.97]
[13.86]
[13.82]
[13.83]
[13.99]
[14.01]
[13.84]
[13.78]
[13.71]
[13.96]
[14.1]
[13.99]
[13.72]
[16.98]
[13.92]
[13.67]
[13.53]
[13.42]
[13.41]
[13.36]
[14.17]
[14.52]
[14.48]
[14.44]
[14.41]
[14.38]
[14.37]
[14.35]
[14.34]
[14.31]
[15.25]
[14.32]
[14.31]
[14.29]
[14.29]
[14.58]
[14.56]
[12.15]
[11.95]
[11.88]
[11.87]
[11.82]
[13.39]
[11.95]
[11.94]
[11.89]
[11.86]
[11.86]
[11.84]
[11.83]
[11.81]
[11.86]
[11.86]
[11.8]
[11.8]
[11.79]
[11.78]
[11.77]
[11.96]
[11.94]
[11.9]
[11.85]
[11.35]
[11.83]
[11.8]
[12.]
[12.06]
[12.03]
[9.66]
[9.6]
[9.59]
[9.63]
[9.74]
[9.73]
[9.68]
[9.68]
[9.7]
[9.68]
[9.68]
[9.67]
[9.67]
[9.73]
[9.77]
[9.75]
[9.77]
[9.77]
[9.77]
[9.74]
[9.74]
[9.73]
[9.72]
[9.75]
[9.75]
[9.79]
[9.77]
[9.77]
[9.78]
[9.77]
[9.09]
[9.09]
[8.91]
[8.69]
[8.69]
[8.66]
[8.69]
[8.7]
[8.7]
[8.66]
[8.67]
[8.77]
[8.78]
[8.78]
[8.77]
[8.78]
[8.77]
[8.74]
[8.74]
[8.77]
[8.77]
[8.77]
[8.76]
[8.77]
[8.76]
[8.77]
[8.77]
[8.76]
[8.76]
[8.77]
[8.71]
[8.26]
[8.23]
[8.06]
[8.02]
[8.01]
[8.04]
[8.06]
[8.04]
[8.05]
[8.06]
[8.05]
[8.05]
[8.07]
[8.07]
[8.06]
[8.04]
[8.08]
[8.07]
[8.07]
[8.03]
[8.1]
[8.09]
[8.1]
[8.11]
[8.1]
[8.11]
[8.12]
[8.11]
[8.11]
[8.13]
[6.13]
[6.11]
[5.91]
[5.29]
[5.35]
[5.29]
[5.31]
[5.3]
[5.3]
[5.3]
[5.31]
[5.3]
[5.27]
[5.29]
[5.29]
[5.29]
[5.3]
[5.3]
[5.34]
[5.31]
[5.31]
[5.32]
[5.32]
[5.31]
[5.33]
[5.32]
[5.32]
[5.31]
[5.33]
[5.32]
[5.34]
[5.34]
[5.89]
[5.74]
[5.51]
[5.5]
[7.49]
[7.16]
[5.55]
[5.56]
[5.48]
[5.43]
[5.41]
[5.42]
[5.48]
[5.44]
[5.44]
[5.44]
[7.99]
[5.37]
[5.4]
[5.41]
[5.38]
[5.38]
[5.39]
[5.38]
[5.38]
[5.43]
[5.4]
[5.41]
[5.42]
[5.41]
[5.41]
[5.41]
[5.41]
[5.42]
[5.44]
[5.44]
[5.45]
[5.47]
[5.47]
[5.4]
[5.42]
[5.44]
[5.46]
[5.47]
[5.46]
[5.46]
[5.47]
[5.47]
[5.42]
[5.48]
[5.49]
[5.48]
[5.46]
[5.46]
[5.5]
[5.51]
[5.48]
[5.46]
[9.04]
[9.13]
[9.13]
[9.16]
[9.17]
[9.17]
[9.19]
[9.21]
[9.24]
[9.24]
[9.22]
[9.2]
[9.27]
[9.28]
[9.28]
[9.29]
[9.32]
[9.33]
[9.33]
[9.34]
[9.36]
[9.37]
[9.38]
[9.41]
[9.41]
[9.41]
[9.41]
[9.42]
[9.83]
[9.49]
[9.52]
[12.18]
[12.29]
[12.29]
[12.33]
[12.37]
[12.42]
[12.45]
[12.39]
[15.27]
[16.55]
[14.11]
[12.06]
[12.15]
[12.22]
[12.2]
[14.89]
[12.24]
[12.29]
[12.3]
[12.82]
[12.19]
[12.16]
[12.29]
[12.32]
[12.3]
[12.41]
[12.47]
[12.46]
[12.66]
[12.65]
[14.68]
[15.59]
[15.66]
[15.62]
[15.61]
[15.62]
[15.55]
[15.55]
[15.53]
[15.48]
[15.58]
[15.63]
[15.67]
[15.73]
[15.76]
[15.69]
[15.74]
[15.74]
[15.7]
[15.75]
[15.81]
[15.74]
[15.69]
[15.67]
[15.67]
[15.69]
[15.71]
[15.78]
[15.82]
[15.85]
[15.84]
[15.82]
[15.81]
[15.68]
[15.65]
[15.45]
[15.76]
[15.72]
[15.72]
[15.72]
[15.86]
[15.62]
[15.55]
[15.84]
[15.47]
[15.85]
[15.91]
[15.89]
[15.6]
[15.96]
[15.99]
[15.84]
[15.77]
[15.99]
[15.57]
[15.56]
[15.78]
[15.69]
[15.67]
[15.63]
[15.75]
[15.5]
[15.92]
[15.96]
[15.99]
[16.2]
[15.99]
[15.99]
[15.96]
[15.93]
[15.94]
[15.96]
[15.89]
[15.75]
[15.57]
[14.85]
[16.98]
[17.18]
[17.15]
[16.64]
[16.94]
[16.89]
[16.85]
[16.85]
[16.82]
[22.09]
[48.14]
[54.09]
[52.25]
[50.82]
[26.21]
[24.32]
[46.38]
[54.6]
[55.32]
[58.59]
[42.22]
[59.61]
[52.27]
[91.07]
[134.99]
[99.13]
[93.08]
[89.49]
[90.15]
[90.7]
[92.91]
[90.54]
[92.41]
[91.17]
[89.85]
[54.37]
[55.31]
[91.98]
[89.63]
[92.51]
[92.65]
[53.92]
[58.15]
[118.86]
[121.02]
[128.01]
[129.11]
[130.04]
[130.07]
[129.96]
[130.52]
[93.73]
[94.19]
[93.43]
[94.32]
[94.03]
[49.04]
[42.92]
[63.69]
[56.03]
[54.7]
[38.34]
[11.79]
[11.72]
[12.96]
[33.11]
[57.23]
[47.44]
[52.93]
[38.46]
[13.38]
[10.84]
[32.12]
[12.86]
[13.04]
[11.96]
[9.06]
[9.09]
[9.87]
[13.99]
[13.87]
[12.77]
[11.54]
[13.62]
[10.08]
[9.89]
[11.66]
[11.41]
[10.97]
[12.27]
[12.58]
[13.52]
[14.11]
[18.19]
[19.12]
[13.6]
[13.55]
[13.48]
[13.43]
[13.64]
[13.07]
[13.76]
[13.75]
[12.85]
[13.71]
[11.22]
[9.92]
[11.7]
[12.05]
[15.5]
[15.5]
[20.41]
[11.86]
[11.21]
[12.16]
[10.03]
[8.58]
[11.93]
[24.96]
[9.81]
[9.12]
[11.89]
[11.97]
[19.72]
[18.14]
[16.04]
[11.71]
[13.74]
[39.18]
[46.43]
[42.22]
[40.7]
[29.17]
[11.6]
[7.7]
[7.77]
[5.18]
[5.21]
[5.24]
[5.27]
[5.28]
[5.29]
[5.31]
[5.33]
[5.34]
[5.35]
[5.36]
[5.37]
[5.38]
[5.39]