0.8975009842101157, 0.9004559707977573, 0.4952503440684133, 194.88669665255813[12.23508]
[9.643541]
[8.493046]
[10.34442]
[9.416524]
[6.1578226]
[5.488808]
[5.5651665]
[5.5660396]
[5.536909]
[5.5399323]
[5.4642205]
[5.4968653]
[7.6774154]
[8.224889]
[8.181018]
[8.208957]
[8.233305]
[8.842293]
[10.364048]
[9.79238]
[9.037956]
[8.772097]
[8.68233]
[8.610882]
[8.603754]
[8.598669]
[8.593398]
[8.49212]
[8.443383]
[8.375578]
[8.387775]
[8.489356]
[8.599033]
[8.501649]
[8.548182]
[8.57038]
[8.525269]
[12.046972]
[9.533814]
[8.68527]
[9.044629]
[9.435928]
[9.409453]
[10.882568]
[11.129027]
[11.006665]
[11.03428]
[10.903647]
[11.14666]
[11.489301]
[11.47552]
[11.147058]
[11.154426]
[11.07673]
[10.985317]
[10.994016]
[11.056181]
[10.989533]
[10.94995]
[10.965902]
[11.004069]
[10.927042]
[10.957188]
[10.983288]
[10.85931]
[11.204687]
[11.6325655]
[11.296258]
[11.392254]
[13.872069]
[9.074694]
[10.368622]
[11.0311775]
[38.45032]
[17.993628]
[12.973056]
[13.038832]
[12.962596]
[12.96142]
[13.098834]
[13.310908]
[13.275154]
[13.296913]
[13.4453745]
[13.193285]
[13.075922]
[13.236001]
[13.575044]
[13.384603]
[13.321495]
[13.084852]
[13.644771]
[13.650493]
[13.432576]
[13.527367]
[13.568454]
[13.39386]
[13.336412]
[12.86275]
[12.998275]
[13.64208]
[13.349309]
[13.401188]
[13.412566]
[13.536192]
[17.604908]
[18.134724]
[17.707205]
[28.750574]
[43.26346]
[19.34904]
[52.95963]
[59.122482]
[78.105934]
[91.87592]
[125.63199]
[88.73551]
[71.78929]
[58.23817]
[60.817352]
[58.90616]
[55.8144]
[52.32328]
[52.86726]
[49.688194]
[41.890247]
[48.69916]
[51.31182]
[49.958733]
[48.806904]
[51.99694]
[32.26953]
[26.604414]
[41.98846]
[49.93426]
[45.766407]
[49.706978]
[46.052853]
[22.241497]
[19.592596]
[43.11508]
[46.96145]
[70.87794]
[95.19342]
[130.66734]
[146.0624]
[169.7893]
[201.172]
[173.6552]
[142.6238]
[136.65945]
[125.58411]
[103.933]
[87.48515]
[111.24028]
[117.5097]
[117.68535]
[120.28207]
[126.13952]
[103.97024]
[94.280655]
[92.296196]
[91.167534]
[88.324486]
[88.336525]
[92.01943]
[70.4069]
[62.561653]
[71.55434]
[71.47764]
[68.266304]
[66.23064]
[68.00611]
[60.998497]
[58.47678]
[54.91684]
[57.26029]
[43.915085]
[55.420185]
[56.329346]
[48.984016]
[45.627678]
[58.045998]
[53.85262]
[48.112743]
[44.731075]
[45.556343]
[39.13853]
[39.012245]
[42.313213]
[58.63576]
[64.20399]
[58.3946]
[63.46668]
[59.526684]
[54.703857]
[91.679634]
[92.99083]
[90.519455]
[85.770134]
[81.49081]
[81.88621]
[77.375305]
[81.937584]
[91.519615]
[88.38922]
[94.78345]
[97.658516]
[70.957794]
[65.70271]
[74.60892]
[55.562202]
[70.21139]
[50.874825]
[63.844917]
[36.144413]
[24.489746]
[46.704132]
[36.441853]
[34.620426]
[27.410778]
[30.651066]
[23.186457]
[18.196703]
[21.937487]
[28.71143]
[38.285538]
[39.602776]
[42.496193]
[29.154587]
[19.588432]
[42.761223]
[50.11696]
[42.286488]
[37.38408]
[23.927252]
[20.1351]
[20.658243]
[25.928186]
[32.933933]
[41.174088]
[39.1294]
[44.383083]
[22.48822]
[16.73319]
[40.053177]
[42.95135]
[40.849415]
[40.949642]
[39.935814]
[20.996868]
[16.917866]
[28.784248]
[33.36767]
[26.150023]
[32.94363]
[33.367775]
[19.297274]
[14.017823]
[25.793406]
[30.040634]
[28.79347]
[27.251911]
[25.302374]
[21.095158]
[16.800049]
[20.704803]
[23.90666]
[18.867504]
[18.4881]
[37.404465]
[23.17253]
[17.09277]
[26.137556]
[30.034876]
[28.216537]
[26.905107]
[25.627213]
[14.92313]
[10.286944]
[21.27363]
[22.726244]
[24.580662]
[25.236206]
[23.920761]
[13.59633]
[9.032727]
[8.407729]
[7.2452993]
[6.9329257]
[7.1110225]
[7.2730527]
[7.3360333]
[7.128454]
[6.939366]
[6.951094]
[6.9168744]
[6.925384]
[6.7951336]
[6.722912]
[6.660456]
[6.670302]
[6.5740347]
[6.5732093]
[6.512123]
[6.4489965]
[6.4489965]
[6.4489965]
[6.4489965]
[6.3344297]
[8.294215]
[13.252405]
[13.3835945]
[15.040387]
[10.755546]
[11.057742]
[11.994677]
[16.33466]
[15.120988]
[13.094482]
[10.102155]
[7.0123096]
[9.573649]
[10.254148]
[9.093231]
[9.265448]
[9.746673]
[11.192839]
[11.529802]
[10.295578]
[11.17953]
[18.424372]
[13.223577]
[11.752071]
[8.358519]
[11.314255]
[12.055486]
[11.676479]
[6.643604]
[5.5998635]
[5.632591]
[6.377594]
[9.430362]
[9.674075]
[9.708087]
[7.185141]
[5.688856]
[5.5311675]
[5.556543]
[5.5643196]
[5.488702]
[6.824456]
[5.8089285]
[5.456168]
[5.5306745]
[5.479641]
[5.462484]
[5.289258]
[5.58304]
[5.9157844]
[5.7516317]
[5.7045054]
[5.5777445]
[5.488858]
[5.4976726]
[5.5696225]
[5.671766]
[5.6858087]
[5.533839]
[5.624805]
[5.535204]
[5.4678707]
[5.505957]
[5.5008025]
[5.5428824]
[7.530796]
[8.001985]
[12.534291]
[9.1615505]
[8.106785]
[9.338692]
[9.12959]
[8.246376]
[11.178144]
[10.773863]
[8.960606]
[10.497476]
[11.09486]
[9.132473]
[8.702515]
[11.120033]
[11.991112]
[11.942609]
[11.895171]
[16.84607]
[11.786917]
[9.211361]
[12.624912]
[16.735096]
[20.983646]
[15.255792]
[12.250007]
[11.390213]
[10.058693]
[10.059419]
[11.034618]
[11.188401]
[12.064855]
[12.22661]
[11.403238]
[11.307792]
[12.210135]
[11.894252]
[11.623336]
[12.404324]
[12.60843]
[11.550473]
[10.831841]
[11.804107]
[12.18591]
[12.174315]
[12.220941]
[11.757546]
[11.083332]
[10.692841]
[10.815757]
[12.084397]
[12.209065]
[10.533305]
[11.6925535]
[11.552378]
[11.442335]
[12.116359]
[12.223841]
[11.4238405]
[13.21802]
[12.899649]
[12.871927]
[12.804174]
[12.728171]
[12.7027]
[12.589527]
[12.7465725]
[12.654958]
[14.608984]
[17.996132]
[16.978714]
[13.200614]
[12.374748]
[12.67413]
[12.787388]
[13.073968]
[12.658755]
[12.589588]
[12.660574]
[12.721935]
[12.895992]
[12.88572]
[12.921404]
[12.689186]
[12.48795]
[12.428064]
[12.455821]
[12.501657]
[12.6828165]
[12.652023]
[12.638241]
[12.544006]
[12.45974]
[12.467997]
[12.611783]
[12.528586]
[12.398272]
[12.349095]
[12.357493]
[12.474745]
[12.366077]
[12.406419]
[12.487693]
[12.502672]
[12.428243]
[12.227563]
[12.311517]
[12.207041]
[12.156507]
[12.347449]
[12.471671]
[12.394776]
[12.327404]
[12.292505]
[12.321833]
[12.40512]
[12.4837055]
[12.385995]
[12.299102]
[12.280501]
[12.346886]
[12.607013]
[12.517779]
[11.042608]
[37.46711]
[55.506645]
[33.77837]
[9.608171]
[8.856107]
[10.604834]
[12.026877]
[12.876786]
[13.228107]
[13.225927]
[13.319634]
[13.236885]
[13.224374]
[12.997535]
[12.976285]
[13.040242]
[12.932085]
[13.44776]
[12.894825]
[12.729853]
[12.641759]
[12.633238]
[12.045701]
[12.680959]
[11.285245]
[10.763357]
[10.55361]
[10.84266]
[11.011769]
[11.914404]
[11.198534]
[10.728355]
[10.520382]
[10.438084]
[10.281165]
[10.297269]
[10.457164]
[10.346148]
[10.515984]
[10.467404]
[10.518308]
[10.554542]
[10.584267]
[10.46757]
[10.271911]
[10.32365]
[11.024039]
[11.460219]
[11.469687]
[11.142759]
[10.705203]
[10.979492]
[11.07949]
[11.078117]
[10.311871]
[9.157003]
[9.435656]
[9.497709]
[9.336995]
[9.507911]
[9.420438]
[9.508999]
[9.413558]
[9.51366]
[9.413924]
[9.3425]
[9.48198]
[9.31112]
[9.451059]
[9.358297]
[9.395648]
[9.390003]
[9.415611]
[9.364362]
[9.35901]
[9.294309]
[9.304006]
[9.235296]
[9.210644]
[9.216679]
[9.290455]
[9.227378]
[9.129324]
[9.244451]
[9.120474]
[8.805787]
[8.753903]
[8.680126]
[8.46415]
[8.263823]
[8.346538]
[8.497408]
[8.505251]
[8.464365]
[8.186891]
[8.077823]
[7.694206]
[8.685368]
[9.242403]
[9.090952]
[8.944749]
[8.772391]
[8.669738]
[8.614558]
[8.483042]
[8.600481]
[8.524235]
[8.436654]
[8.524885]
[8.359787]
[8.162379]
[8.373425]
[8.698203]
[8.466458]
[8.663624]
[8.746178]
[8.326429]
[8.07912]
[7.9176474]
[7.902563]
[7.7816577]
[7.8142247]
[7.914922]
[7.8939166]
[7.7507315]
[7.812868]
[7.796741]
[7.7551036]
[7.7635746]
[7.807017]
[7.7080684]
[7.754373]
[7.7540445]
[7.7536497]
[7.7019305]
[7.597848]
[7.775156]
[7.7109704]
[7.5903754]
[7.656228]
[7.746848]
[7.649949]
[7.6750917]
[7.618951]
[7.7293525]
[7.822601]
[6.610484]
[6.3786883]
[6.273509]
[5.7498093]
[5.718397]
[5.610597]
[5.6769342]
[5.6665335]
[5.567702]
[5.6714563]
[5.67009]
[5.624357]
[5.607657]
[5.61262]
[5.6745024]
[5.625836]
[5.5339184]
[5.6983027]
[5.607354]
[5.5145445]
[5.6601176]
[5.6557117]
[5.617494]
[5.6141825]
[5.626079]
[5.625958]
[5.624486]
[5.6220527]
[5.6309195]
[5.694922]
[5.5964713]
[5.670579]
[5.965077]
[5.950127]
[9.217682]
[6.46011]
[7.331556]
[7.6154222]
[6.0989037]
[5.7992306]
[5.7781706]
[5.724281]
[6.006873]
[5.733174]
[5.972901]
[5.720431]
[5.946692]
[5.6978073]
[7.71076]
[6.3348455]
[5.905502]
[5.8870068]
[5.8691554]
[5.8513455]
[5.8334513]
[5.56381]
[5.7742553]
[5.4846406]
[7.6124067]
[5.9484787]
[5.5125318]
[5.710117]
[5.5073795]
[5.483562]
[5.666357]
[5.480769]
[5.6334963]
[5.622548]
[5.4558086]
[5.5919113]
[5.4508834]
[5.4081116]
[5.4033685]
[5.534347]
[5.4024534]
[5.5068154]
[5.379373]
[5.3806396]
[5.3828816]
[5.455642]
[5.309064]
[5.348478]
[5.423183]
[5.314879]
[5.320945]
[5.376481]
[5.289381]
[5.381221]
[5.3305783]
[5.235567]
[8.170386]
[8.264145]
[8.598596]
[8.237217]
[8.539291]
[8.609145]
[8.545733]
[8.494931]
[9.027911]
[8.536399]
[8.939899]
[8.449827]
[8.851464]
[8.362969]
[8.764171]
[8.8432865]
[8.1737175]
[8.070817]
[8.067821]
[8.101808]
[8.159525]
[8.174235]
[8.129732]
[8.468441]
[8.246294]
[8.724665]
[8.498471]
[8.249235]
[8.919035]
[8.9795065]
[8.965429]
[10.568316]
[10.861007]
[10.809731]
[11.302819]
[10.817382]
[11.1939335]
[11.794098]
[11.84181]
[14.856455]
[16.412252]
[14.634779]
[11.546082]
[11.35932]
[11.4075775]
[11.86986]
[15.126395]
[12.298468]
[11.753857]
[11.687574]
[12.1341505]
[11.14817]
[10.877207]
[10.920321]
[11.013509]
[10.943835]
[11.116548]
[11.184843]
[11.153876]
[11.444821]
[11.530141]
[12.911344]
[13.673827]
[14.033807]
[14.37281]
[13.917806]
[13.409213]
[12.659849]
[12.31351]
[12.309716]
[12.764025]
[32.73215]
[23.608017]
[15.66752]
[13.617958]
[11.438532]
[13.79615]
[14.592152]
[14.688664]
[14.6649885]
[14.76947]
[14.721252]
[14.573741]
[14.59966]
[14.491942]
[13.9615755]
[13.4039755]
[14.029387]
[13.730092]
[14.171144]
[13.536049]
[13.250978]
[12.552201]
[11.2300625]
[10.981445]
[8.426765]
[10.319691]
[13.147276]
[13.831938]
[13.644659]
[13.120764]
[12.77888]
[13.546112]
[12.902312]
[13.949776]
[14.167389]
[14.202817]
[14.509013]
[14.753693]
[14.348]
[14.7102375]
[14.72894]
[14.611768]
[14.535025]
[14.742137]
[14.570995]
[14.556883]
[14.980794]
[14.58241]
[14.523858]
[14.433841]
[14.433576]
[14.186333]
[14.603006]
[14.703382]
[14.923798]
[15.57206]
[14.808462]
[14.693822]
[14.654563]
[14.613844]
[14.951359]
[14.743664]
[15.206969]
[18.838081]
[18.294563]
[14.845979]
[21.84686]
[21.231739]
[18.811316]
[19.086363]
[17.911478]
[4.693634]
[13.655031]
[16.292498]
[16.103115]
[19.304874]
[36.905148]
[41.675697]
[44.580364]
[50.04717]
[42.935524]
[34.54257]
[52.805576]
[63.63487]
[62.9451]
[63.148876]
[52.90207]
[69.44517]
[81.63684]
[89.92168]
[119.18608]
[108.636505]
[109.65133]
[97.95422]
[98.76704]
[95.79784]
[96.77662]
[93.17649]
[90.61505]
[87.62111]
[85.46883]
[69.46426]
[69.147316]
[86.317825]
[86.47304]
[86.17567]
[87.19425]
[79.75338]
[78.868805]
[106.77541]
[117.804855]
[130.24036]
[127.9564]
[125.47635]
[126.04872]
[127.21315]
[124.88931]
[100.05968]
[97.779434]
[94.80164]
[93.45845]
[91.517075]
[61.897366]
[50.197315]
[60.21587]
[56.310013]
[53.25353]
[42.17792]
[23.543192]
[19.666819]
[20.440493]
[32.44282]
[47.842358]
[43.456177]
[44.571228]
[36.808372]
[20.949697]
[16.21337]
[28.81209]
[20.266794]
[17.281788]
[16.707844]
[14.726339]
[14.1874]
[14.262272]
[16.397354]
[16.554363]
[15.635938]
[14.643763]
[15.402689]
[13.768822]
[13.243432]
[14.369782]
[14.370148]
[13.8270645]
[14.213434]
[14.329803]
[14.596997]
[14.863452]
[16.768549]
[17.504856]
[14.423876]
[13.791112]
[14.283294]
[14.701361]
[14.817779]
[14.241522]
[14.246655]
[14.223567]
[13.603296]
[13.950782]
[12.636167]
[11.587759]
[12.480859]
[13.377179]
[15.4886055]
[15.95341]
[18.577738]
[15.034311]
[14.306946]
[14.871516]
[13.609895]
[12.059552]
[13.281678]
[20.062885]
[13.270265]
[10.955347]
[12.170866]
[12.36985]
[15.931061]
[15.890602]
[14.393536]
[11.985151]
[12.328162]
[25.354086]
[31.272873]
[29.668177]
[28.933424]
[22.632006]
[13.538666]
[10.674078]
[11.270701]
[9.165841]
[8.564914]
[8.182622]
[7.947528]
[7.478678]
[7.438588]
[7.4123297]
[7.6973248]
[7.4181705]
[7.4295177]
[7.3049374]
[7.2646203]
[7.2088604][10.25]
[9.45]
[13.02]
[10.69]
[5.31]
[5.25]
[5.26]
[5.31]
[5.31]
[5.3]
[5.29]
[5.3]
[9.25]
[9.31]
[9.28]
[9.29]
[9.27]
[9.26]
[9.25]
[9.26]
[9.26]
[9.27]
[9.25]
[9.25]
[9.32]
[9.28]
[9.26]
[9.22]
[9.21]
[9.23]
[9.23]
[9.06]
[9.24]
[9.25]
[9.24]
[9.29]
[9.55]
[9.28]
[9.27]
[9.27]
[9.25]
[9.24]
[9.28]
[12.21]
[12.29]
[12.32]
[12.27]
[12.3]
[12.29]
[12.25]
[12.25]
[12.25]
[12.29]
[12.3]
[12.3]
[12.31]
[12.36]
[12.34]
[12.35]
[12.36]
[12.37]
[12.39]
[12.39]
[12.4]
[12.36]
[12.39]
[12.4]
[12.41]
[12.52]
[12.25]
[12.25]
[12.03]
[12.31]
[26.75]
[15.2]
[15.05]
[15.12]
[15.03]
[15.09]
[15.17]
[15.22]
[15.41]
[15.4]
[15.43]
[15.24]
[15.14]
[15.08]
[15.29]
[15.3]
[15.23]
[15.22]
[15.17]
[15.21]
[15.24]
[15.21]
[15.26]
[15.09]
[15.03]
[14.94]
[15.09]
[15.28]
[15.3]
[15.52]
[15.38]
[15.46]
[15.26]
[15.55]
[15.54]
[15.27]
[22.36]
[17.87]
[15.85]
[42.75]
[82.22]
[94.05]
[93.25]
[90.97]
[55.68]
[49.63]
[58.09]
[56.67]
[54.59]
[53.59]
[58.05]
[53.08]
[41.74]
[57.88]
[58.89]
[56.17]
[56.45]
[59.98]
[24.57]
[23.68]
[48.95]
[58.59]
[52.66]
[61.65]
[55.39]
[15.63]
[15.57]
[49.45]
[48.02]
[57.5]
[95.04]
[91.35]
[127.12]
[159.08]
[215.85]
[192.9]
[144.63]
[136.75]
[131.02]
[99.64]
[86.83]
[129.19]
[131.03]
[129.73]
[130.49]
[130.52]
[92.3]
[87.76]
[90.33]
[91.84]
[90.24]
[92.4]
[96.82]
[52.74]
[45.22]
[55.96]
[60.38]
[51.61]
[55.5]
[62.81]
[54.04]
[56.12]
[53.08]
[60.33]
[38.11]
[64.66]
[62.07]
[50.21]
[45.53]
[67.12]
[58.52]
[53.52]
[50.52]
[53.77]
[41.06]
[38.17]
[35.45]
[50.08]
[57.71]
[43.73]
[61.41]
[54.5]
[42.43]
[96.98]
[93.31]
[95.73]
[93.08]
[91.61]
[94.94]
[85.74]
[88.4]
[98.74]
[90.94]
[95.37]
[98.5]
[45.13]
[47.61]
[67.66]
[39.1]
[71.69]
[37.29]
[69.59]
[19.53]
[12.7]
[49.99]
[27.12]
[31.05]
[19.21]
[28.46]
[14.31]
[9.94]
[17.83]
[28.86]
[44.83]
[46.46]
[52.06]
[24.01]
[9.42]
[50.97]
[57.23]
[44.2]
[37.8]
[12.15]
[9.41]
[10.47]
[20.43]
[33.31]
[48.25]
[44.01]
[55.45]
[12.7]
[10.36]
[51.64]
[50.92]
[50.38]
[49.93]
[49.1]
[13.79]
[10.13]
[29.22]
[34.2]
[23.2]
[39.35]
[38.77]
[14.08]
[10.2]
[32.49]
[35.58]
[33.86]
[32.24]
[29.9]
[23.23]
[16.87]
[24.9]
[28.37]
[17.49]
[16.74]
[47.53]
[16.06]
[15.03]
[32.65]
[36.66]
[33.79]
[32.62]
[31.6]
[12.79]
[8.68]
[29.3]
[28.48]
[33.01]
[32.79]
[29.71]
[12.11]
[7.79]
[7.39]
[5.3]
[5.33]
[5.36]
[5.41]
[5.44]
[5.46]
[5.48]
[5.51]
[5.52]
[5.54]
[5.55]
[5.56]
[5.57]
[5.58]
[5.41]
[5.59]
[5.59]
[5.59]
[5.59]
[5.59]
[5.59]
[5.52]
[9.82]
[15.53]
[16.95]
[20.82]
[11.7]
[14.18]
[15.4]
[23.39]
[19.41]
[16.47]
[11.42]
[6.71]
[12.54]
[12.67]
[10.63]
[11.37]
[12.05]
[14.44]
[14.47]
[12.32]
[14.46]
[13.82]
[14.57]
[14.58]
[8.47]
[14.78]
[14.81]
[14.47]
[5.31]
[5.31]
[5.29]
[6.65]
[12.03]
[10.97]
[11.68]
[7.09]
[5.32]
[5.32]
[5.33]
[5.32]
[5.32]
[7.66]
[5.32]
[5.32]
[5.32]
[5.29]
[5.21]
[5.09]
[5.1]
[5.1]
[5.1]
[5.11]
[5.11]
[5.1]
[5.12]
[5.22]
[5.48]
[5.49]
[5.27]
[5.12]
[5.13]
[5.12]
[5.12]
[5.11]
[5.16]
[8.76]
[8.76]
[8.94]
[8.95]
[8.95]
[10.8]
[10.34]
[8.93]
[12.82]
[12.41]
[9.78]
[12.71]
[13.05]
[9.78]
[9.61]
[13.47]
[13.71]
[13.82]
[13.8]
[20.11]
[12.1]
[10.21]
[15.44]
[19.36]
[24.22]
[16.35]
[13.82]
[12.91]
[11.05]
[11.21]
[12.63]
[12.73]
[13.93]
[14.]
[12.75]
[12.72]
[14.06]
[13.64]
[13.18]
[14.13]
[14.47]
[12.97]
[12.08]
[13.53]
[13.92]
[14.]
[14.03]
[13.47]
[12.53]
[12.61]
[12.89]
[13.87]
[13.64]
[12.29]
[13.75]
[12.77]
[12.77]
[13.97]
[13.97]
[12.95]
[15.58]
[14.78]
[14.97]
[14.82]
[14.67]
[14.69]
[14.7]
[14.81]
[14.7]
[17.5]
[18.04]
[19.37]
[14.58]
[14.62]
[14.69]
[14.75]
[14.6]
[14.39]
[14.42]
[14.49]
[14.55]
[14.59]
[14.62]
[14.6]
[14.31]
[14.23]
[14.12]
[14.15]
[14.3]
[14.52]
[14.49]
[14.43]
[14.23]
[14.17]
[14.28]
[14.37]
[14.29]
[14.2]
[14.09]
[14.11]
[14.23]
[14.04]
[14.13]
[14.15]
[14.07]
[14.02]
[13.88]
[13.88]
[13.78]
[13.82]
[13.92]
[14.08]
[13.97]
[13.86]
[13.82]
[13.83]
[13.99]
[14.01]
[13.84]
[13.78]
[13.71]
[13.96]
[14.1]
[13.99]
[13.72]
[16.98]
[13.92]
[13.67]
[13.53]
[13.42]
[13.41]
[13.36]
[14.17]
[14.52]
[14.48]
[14.44]
[14.41]
[14.38]
[14.37]
[14.35]
[14.34]
[14.31]
[15.25]
[14.32]
[14.31]
[14.29]
[14.29]
[14.58]
[14.56]
[12.15]
[11.95]
[11.88]
[11.87]
[11.82]
[13.39]
[11.95]
[11.94]
[11.89]
[11.86]
[11.86]
[11.84]
[11.83]
[11.81]
[11.86]
[11.86]
[11.8]
[11.8]
[11.79]
[11.78]
[11.77]
[11.96]
[11.94]
[11.9]
[11.85]
[11.35]
[11.83]
[11.8]
[12.]
[12.06]
[12.03]
[9.66]
[9.6]
[9.59]
[9.63]
[9.74]
[9.73]
[9.68]
[9.68]
[9.7]
[9.68]
[9.68]
[9.67]
[9.67]
[9.73]
[9.77]
[9.75]
[9.77]
[9.77]
[9.77]
[9.74]
[9.74]
[9.73]
[9.72]
[9.75]
[9.75]
[9.79]
[9.77]
[9.77]
[9.78]
[9.77]
[9.09]
[9.09]
[8.91]
[8.69]
[8.69]
[8.66]
[8.69]
[8.7]
[8.7]
[8.66]
[8.67]
[8.77]
[8.78]
[8.78]
[8.77]
[8.78]
[8.77]
[8.74]
[8.74]
[8.77]
[8.77]
[8.77]
[8.76]
[8.77]
[8.76]
[8.77]
[8.77]
[8.76]
[8.76]
[8.77]
[8.71]
[8.26]
[8.23]
[8.06]
[8.02]
[8.01]
[8.04]
[8.06]
[8.04]
[8.05]
[8.06]
[8.05]
[8.05]
[8.07]
[8.07]
[8.06]
[8.04]
[8.08]
[8.07]
[8.07]
[8.03]
[8.1]
[8.09]
[8.1]
[8.11]
[8.1]
[8.11]
[8.12]
[8.11]
[8.11]
[8.13]
[6.13]
[6.11]
[5.91]
[5.29]
[5.35]
[5.29]
[5.31]
[5.3]
[5.3]
[5.3]
[5.31]
[5.3]
[5.27]
[5.29]
[5.29]
[5.29]
[5.3]
[5.3]
[5.34]
[5.31]
[5.31]
[5.32]
[5.32]
[5.31]
[5.33]
[5.32]
[5.32]
[5.31]
[5.33]
[5.32]
[5.34]
[5.34]
[5.89]
[5.74]
[5.51]
[5.5]
[7.49]
[7.16]
[5.55]
[5.56]
[5.48]
[5.43]
[5.41]
[5.42]
[5.48]
[5.44]
[5.44]
[5.44]
[7.99]
[5.37]
[5.4]
[5.41]
[5.38]
[5.38]
[5.39]
[5.38]
[5.38]
[5.43]
[5.4]
[5.41]
[5.42]
[5.41]
[5.41]
[5.41]
[5.41]
[5.42]
[5.44]
[5.44]
[5.45]
[5.47]
[5.47]
[5.4]
[5.42]
[5.44]
[5.46]
[5.47]
[5.46]
[5.46]
[5.47]
[5.47]
[5.42]
[5.48]
[5.49]
[5.48]
[5.46]
[5.46]
[5.5]
[5.51]
[5.48]
[5.46]
[9.04]
[9.13]
[9.13]
[9.16]
[9.17]
[9.17]
[9.19]
[9.21]
[9.24]
[9.24]
[9.22]
[9.2]
[9.27]
[9.28]
[9.28]
[9.29]
[9.32]
[9.33]
[9.33]
[9.34]
[9.36]
[9.37]
[9.38]
[9.41]
[9.41]
[9.41]
[9.41]
[9.42]
[9.83]
[9.49]
[9.52]
[12.18]
[12.29]
[12.29]
[12.33]
[12.37]
[12.42]
[12.45]
[12.39]
[15.27]
[16.55]
[14.11]
[12.06]
[12.15]
[12.22]
[12.2]
[14.89]
[12.24]
[12.29]
[12.3]
[12.82]
[12.19]
[12.16]
[12.29]
[12.32]
[12.3]
[12.41]
[12.47]
[12.46]
[12.66]
[12.65]
[14.68]
[15.59]
[15.66]
[15.62]
[15.61]
[15.62]
[15.55]
[15.55]
[15.53]
[15.48]
[15.58]
[15.63]
[15.67]
[15.73]
[15.76]
[15.69]
[15.74]
[15.74]
[15.7]
[15.75]
[15.81]
[15.74]
[15.69]
[15.67]
[15.67]
[15.69]
[15.71]
[15.78]
[15.82]
[15.85]
[15.84]
[15.82]
[15.81]
[15.68]
[15.65]
[15.45]
[15.76]
[15.72]
[15.72]
[15.72]
[15.86]
[15.62]
[15.55]
[15.84]
[15.47]
[15.85]
[15.91]
[15.89]
[15.6]
[15.96]
[15.99]
[15.84]
[15.77]
[15.99]
[15.57]
[15.56]
[15.78]
[15.69]
[15.67]
[15.63]
[15.75]
[15.5]
[15.92]
[15.96]
[15.99]
[16.2]
[15.99]
[15.99]
[15.96]
[15.93]
[15.94]
[15.96]
[15.89]
[15.75]
[15.57]
[14.85]
[16.98]
[17.18]
[17.15]
[16.64]
[16.94]
[16.89]
[16.85]
[16.85]
[16.82]
[22.09]
[48.14]
[54.09]
[52.25]
[50.82]
[26.21]
[24.32]
[46.38]
[54.6]
[55.32]
[58.59]
[42.22]
[59.61]
[52.27]
[91.07]
[134.99]
[99.13]
[93.08]
[89.49]
[90.15]
[90.7]
[92.91]
[90.54]
[92.41]
[91.17]
[89.85]
[54.37]
[55.31]
[91.98]
[89.63]
[92.51]
[92.65]
[53.92]
[58.15]
[118.86]
[121.02]
[128.01]
[129.11]
[130.04]
[130.07]
[129.96]
[130.52]
[93.73]
[94.19]
[93.43]
[94.32]
[94.03]
[49.04]
[42.92]
[63.69]
[56.03]
[54.7]
[38.34]
[11.79]
[11.72]
[12.96]
[33.11]
[57.23]
[47.44]
[52.93]
[38.46]
[13.38]
[10.84]
[32.12]
[12.86]
[13.04]
[11.96]
[9.06]
[9.09]
[9.87]
[13.99]
[13.87]
[12.77]
[11.54]
[13.62]
[10.08]
[9.89]
[11.66]
[11.41]
[10.97]
[12.27]
[12.58]
[13.52]
[14.11]
[18.19]
[19.12]
[13.6]
[13.55]
[13.48]
[13.43]
[13.64]
[13.07]
[13.76]
[13.75]
[12.85]
[13.71]
[11.22]
[9.92]
[11.7]
[12.05]
[15.5]
[15.5]
[20.41]
[11.86]
[11.21]
[12.16]
[10.03]
[8.58]
[11.93]
[24.96]
[9.81]
[9.12]
[11.89]
[11.97]
[19.72]
[18.14]
[16.04]
[11.71]
[13.74]
[39.18]
[46.43]
[42.22]
[40.7]
[29.17]
[11.6]
[7.7]
[7.77]
[5.18]
[5.21]
[5.24]
[5.27]
[5.28]
[5.29]
[5.31]
[5.33]
[5.34]
[5.35]
[5.36]
[5.37]
[5.38]
[5.39]