0.8884196858312937, 0.898525488195493, 8.144646448712201, 203.33687119534133[9.353657]
[7.166816]
[6.0016303]
[7.5873976]
[6.9531]
[4.006645]
[3.247703]
[3.285638]
[3.2321417]
[3.2472417]
[3.2067943]
[3.1618898]
[3.2103696]
[5.1066]
[5.751522]
[5.733852]
[5.9296904]
[6.8908453]
[8.51426]
[8.756261]
[7.211193]
[6.6294727]
[6.4167275]
[6.342314]
[6.2501984]
[6.284772]
[6.287108]
[6.22479]
[6.1073713]
[6.0430293]
[6.0185065]
[6.20869]
[6.2639585]
[6.2169724]
[6.212094]
[6.256097]
[6.1676292]
[6.4788394]
[9.849636]
[7.5897784]
[7.058858]
[7.5904956]
[7.6432986]
[7.2739367]
[8.529963]
[8.865667]
[8.84133]
[8.861191]
[9.01388]
[9.5369625]
[9.601655]
[9.271801]
[8.996364]
[8.987027]
[8.8347]
[8.813002]
[8.82712]
[8.828279]
[8.747208]
[8.744802]
[8.769148]
[8.746204]
[8.723281]
[8.816429]
[8.885321]
[9.133904]
[9.620732]
[9.588309]
[9.299255]
[9.420302]
[11.645314]
[7.3612247]
[8.120891]
[8.907002]
[34.753323]
[17.03805]
[10.8131485]
[10.798021]
[10.770885]
[10.851341]
[11.02677]
[11.067454]
[11.095674]
[11.21745]
[11.262545]
[11.156404]
[11.252345]
[11.396305]
[11.53319]
[11.493575]
[11.604223]
[11.738375]
[12.095025]
[11.893719]
[11.7114525]
[11.8213625]
[11.816582]
[11.639384]
[11.549052]
[11.422604]
[11.903685]
[12.349517]
[12.276708]
[12.663458]
[12.844804]
[12.899323]
[16.600172]
[18.318274]
[17.60347]
[27.54733]
[48.100903]
[21.132832]
[72.15647]
[62.50024]
[77.72359]
[92.044395]
[131.41162]
[83.16906]
[71.64626]
[58.043995]
[59.328205]
[58.604317]
[53.813057]
[50.05825]
[50.693718]
[48.102943]
[39.777454]
[46.372154]
[49.913975]
[47.711025]
[47.442]
[51.500526]
[30.872818]
[24.652521]
[40.32401]
[46.857464]
[43.50444]
[46.923107]
[43.206024]
[22.025726]
[21.07659]
[43.07612]
[46.658215]
[73.31424]
[95.8721]
[137.78249]
[146.52652]
[165.26332]
[195.98947]
[177.91447]
[145.8309]
[139.08714]
[124.871994]
[102.91971]
[86.47469]
[106.71089]
[113.88436]
[114.99227]
[118.77352]
[127.13628]
[106.55434]
[95.56348]
[92.93829]
[90.4179]
[87.571]
[86.962585]
[90.56495]
[72.00527]
[63.25806]
[71.3708]
[71.593315]
[67.754074]
[66.58291]
[67.851654]
[59.67416]
[56.77337]
[52.9939]
[54.979416]
[41.990414]
[52.34989]
[53.9795]
[47.810482]
[44.740643]
[55.15684]
[50.550682]
[45.300915]
[41.942413]
[43.113194]
[39.345417]
[40.490444]
[43.44255]
[59.702076]
[65.16565]
[56.8841]
[63.3184]
[56.919765]
[54.302082]
[90.297424]
[92.647385]
[88.80915]
[82.70927]
[78.61329]
[79.385735]
[76.57323]
[82.23372]
[89.93824]
[87.4826]
[95.80651]
[98.04148]
[72.27514]
[65.82209]
[73.98029]
[56.95079]
[68.443886]
[51.05251]
[61.79446]
[35.840374]
[22.30041]
[43.829807]
[34.123463]
[31.712767]
[24.089737]
[26.922686]
[19.375711]
[13.794015]
[17.163454]
[24.14642]
[33.685535]
[35.64393]
[39.21278]
[27.891273]
[16.40349]
[38.783623]
[46.34435]
[39.409996]
[35.711277]
[21.401215]
[16.41705]
[16.747463]
[20.776646]
[28.000376]
[36.44099]
[35.256416]
[40.126602]
[19.19058]
[12.582084]
[35.395103]
[37.63082]
[37.335583]
[37.57557]
[35.606293]
[19.211481]
[14.309533]
[24.686775]
[29.074007]
[22.42651]
[28.606617]
[29.421656]
[15.791219]
[9.89695]
[21.127773]
[26.0701]
[25.1584]
[23.432896]
[21.703762]
[17.350636]
[13.143139]
[16.860764]
[20.223852]
[15.62304]
[15.707005]
[35.289593]
[20.169027]
[13.019653]
[21.983467]
[26.279142]
[25.062721]
[23.612755]
[22.308949]
[11.871392]
[7.2975035]
[17.079655]
[19.12935]
[21.532108]
[22.848404]
[21.041779]
[11.0312195]
[6.3205776]
[5.5174956]
[4.409366]
[4.066006]
[4.2286425]
[4.532145]
[4.2824388]
[4.0576744]
[3.9759905]
[3.9600742]
[3.9994915]
[3.895643]
[3.8116322]
[3.7028112]
[3.7064927]
[3.7114303]
[3.6194754]
[3.586305]
[3.511379]
[3.5096073]
[3.5096073]
[3.5096073]
[3.5096073]
[3.3867297]
[5.0169954]
[9.585669]
[10.2096195]
[11.836406]
[8.116687]
[8.102221]
[8.896133]
[13.006716]
[12.330869]
[10.405988]
[7.501963]
[4.548594]
[6.6353736]
[7.3784785]
[6.442455]
[6.521099]
[7.004333]
[8.400795]
[8.742368]
[7.607874]
[8.381936]
[15.312393]
[11.014668]
[9.075855]
[6.0203347]
[8.447254]
[9.28947]
[9.130868]
[4.610011]
[3.3393831]
[3.3332708]
[3.907912]
[6.6255774]
[7.097579]
[7.1264853]
[4.943909]
[3.489478]
[3.2702315]
[3.28074]
[3.2458737]
[3.2019403]
[4.400981]
[3.531566]
[3.2191582]
[3.2708364]
[3.2136383]
[3.2107189]
[3.2846034]
[3.8193264]
[3.7071111]
[3.5309045]
[3.454172]
[3.2888536]
[3.2782989]
[3.2882419]
[3.3124506]
[3.3957741]
[3.457566]
[3.4489799]
[3.4732122]
[3.243585]
[3.3128226]
[3.3145254]
[3.3115098]
[3.3052292]
[5.0592837]
[5.6111274]
[9.790859]
[7.0412345]
[5.770869]
[6.8234725]
[6.728873]
[5.9998574]
[8.480189]
[8.36496]
[6.785506]
[8.025825]
[8.656863]
[7.049243]
[6.609505]
[8.827474]
[9.621909]
[9.528706]
[9.451012]
[14.041455]
[9.899008]
[7.3439636]
[10.232781]
[13.986951]
[18.49815]
[13.40214]
[10.062597]
[9.168927]
[7.968068]
[7.8498387]
[8.67649]
[8.986669]
[9.790994]
[10.051587]
[9.372436]
[9.267339]
[10.085452]
[9.973731]
[9.835592]
[10.505462]
[10.750304]
[9.835557]
[9.162305]
[10.017393]
[10.43198]
[10.444674]
[10.494846]
[10.131417]
[9.530665]
[9.352813]
[9.729947]
[11.190986]
[11.137227]
[9.650003]
[10.448125]
[10.881069]
[10.424581]
[10.851804]
[10.946806]
[10.199658]
[11.784212]
[11.673822]
[11.602898]
[11.588785]
[11.511262]
[11.481196]
[11.4287195]
[11.594955]
[11.565192]
[13.452101]
[17.061369]
[16.42371]
[12.674856]
[11.509878]
[11.757128]
[11.603312]
[11.940005]
[11.888513]
[11.773552]
[11.811491]
[11.784672]
[11.924059]
[11.971294]
[11.97809]
[11.818796]
[11.7143955]
[11.466795]
[11.510909]
[11.563887]
[11.736178]
[11.7291975]
[11.719655]
[11.65124]
[11.6175785]
[11.631513]
[11.766657]
[11.738451]
[11.617217]
[11.565149]
[11.588066]
[11.719945]
[11.667004]
[11.717035]
[11.818703]
[11.885659]
[11.902108]
[11.708622]
[11.774739]
[11.739173]
[11.663181]
[11.84927]
[12.037101]
[11.999459]
[11.944138]
[11.933614]
[11.994594]
[12.094597]
[12.237202]
[12.194332]
[12.158252]
[12.210534]
[12.358489]
[12.688089]
[12.912624]
[14.394108]
[9.288894]
[9.643696]
[34.66979]
[8.763895]
[10.224382]
[11.91448]
[12.019486]
[12.230435]
[12.1220665]
[11.742334]
[11.746284]
[11.819975]
[12.061662]
[11.919894]
[11.710507]
[11.811848]
[11.961657]
[12.504669]
[11.939484]
[11.762198]
[11.696487]
[11.774077]
[11.2253475]
[11.473601]
[10.066852]
[9.687934]
[9.287019]
[9.470952]
[9.8080435]
[10.869083]
[10.369632]
[10.122631]
[9.933582]
[9.896541]
[9.801684]
[9.574213]
[9.834091]
[9.802052]
[9.800811]
[9.673867]
[9.638522]
[9.588596]
[9.52771]
[9.410807]
[9.364466]
[9.460406]
[10.442714]
[11.00587]
[11.2841835]
[11.316406]
[10.577105]
[10.645305]
[10.453766]
[10.402632]
[10.2004595]
[9.12514]
[9.194244]
[8.725238]
[8.495744]
[8.495666]
[8.350811]
[8.302225]
[8.127406]
[8.106897]
[7.9381957]
[7.904951]
[7.8875012]
[7.727253]
[7.794704]
[7.695173]
[7.7362623]
[7.672176]
[7.650544]
[7.57058]
[7.518643]
[7.425287]
[7.393418]
[7.3004103]
[7.30552]
[7.3152256]
[7.320075]
[7.237051]
[7.237092]
[7.3087716]
[7.272173]
[7.021285]
[6.874947]
[6.7478285]
[6.4963126]
[6.453663]
[6.59028]
[6.6134806]
[6.53121]
[6.4294925]
[6.3597217]
[6.6154275]
[7.0963783]
[8.197726]
[7.876571]
[7.489967]
[7.1592183]
[6.927952]
[6.7780457]
[6.6527905]
[6.593039]
[6.6314435]
[6.476124]
[6.450323]
[6.4081073]
[6.266532]
[6.4098463]
[6.7715273]
[6.86348]
[6.7530174]
[6.95702]
[6.750081]
[6.2580643]
[6.027103]
[5.9085445]
[5.822907]
[5.747751]
[5.8366647]
[5.845415]
[5.7412148]
[5.673537]
[5.730011]
[5.663512]
[5.6575003]
[5.668971]
[5.653941]
[5.6002636]
[5.640807]
[5.590506]
[5.5683565]
[5.501907]
[5.497985]
[5.571561]
[5.449045]
[5.460744]
[5.547812]
[5.546528]
[5.499118]
[5.5791235]
[5.617398]
[5.7655153]
[5.797512]
[4.712776]
[4.370651]
[4.1870975]
[3.741645]
[3.6854553]
[3.611104]
[3.666847]
[3.6114657]
[3.6060748]
[3.6688573]
[3.6200712]
[3.6116195]
[3.5964358]
[3.6026566]
[3.6100388]
[3.5495617]
[3.552325]
[3.6169744]
[3.5250432]
[3.576873]
[3.643389]
[3.5939314]
[3.5930834]
[3.5922782]
[3.6059165]
[3.609572]
[3.6094723]
[3.6098375]
[3.6207688]
[3.6285207]
[3.5787194]
[3.6434863]
[3.8845942]
[3.929131]
[6.7572255]
[4.6212974]
[5.1176214]
[5.459159]
[4.154247]
[3.8033037]
[3.7754295]
[3.7346044]
[3.9838972]
[3.779303]
[3.9796653]
[3.7947547]
[3.9845338]
[3.801081]
[5.5827427]
[4.5285687]
[4.02112]
[4.0186415]
[4.0168834]
[4.015115]
[4.0132074]
[3.7991056]
[3.9771144]
[3.7930214]
[5.6833735]
[4.345766]
[3.8147643]
[3.991528]
[3.842453]
[3.8280745]
[3.9907875]
[3.8563626]
[3.9865465]
[3.9940314]
[3.8723445]
[3.9914784]
[3.895772]
[3.8700583]
[3.8760407]
[3.9900842]
[3.900833]
[3.9918425]
[3.9055645]
[3.9223619]
[3.938683]
[3.9982216]
[3.8898823]
[3.9409623]
[4.0076365]
[3.9339058]
[3.9577246]
[4.002187]
[3.947622]
[4.0319495]
[3.9945118]
[3.937031]
[6.592433]
[6.968244]
[7.250141]
[6.9911423]
[7.2528014]
[7.3839273]
[7.3515935]
[7.327975]
[7.853198]
[7.4767413]
[7.8272004]
[7.451489]
[7.800406]
[7.425558]
[7.7742596]
[7.934137]
[7.354827]
[7.232829]
[7.265397]
[7.2844915]
[7.312616]
[7.3956046]
[7.388668]
[7.7286143]
[7.5171027]
[7.9352098]
[7.7813745]
[7.5329027]
[8.097057]
[8.210782]
[8.188481]
[9.546867]
[9.952206]
[9.921521]
[10.358825]
[10.004563]
[10.296046]
[10.88523]
[10.9978895]
[13.695919]
[14.874238]
[13.6030445]
[11.095219]
[10.644497]
[10.759861]
[11.201752]
[13.966761]
[11.868453]
[11.234612]
[11.200019]
[11.57275]
[10.7932825]
[10.460388]
[10.519222]
[10.675267]
[10.679318]
[10.9457855]
[10.836514]
[10.878197]
[11.094851]
[11.231101]
[12.517373]
[13.064221]
[13.360282]
[13.627951]
[13.170704]
[12.922554]
[12.309917]
[12.03686]
[12.37167]
[13.588214]
[18.4993]
[18.825182]
[9.398656]
[14.355806]
[11.534049]
[13.925339]
[14.977211]
[15.028565]
[15.038696]
[15.102734]
[14.882847]
[14.768856]
[14.698348]
[14.520315]
[14.546219]
[14.939031]
[14.010637]
[13.670805]
[14.027951]
[14.015265]
[14.2080765]
[13.291084]
[13.301411]
[13.821054]
[10.917827]
[13.508622]
[14.044492]
[15.168212]
[15.293951]
[15.933714]
[15.083999]
[14.566408]
[14.841148]
[15.122849]
[14.869814]
[15.064476]
[15.121588]
[14.895979]
[14.251249]
[14.287347]
[14.138329]
[13.831511]
[13.626306]
[13.74598]
[13.9900465]
[15.034918]
[14.676727]
[14.025298]
[13.386301]
[13.291617]
[13.287917]
[12.861559]
[13.15893]
[13.381162]
[13.460301]
[14.065173]
[14.083033]
[13.766725]
[13.690828]
[13.383264]
[13.819349]
[13.696061]
[14.162948]
[18.032524]
[19.70719]
[15.087133]
[21.574978]
[21.697275]
[20.622171]
[20.288443]
[18.42875]
[5.0988455]
[12.646483]
[15.864058]
[15.426968]
[18.474236]
[35.630623]
[41.66027]
[46.524902]
[54.38055]
[42.37079]
[34.15333]
[52.45197]
[63.69057]
[63.313763]
[62.725163]
[53.232006]
[69.43184]
[85.857025]
[87.69019]
[119.199554]
[111.55173]
[114.69377]
[100.02347]
[97.689575]
[97.07002]
[96.4334]
[92.67141]
[90.0829]
[86.24812]
[83.26837]
[70.45502]
[69.552475]
[86.13403]
[85.35035]
[83.78789]
[86.20823]
[83.689415]
[80.09255]
[105.484245]
[117.94298]
[133.83727]
[129.84708]
[126.82441]
[126.87458]
[129.15036]
[124.62898]
[99.66898]
[98.12427]
[94.76105]
[92.496895]
[90.65056]
[61.81495]
[50.017143]
[59.056168]
[55.69976]
[52.187675]
[41.21963]
[21.90418]
[16.942533]
[17.294424]
[28.91234]
[44.366684]
[40.712173]
[41.922478]
[34.868923]
[18.31548]
[12.9168215]
[25.300108]
[17.099007]
[13.513164]
[12.803426]
[10.863184]
[9.937597]
[9.978919]
[11.957029]
[12.203637]
[11.255161]
[10.274294]
[10.949193]
[9.387497]
[8.922873]
[9.859941]
[9.871534]
[9.200047]
[9.547824]
[9.751952]
[9.934114]
[10.2189665]
[12.112115]
[12.842012]
[10.082354]
[9.372263]
[9.965316]
[10.425905]
[10.25892]
[9.620214]
[9.709038]
[9.719852]
[9.157633]
[9.449643]
[8.30157]
[7.173248]
[8.052549]
[9.050424]
[11.028512]
[11.350074]
[14.017586]
[10.866839]
[10.054914]
[10.392274]
[8.824454]
[7.463664]
[8.494008]
[14.97591]
[8.969938]
[6.6045628]
[7.622752]
[7.7712517]
[11.203379]
[11.385699]
[10.144156]
[7.7927604]
[8.0420885]
[20.1746]
[26.612234]
[26.26793]
[25.177717]
[19.340881]
[11.704377]
[8.3823805]
[7.122424]
[5.543124]
[4.658193]
[4.415146]
[4.183461]
[3.717529]
[3.6645448]
[3.9516168]
[3.9530492]
[3.7508612]
[3.5928187]
[3.7433805]
[3.5069175]
[3.494063][10.25]
[9.45]
[13.02]
[10.69]
[5.31]
[5.25]
[5.26]
[5.31]
[5.31]
[5.3]
[5.29]
[5.3]
[9.25]
[9.31]
[9.28]
[9.29]
[9.27]
[9.26]
[9.25]
[9.26]
[9.26]
[9.27]
[9.25]
[9.25]
[9.32]
[9.28]
[9.26]
[9.22]
[9.21]
[9.23]
[9.23]
[9.06]
[9.24]
[9.25]
[9.24]
[9.29]
[9.55]
[9.28]
[9.27]
[9.27]
[9.25]
[9.24]
[9.28]
[12.21]
[12.29]
[12.32]
[12.27]
[12.3]
[12.29]
[12.25]
[12.25]
[12.25]
[12.29]
[12.3]
[12.3]
[12.31]
[12.36]
[12.34]
[12.35]
[12.36]
[12.37]
[12.39]
[12.39]
[12.4]
[12.36]
[12.39]
[12.4]
[12.41]
[12.52]
[12.25]
[12.25]
[12.03]
[12.31]
[26.75]
[15.2]
[15.05]
[15.12]
[15.03]
[15.09]
[15.17]
[15.22]
[15.41]
[15.4]
[15.43]
[15.24]
[15.14]
[15.08]
[15.29]
[15.3]
[15.23]
[15.22]
[15.17]
[15.21]
[15.24]
[15.21]
[15.26]
[15.09]
[15.03]
[14.94]
[15.09]
[15.28]
[15.3]
[15.52]
[15.38]
[15.46]
[15.26]
[15.55]
[15.54]
[15.27]
[22.36]
[17.87]
[15.85]
[42.75]
[82.22]
[94.05]
[93.25]
[90.97]
[55.68]
[49.63]
[58.09]
[56.67]
[54.59]
[53.59]
[58.05]
[53.08]
[41.74]
[57.88]
[58.89]
[56.17]
[56.45]
[59.98]
[24.57]
[23.68]
[48.95]
[58.59]
[52.66]
[61.65]
[55.39]
[15.63]
[15.57]
[49.45]
[48.02]
[57.5]
[95.04]
[91.35]
[127.12]
[159.08]
[215.85]
[192.9]
[144.63]
[136.75]
[131.02]
[99.64]
[86.83]
[129.19]
[131.03]
[129.73]
[130.49]
[130.52]
[92.3]
[87.76]
[90.33]
[91.84]
[90.24]
[92.4]
[96.82]
[52.74]
[45.22]
[55.96]
[60.38]
[51.61]
[55.5]
[62.81]
[54.04]
[56.12]
[53.08]
[60.33]
[38.11]
[64.66]
[62.07]
[50.21]
[45.53]
[67.12]
[58.52]
[53.52]
[50.52]
[53.77]
[41.06]
[38.17]
[35.45]
[50.08]
[57.71]
[43.73]
[61.41]
[54.5]
[42.43]
[96.98]
[93.31]
[95.73]
[93.08]
[91.61]
[94.94]
[85.74]
[88.4]
[98.74]
[90.94]
[95.37]
[98.5]
[45.13]
[47.61]
[67.66]
[39.1]
[71.69]
[37.29]
[69.59]
[19.53]
[12.7]
[49.99]
[27.12]
[31.05]
[19.21]
[28.46]
[14.31]
[9.94]
[17.83]
[28.86]
[44.83]
[46.46]
[52.06]
[24.01]
[9.42]
[50.97]
[57.23]
[44.2]
[37.8]
[12.15]
[9.41]
[10.47]
[20.43]
[33.31]
[48.25]
[44.01]
[55.45]
[12.7]
[10.36]
[51.64]
[50.92]
[50.38]
[49.93]
[49.1]
[13.79]
[10.13]
[29.22]
[34.2]
[23.2]
[39.35]
[38.77]
[14.08]
[10.2]
[32.49]
[35.58]
[33.86]
[32.24]
[29.9]
[23.23]
[16.87]
[24.9]
[28.37]
[17.49]
[16.74]
[47.53]
[16.06]
[15.03]
[32.65]
[36.66]
[33.79]
[32.62]
[31.6]
[12.79]
[8.68]
[29.3]
[28.48]
[33.01]
[32.79]
[29.71]
[12.11]
[7.79]
[7.39]
[5.3]
[5.33]
[5.36]
[5.41]
[5.44]
[5.46]
[5.48]
[5.51]
[5.52]
[5.54]
[5.55]
[5.56]
[5.57]
[5.58]
[5.41]
[5.59]
[5.59]
[5.59]
[5.59]
[5.59]
[5.59]
[5.52]
[9.82]
[15.53]
[16.95]
[20.82]
[11.7]
[14.18]
[15.4]
[23.39]
[19.41]
[16.47]
[11.42]
[6.71]
[12.54]
[12.67]
[10.63]
[11.37]
[12.05]
[14.44]
[14.47]
[12.32]
[14.46]
[13.82]
[14.57]
[14.58]
[8.47]
[14.78]
[14.81]
[14.47]
[5.31]
[5.31]
[5.29]
[6.65]
[12.03]
[10.97]
[11.68]
[7.09]
[5.32]
[5.32]
[5.33]
[5.32]
[5.32]
[7.66]
[5.32]
[5.32]
[5.32]
[5.29]
[5.21]
[5.09]
[5.1]
[5.1]
[5.1]
[5.11]
[5.11]
[5.1]
[5.12]
[5.22]
[5.48]
[5.49]
[5.27]
[5.12]
[5.13]
[5.12]
[5.12]
[5.11]
[5.16]
[8.76]
[8.76]
[8.94]
[8.95]
[8.95]
[10.8]
[10.34]
[8.93]
[12.82]
[12.41]
[9.78]
[12.71]
[13.05]
[9.78]
[9.61]
[13.47]
[13.71]
[13.82]
[13.8]
[20.11]
[12.1]
[10.21]
[15.44]
[19.36]
[24.22]
[16.35]
[13.82]
[12.91]
[11.05]
[11.21]
[12.63]
[12.73]
[13.93]
[14.]
[12.75]
[12.72]
[14.06]
[13.64]
[13.18]
[14.13]
[14.47]
[12.97]
[12.08]
[13.53]
[13.92]
[14.]
[14.03]
[13.47]
[12.53]
[12.61]
[12.89]
[13.87]
[13.64]
[12.29]
[13.75]
[12.77]
[12.77]
[13.97]
[13.97]
[12.95]
[15.58]
[14.78]
[14.97]
[14.82]
[14.67]
[14.69]
[14.7]
[14.81]
[14.7]
[17.5]
[18.04]
[19.37]
[14.58]
[14.62]
[14.69]
[14.75]
[14.6]
[14.39]
[14.42]
[14.49]
[14.55]
[14.59]
[14.62]
[14.6]
[14.31]
[14.23]
[14.12]
[14.15]
[14.3]
[14.52]
[14.49]
[14.43]
[14.23]
[14.17]
[14.28]
[14.37]
[14.29]
[14.2]
[14.09]
[14.11]
[14.23]
[14.04]
[14.13]
[14.15]
[14.07]
[14.02]
[13.88]
[13.88]
[13.78]
[13.82]
[13.92]
[14.08]
[13.97]
[13.86]
[13.82]
[13.83]
[13.99]
[14.01]
[13.84]
[13.78]
[13.71]
[13.96]
[14.1]
[13.99]
[13.72]
[16.98]
[13.92]
[13.67]
[13.53]
[13.42]
[13.41]
[13.36]
[14.17]
[14.52]
[14.48]
[14.44]
[14.41]
[14.38]
[14.37]
[14.35]
[14.34]
[14.31]
[15.25]
[14.32]
[14.31]
[14.29]
[14.29]
[14.58]
[14.56]
[12.15]
[11.95]
[11.88]
[11.87]
[11.82]
[13.39]
[11.95]
[11.94]
[11.89]
[11.86]
[11.86]
[11.84]
[11.83]
[11.81]
[11.86]
[11.86]
[11.8]
[11.8]
[11.79]
[11.78]
[11.77]
[11.96]
[11.94]
[11.9]
[11.85]
[11.35]
[11.83]
[11.8]
[12.]
[12.06]
[12.03]
[9.66]
[9.6]
[9.59]
[9.63]
[9.74]
[9.73]
[9.68]
[9.68]
[9.7]
[9.68]
[9.68]
[9.67]
[9.67]
[9.73]
[9.77]
[9.75]
[9.77]
[9.77]
[9.77]
[9.74]
[9.74]
[9.73]
[9.72]
[9.75]
[9.75]
[9.79]
[9.77]
[9.77]
[9.78]
[9.77]
[9.09]
[9.09]
[8.91]
[8.69]
[8.69]
[8.66]
[8.69]
[8.7]
[8.7]
[8.66]
[8.67]
[8.77]
[8.78]
[8.78]
[8.77]
[8.78]
[8.77]
[8.74]
[8.74]
[8.77]
[8.77]
[8.77]
[8.76]
[8.77]
[8.76]
[8.77]
[8.77]
[8.76]
[8.76]
[8.77]
[8.71]
[8.26]
[8.23]
[8.06]
[8.02]
[8.01]
[8.04]
[8.06]
[8.04]
[8.05]
[8.06]
[8.05]
[8.05]
[8.07]
[8.07]
[8.06]
[8.04]
[8.08]
[8.07]
[8.07]
[8.03]
[8.1]
[8.09]
[8.1]
[8.11]
[8.1]
[8.11]
[8.12]
[8.11]
[8.11]
[8.13]
[6.13]
[6.11]
[5.91]
[5.29]
[5.35]
[5.29]
[5.31]
[5.3]
[5.3]
[5.3]
[5.31]
[5.3]
[5.27]
[5.29]
[5.29]
[5.29]
[5.3]
[5.3]
[5.34]
[5.31]
[5.31]
[5.32]
[5.32]
[5.31]
[5.33]
[5.32]
[5.32]
[5.31]
[5.33]
[5.32]
[5.34]
[5.34]
[5.89]
[5.74]
[5.51]
[5.5]
[7.49]
[7.16]
[5.55]
[5.56]
[5.48]
[5.43]
[5.41]
[5.42]
[5.48]
[5.44]
[5.44]
[5.44]
[7.99]
[5.37]
[5.4]
[5.41]
[5.38]
[5.38]
[5.39]
[5.38]
[5.38]
[5.43]
[5.4]
[5.41]
[5.42]
[5.41]
[5.41]
[5.41]
[5.41]
[5.42]
[5.44]
[5.44]
[5.45]
[5.47]
[5.47]
[5.4]
[5.42]
[5.44]
[5.46]
[5.47]
[5.46]
[5.46]
[5.47]
[5.47]
[5.42]
[5.48]
[5.49]
[5.48]
[5.46]
[5.46]
[5.5]
[5.51]
[5.48]
[5.46]
[9.04]
[9.13]
[9.13]
[9.16]
[9.17]
[9.17]
[9.19]
[9.21]
[9.24]
[9.24]
[9.22]
[9.2]
[9.27]
[9.28]
[9.28]
[9.29]
[9.32]
[9.33]
[9.33]
[9.34]
[9.36]
[9.37]
[9.38]
[9.41]
[9.41]
[9.41]
[9.41]
[9.42]
[9.83]
[9.49]
[9.52]
[12.18]
[12.29]
[12.29]
[12.33]
[12.37]
[12.42]
[12.45]
[12.39]
[15.27]
[16.55]
[14.11]
[12.06]
[12.15]
[12.22]
[12.2]
[14.89]
[12.24]
[12.29]
[12.3]
[12.82]
[12.19]
[12.16]
[12.29]
[12.32]
[12.3]
[12.41]
[12.47]
[12.46]
[12.66]
[12.65]
[14.68]
[15.59]
[15.66]
[15.62]
[15.61]
[15.62]
[15.55]
[15.55]
[15.53]
[15.48]
[15.58]
[15.63]
[15.67]
[15.73]
[15.76]
[15.69]
[15.74]
[15.74]
[15.7]
[15.75]
[15.81]
[15.74]
[15.69]
[15.67]
[15.67]
[15.69]
[15.71]
[15.78]
[15.82]
[15.85]
[15.84]
[15.82]
[15.81]
[15.68]
[15.65]
[15.45]
[15.76]
[15.72]
[15.72]
[15.72]
[15.86]
[15.62]
[15.55]
[15.84]
[15.47]
[15.85]
[15.91]
[15.89]
[15.6]
[15.96]
[15.99]
[15.84]
[15.77]
[15.99]
[15.57]
[15.56]
[15.78]
[15.69]
[15.67]
[15.63]
[15.75]
[15.5]
[15.92]
[15.96]
[15.99]
[16.2]
[15.99]
[15.99]
[15.96]
[15.93]
[15.94]
[15.96]
[15.89]
[15.75]
[15.57]
[14.85]
[16.98]
[17.18]
[17.15]
[16.64]
[16.94]
[16.89]
[16.85]
[16.85]
[16.82]
[22.09]
[48.14]
[54.09]
[52.25]
[50.82]
[26.21]
[24.32]
[46.38]
[54.6]
[55.32]
[58.59]
[42.22]
[59.61]
[52.27]
[91.07]
[134.99]
[99.13]
[93.08]
[89.49]
[90.15]
[90.7]
[92.91]
[90.54]
[92.41]
[91.17]
[89.85]
[54.37]
[55.31]
[91.98]
[89.63]
[92.51]
[92.65]
[53.92]
[58.15]
[118.86]
[121.02]
[128.01]
[129.11]
[130.04]
[130.07]
[129.96]
[130.52]
[93.73]
[94.19]
[93.43]
[94.32]
[94.03]
[49.04]
[42.92]
[63.69]
[56.03]
[54.7]
[38.34]
[11.79]
[11.72]
[12.96]
[33.11]
[57.23]
[47.44]
[52.93]
[38.46]
[13.38]
[10.84]
[32.12]
[12.86]
[13.04]
[11.96]
[9.06]
[9.09]
[9.87]
[13.99]
[13.87]
[12.77]
[11.54]
[13.62]
[10.08]
[9.89]
[11.66]
[11.41]
[10.97]
[12.27]
[12.58]
[13.52]
[14.11]
[18.19]
[19.12]
[13.6]
[13.55]
[13.48]
[13.43]
[13.64]
[13.07]
[13.76]
[13.75]
[12.85]
[13.71]
[11.22]
[9.92]
[11.7]
[12.05]
[15.5]
[15.5]
[20.41]
[11.86]
[11.21]
[12.16]
[10.03]
[8.58]
[11.93]
[24.96]
[9.81]
[9.12]
[11.89]
[11.97]
[19.72]
[18.14]
[16.04]
[11.71]
[13.74]
[39.18]
[46.43]
[42.22]
[40.7]
[29.17]
[11.6]
[7.7]
[7.77]
[5.18]
[5.21]
[5.24]
[5.27]
[5.28]
[5.29]
[5.31]
[5.33]
[5.34]
[5.35]
[5.36]
[5.37]
[5.38]
[5.39]