0.887644057063918, 0.8995875664010384, 2.200467037024365, 204.0423755534999[10.884202]
[8.066598]
[6.9640026]
[9.040255]
[7.9791217]
[4.4498787]
[3.864587]
[3.8802128]
[3.864042]
[3.8665617]
[3.8129613]
[3.7998722]
[3.8098114]
[6.264927]
[6.7734947]
[6.7667365]
[6.947537]
[7.976468]
[9.651757]
[9.492258]
[8.241536]
[7.646795]
[7.4407988]
[7.3480015]
[7.269696]
[7.305807]
[7.3026185]
[7.2423825]
[7.1327643]
[7.0675893]
[7.055703]
[7.2281528]
[7.253715]
[7.2652864]
[7.2518783]
[7.2868433]
[7.2290754]
[7.5509796]
[11.442006]
[8.36286]
[8.078313]
[8.579085]
[8.60651]
[8.275424]
[9.856655]
[10.069015]
[10.034036]
[10.055923]
[10.162435]
[10.6479]
[10.712819]
[10.433185]
[10.165505]
[10.184164]
[10.0424795]
[10.019862]
[10.036251]
[10.060818]
[9.981128]
[9.982017]
[10.008913]
[10.009066]
[9.971433]
[10.061089]
[10.109565]
[10.2614565]
[10.73106]
[10.740846]
[10.443705]
[10.613049]
[13.209854]
[7.9180665]
[9.548547]
[10.145003]
[37.516907]
[15.521862]
[12.292521]
[12.277922]
[12.251776]
[12.296978]
[12.477828]
[12.609698]
[12.586245]
[12.717911]
[12.811254]
[12.587225]
[12.611251]
[12.753816]
[12.988083]
[12.821139]
[12.908884]
[12.808795]
[13.313133]
[13.181502]
[12.931016]
[13.118709]
[13.143509]
[12.963695]
[12.949894]
[12.519024]
[12.975975]
[13.425812]
[13.147673]
[13.51484]
[13.569167]
[13.672208]
[19.4478]
[23.465017]
[20.347746]
[34.78732]
[68.0373]
[35.999123]
[67.564644]
[82.73792]
[83.630646]
[94.489815]
[129.57823]
[100.15565]
[70.30381]
[59.8933]
[62.139404]
[60.206596]
[55.408756]
[51.752277]
[53.237717]
[49.82769]
[40.938454]
[49.44266]
[52.206314]
[49.53168]
[50.49195]
[53.40459]
[31.05958]
[27.248999]
[42.772038]
[49.14999]
[45.429264]
[49.505405]
[44.71679]
[21.970654]
[23.229797]
[46.45552]
[49.377617]
[74.882286]
[104.45752]
[140.63356]
[169.50311]
[177.7173]
[212.25188]
[181.52014]
[148.58946]
[143.45506]
[127.94499]
[103.67449]
[87.01299]
[108.03685]
[109.5554]
[109.98377]
[115.65872]
[122.560585]
[111.150345]
[99.42881]
[93.40608]
[92.72641]
[89.39505]
[88.764626]
[92.77607]
[72.030914]
[67.590546]
[75.6026]
[74.717606]
[70.70519]
[70.19523]
[69.74048]
[61.3774]
[58.770103]
[55.113335]
[57.35143]
[43.31469]
[55.640617]
[56.633644]
[50.01481]
[46.83023]
[57.737755]
[52.721333]
[47.191147]
[43.81019]
[45.546593]
[41.378975]
[42.698383]
[45.921253]
[62.24189]
[68.52856]
[59.247833]
[65.90692]
[58.321426]
[56.980366]
[96.056404]
[94.411674]
[89.51793]
[84.378006]
[80.36521]
[80.50235]
[77.74794]
[84.39539]
[92.12547]
[89.26264]
[97.42936]
[101.28778]
[72.99347]
[70.68313]
[77.061104]
[59.01787]
[71.80997]
[52.223255]
[64.678925]
[37.40644]
[27.53984]
[47.799408]
[36.030567]
[34.616535]
[26.827847]
[30.237455]
[21.944702]
[16.7288]
[20.635246]
[26.903946]
[35.75693]
[37.390144]
[41.85731]
[29.251997]
[19.311838]
[42.497887]
[48.70623]
[41.129726]
[37.934113]
[23.936108]
[21.589703]
[21.422167]
[24.916056]
[30.85408]
[38.571095]
[36.973873]
[42.34919]
[19.148985]
[15.3343525]
[38.545162]
[39.693325]
[39.241714]
[39.033813]
[37.42379]
[19.797335]
[17.467577]
[28.16192]
[30.947247]
[23.493261]
[30.532948]
[30.778425]
[16.275229]
[11.603386]
[24.166348]
[27.635696]
[26.34601]
[24.846308]
[23.138287]
[18.693413]
[14.5612]
[19.105177]
[22.044361]
[16.808062]
[17.803427]
[37.80199]
[19.701122]
[14.758096]
[24.563028]
[27.919773]
[26.26182]
[24.99273]
[23.74004]
[12.44976]
[8.309697]
[20.070864]
[20.76164]
[22.615417]
[24.318766]
[22.342346]
[11.494581]
[7.154683]
[6.4624557]
[5.1582923]
[4.815472]
[5.177053]
[5.360326]
[5.0757403]
[4.876796]
[4.7053156]
[4.768374]
[4.7168117]
[4.653974]
[4.495785]
[4.407596]
[4.391875]
[4.3981714]
[4.2770157]
[4.2248096]
[4.1581554]
[4.137802]
[4.137802]
[4.137802]
[4.137802]
[3.9476774]
[6.040657]
[11.590085]
[11.667956]
[13.697432]
[8.8814945]
[9.47295]
[10.329622]
[15.251142]
[13.748243]
[11.718703]
[8.389634]
[5.081042]
[7.993731]
[8.588028]
[7.3796663]
[7.6165166]
[8.17683]
[9.830152]
[10.086331]
[8.7107]
[9.821316]
[17.618906]
[11.770532]
[10.450494]
[6.7043133]
[10.157707]
[10.727292]
[10.480214]
[4.923782]
[3.9348516]
[3.9426246]
[4.668205]
[8.074849]
[8.25731]
[8.351561]
[5.5923285]
[4.056106]
[3.8960993]
[3.9170272]
[3.87092]
[3.85692]
[5.335346]
[4.1164656]
[3.8743086]
[3.902911]
[3.8825104]
[3.8348515]
[4.0278344]
[4.437476]
[4.38416]
[4.2281184]
[4.099821]
[3.9658377]
[3.9299395]
[3.944654]
[3.972383]
[4.1055098]
[4.147976]
[4.1497808]
[4.086248]
[3.9538944]
[3.9704707]
[3.9860964]
[3.984004]
[3.9769707]
[6.2127223]
[6.6338563]
[11.7604265]
[7.771316]
[6.8325076]
[8.1585045]
[7.9013915]
[7.018911]
[10.246529]
[9.668912]
[7.8358393]
[9.57729]
[10.103424]
[8.067584]
[7.7381115]
[10.384093]
[11.08796]
[10.994121]
[11.005248]
[16.306286]
[10.756027]
[8.443011]
[12.126526]
[16.168442]
[19.4258]
[14.184032]
[11.545316]
[10.717167]
[9.315309]
[9.374441]
[10.38055]
[10.569996]
[11.488397]
[11.527135]
[10.74427]
[10.758011]
[11.486108]
[11.142406]
[11.245975]
[11.874287]
[11.784902]
[10.734901]
[10.24532]
[11.149181]
[11.207296]
[11.047934]
[11.005451]
[10.489568]
[9.905633]
[10.371795]
[11.744182]
[12.419871]
[11.959439]
[10.9953]
[12.559817]
[11.8643265]
[11.357334]
[11.623563]
[11.481294]
[10.604218]
[12.345823]
[11.702992]
[11.69434]
[11.593527]
[11.393616]
[11.218053]
[11.319171]
[11.506071]
[11.380883]
[13.258376]
[15.7428465]
[14.837313]
[11.924764]
[11.8445015]
[12.182054]
[12.564292]
[12.812066]
[12.097689]
[11.978115]
[12.005068]
[12.110227]
[12.263018]
[12.245904]
[12.316879]
[12.130112]
[12.014451]
[11.936588]
[12.0609665]
[12.155734]
[12.425379]
[12.438868]
[12.472342]
[12.384216]
[12.316108]
[12.244211]
[12.343115]
[12.199066]
[11.976076]
[11.868179]
[11.828089]
[11.904353]
[11.747789]
[11.74189]
[11.792486]
[11.8141165]
[11.716104]
[11.40385]
[11.470132]
[11.3068285]
[11.145696]
[11.325537]
[11.412057]
[11.257109]
[11.137847]
[11.0550785]
[11.037478]
[11.054987]
[11.148866]
[11.099363]
[11.219006]
[11.365899]
[11.521755]
[11.924419]
[12.224742]
[14.013355]
[5.2416077]
[29.226015]
[33.669308]
[8.98516]
[11.889137]
[12.893166]
[14.325937]
[14.56921]
[14.535687]
[14.488295]
[14.514761]
[14.351665]
[14.22752]
[14.006436]
[14.018132]
[14.025539]
[13.843041]
[14.361913]
[13.822256]
[13.684827]
[13.599997]
[13.51988]
[12.931091]
[13.696421]
[12.278603]
[11.727873]
[11.575359]
[11.9001]
[11.789582]
[12.602502]
[11.726155]
[11.206593]
[11.000774]
[10.863909]
[10.700323]
[10.783298]
[10.799357]
[10.61235]
[10.679318]
[10.565216]
[10.574279]
[10.560364]
[10.540263]
[10.397417]
[10.275929]
[10.940623]
[11.917423]
[12.661001]
[12.050752]
[11.938506]
[11.154647]
[11.300743]
[11.184546]
[11.190443]
[10.932422]
[9.784339]
[9.842488]
[9.48788]
[9.331316]
[9.362819]
[9.232166]
[9.199802]
[9.046377]
[9.051267]
[8.894099]
[8.868611]
[8.8694]
[8.713096]
[8.803399]
[8.703857]
[8.747799]
[8.691266]
[8.682197]
[8.608551]
[8.567194]
[8.482585]
[8.465576]
[8.377921]
[8.387504]
[8.39523]
[8.420023]
[8.340031]
[8.324953]
[8.408867]
[8.345647]
[8.024359]
[7.918679]
[7.788776]
[7.5355353]
[7.4795804]
[7.5975065]
[7.6392126]
[7.5760975]
[7.4955726]
[7.3899817]
[7.5944695]
[8.077508]
[8.964299]
[8.741895]
[8.406857]
[8.116668]
[7.9092507]
[7.7704735]
[7.661967]
[7.6042185]
[7.64647]
[7.5105224]
[7.479796]
[7.46147]
[7.3245673]
[7.4218807]
[7.748713]
[7.848172]
[7.7423854]
[7.923029]
[7.746281]
[7.2380395]
[7.0331397]
[6.893821]
[6.822007]
[6.7493143]
[6.829504]
[6.8513765]
[6.7654653]
[6.695038]
[6.751008]
[6.6988516]
[6.6909575]
[6.705906]
[6.7053494]
[6.6497016]
[6.6915927]
[6.661214]
[6.6514416]
[6.59875]
[6.573461]
[6.688489]
[6.585735]
[6.5768037]
[6.6620607]
[6.689383]
[6.6343064]
[6.709959]
[6.715136]
[6.853498]
[6.894552]
[5.587711]
[5.3392205]
[5.1613455]
[4.6532955]
[4.629049]
[4.5500774]
[4.6091156]
[4.5723033]
[4.550481]
[4.6192837]
[4.5921526]
[4.5786433]
[4.565049]
[4.5783114]
[4.605056]
[4.5589957]
[4.545012]
[4.6394978]
[4.564488]
[4.5784707]
[4.6653]
[4.6366963]
[4.6352596]
[4.638993]
[4.660929]
[4.6680565]
[4.673705]
[4.6792173]
[4.6975956]
[4.7322273]
[4.6770597]
[4.756785]
[5.0729895]
[5.079852]
[8.533235]
[5.5330205]
[6.522135]
[6.6026797]
[5.0494995]
[4.8066306]
[4.7337036]
[4.6499534]
[4.875275]
[4.574411]
[4.7960467]
[4.5223255]
[4.7279315]
[4.4586105]
[6.5618753]
[4.9583473]
[4.5461774]
[4.5047045]
[4.4641666]
[4.4237885]
[4.3834376]
[4.1357512]
[4.324155]
[4.2101917]
[6.3702097]
[4.411805]
[4.0348983]
[4.162864]
[3.95013]
[3.952056]
[4.062773]
[3.871003]
[3.9907005]
[3.9155474]
[3.791373]
[3.8923104]
[3.7547784]
[3.7342556]
[3.7146554]
[3.7647016]
[3.6379879]
[3.7014973]
[3.5802293]
[3.6129396]
[3.602387]
[3.5841918]
[3.5162408]
[3.6568596]
[3.5569901]
[3.5937448]
[3.6886287]
[3.5641744]
[3.6313162]
[3.6522183]
[3.5462716]
[3.6649644]
[6.5589595]
[6.5584836]
[6.975039]
[6.662529]
[7.0040073]
[7.094299]
[7.0781603]
[7.0682306]
[7.6747766]
[7.192245]
[7.682715]
[7.2003508]
[7.690505]
[7.208517]
[7.7001204]
[7.81673]
[7.3018484]
[7.3054686]
[7.3171973]
[7.356505]
[7.4079595]
[7.413351]
[7.385446]
[7.7903385]
[7.553117]
[8.120247]
[7.927503]
[7.6638103]
[8.471003]
[8.564154]
[8.584689]
[10.285164]
[10.483976]
[10.382332]
[10.838188]
[10.272705]
[10.62758]
[11.174526]
[11.118303]
[13.486012]
[14.76818]
[13.0558605]
[10.308176]
[10.366915]
[10.310403]
[10.603928]
[13.299392]
[10.6085415]
[10.241888]
[10.12495]
[10.400734]
[9.527597]
[9.347558]
[9.394016]
[9.68737]
[9.872369]
[10.252615]
[10.294996]
[10.13258]
[10.439946]
[10.432861]
[11.665921]
[12.197497]
[12.256735]
[12.225847]
[11.735342]
[11.567664]
[11.144826]
[11.262423]
[12.126375]
[13.987444]
[7.127935]
[13.386501]
[9.899484]
[13.836891]
[11.339217]
[13.534746]
[14.3310585]
[14.482098]
[14.471846]
[14.582257]
[14.614619]
[14.623373]
[14.707633]
[14.684571]
[14.344926]
[13.958907]
[15.175835]
[14.100916]
[14.10555]
[14.205439]
[14.681955]
[14.737132]
[14.266044]
[13.564774]
[12.763125]
[12.918037]
[14.16861]
[14.64818]
[14.955606]
[16.136267]
[15.937581]
[15.384405]
[15.737235]
[16.36957]
[16.188755]
[16.500525]
[16.652195]
[16.649532]
[15.953086]
[16.116587]
[15.978702]
[15.875001]
[15.83472]
[15.902493]
[16.139765]
[17.11238]
[17.174139]
[16.279175]
[15.726933]
[15.323334]
[15.310348]
[15.10029]
[15.483608]
[15.488347]
[16.012533]
[16.502386]
[15.419068]
[15.145349]
[15.077793]
[15.125285]
[15.291493]
[15.4609375]
[16.19414]
[21.927979]
[26.660969]
[19.094675]
[28.319916]
[28.112843]
[23.432499]
[22.449846]
[20.326683]
[5.3524814]
[14.913439]
[16.67059]
[16.191164]
[19.498108]
[37.8107]
[41.862556]
[46.966232]
[54.446587]
[47.100746]
[41.04927]
[56.913765]
[66.786]
[65.88026]
[65.103325]
[54.739227]
[74.55452]
[94.84143]
[99.340675]
[125.0818]
[113.137924]
[121.98671]
[107.62308]
[101.71656]
[97.41768]
[99.479095]
[95.17163]
[92.10511]
[87.41466]
[85.82718]
[71.49089]
[74.23568]
[87.91449]
[85.93962]
[86.34644]
[88.60156]
[83.60126]
[88.99137]
[110.90138]
[121.45281]
[140.27231]
[137.23158]
[130.15344]
[130.38405]
[133.38869]
[128.94537]
[101.16334]
[101.35872]
[97.51324]
[95.31244]
[92.791985]
[61.88584]
[52.417076]
[61.64958]
[57.236214]
[53.76805]
[42.699333]
[24.269981]
[21.25071]
[21.216059]
[32.483562]
[46.927483]
[42.24502]
[44.19858]
[35.698856]
[18.992287]
[15.21925]
[28.361868]
[18.296469]
[15.544136]
[14.908047]
[12.661801]
[11.906217]
[11.942407]
[14.15381]
[14.139821]
[13.110054]
[12.116476]
[12.927348]
[11.114509]
[10.748612]
[11.891073]
[11.731002]
[10.986264]
[11.476706]
[11.5922165]
[11.781152]
[12.112038]
[14.187742]
[14.8004875]
[11.544135]
[11.109785]
[11.845407]
[12.266412]
[12.055558]
[11.370163]
[11.499258]
[11.480314]
[10.794397]
[11.246494]
[9.761232]
[8.623674]
[9.800649]
[10.882626]
[13.038563]
[13.241653]
[16.259014]
[12.395473]
[12.063174]
[12.276375]
[10.570445]
[9.059877]
[10.3739805]
[17.66208]
[9.935673]
[8.037688]
[9.242102]
[9.348732]
[13.381341]
[13.130613]
[11.702241]
[9.066701]
[9.571818]
[23.75379]
[26.231962]
[25.936275]
[25.527878]
[18.9183]
[12.596314]
[9.2823305]
[8.702799]
[6.56031]
[5.7795105]
[5.4355226]
[5.137372]
[4.449466]
[4.66197]
[4.7495885]
[4.923201]
[4.4529953]
[4.534144]
[4.499444]
[4.257181]
[4.3179693][10.25]
[9.45]
[13.02]
[10.69]
[5.31]
[5.25]
[5.26]
[5.31]
[5.31]
[5.3]
[5.29]
[5.3]
[9.25]
[9.31]
[9.28]
[9.29]
[9.27]
[9.26]
[9.25]
[9.26]
[9.26]
[9.27]
[9.25]
[9.25]
[9.32]
[9.28]
[9.26]
[9.22]
[9.21]
[9.23]
[9.23]
[9.06]
[9.24]
[9.25]
[9.24]
[9.29]
[9.55]
[9.28]
[9.27]
[9.27]
[9.25]
[9.24]
[9.28]
[12.21]
[12.29]
[12.32]
[12.27]
[12.3]
[12.29]
[12.25]
[12.25]
[12.25]
[12.29]
[12.3]
[12.3]
[12.31]
[12.36]
[12.34]
[12.35]
[12.36]
[12.37]
[12.39]
[12.39]
[12.4]
[12.36]
[12.39]
[12.4]
[12.41]
[12.52]
[12.25]
[12.25]
[12.03]
[12.31]
[26.75]
[15.2]
[15.05]
[15.12]
[15.03]
[15.09]
[15.17]
[15.22]
[15.41]
[15.4]
[15.43]
[15.24]
[15.14]
[15.08]
[15.29]
[15.3]
[15.23]
[15.22]
[15.17]
[15.21]
[15.24]
[15.21]
[15.26]
[15.09]
[15.03]
[14.94]
[15.09]
[15.28]
[15.3]
[15.52]
[15.38]
[15.46]
[15.26]
[15.55]
[15.54]
[15.27]
[22.36]
[17.87]
[15.85]
[42.75]
[82.22]
[94.05]
[93.25]
[90.97]
[55.68]
[49.63]
[58.09]
[56.67]
[54.59]
[53.59]
[58.05]
[53.08]
[41.74]
[57.88]
[58.89]
[56.17]
[56.45]
[59.98]
[24.57]
[23.68]
[48.95]
[58.59]
[52.66]
[61.65]
[55.39]
[15.63]
[15.57]
[49.45]
[48.02]
[57.5]
[95.04]
[91.35]
[127.12]
[159.08]
[215.85]
[192.9]
[144.63]
[136.75]
[131.02]
[99.64]
[86.83]
[129.19]
[131.03]
[129.73]
[130.49]
[130.52]
[92.3]
[87.76]
[90.33]
[91.84]
[90.24]
[92.4]
[96.82]
[52.74]
[45.22]
[55.96]
[60.38]
[51.61]
[55.5]
[62.81]
[54.04]
[56.12]
[53.08]
[60.33]
[38.11]
[64.66]
[62.07]
[50.21]
[45.53]
[67.12]
[58.52]
[53.52]
[50.52]
[53.77]
[41.06]
[38.17]
[35.45]
[50.08]
[57.71]
[43.73]
[61.41]
[54.5]
[42.43]
[96.98]
[93.31]
[95.73]
[93.08]
[91.61]
[94.94]
[85.74]
[88.4]
[98.74]
[90.94]
[95.37]
[98.5]
[45.13]
[47.61]
[67.66]
[39.1]
[71.69]
[37.29]
[69.59]
[19.53]
[12.7]
[49.99]
[27.12]
[31.05]
[19.21]
[28.46]
[14.31]
[9.94]
[17.83]
[28.86]
[44.83]
[46.46]
[52.06]
[24.01]
[9.42]
[50.97]
[57.23]
[44.2]
[37.8]
[12.15]
[9.41]
[10.47]
[20.43]
[33.31]
[48.25]
[44.01]
[55.45]
[12.7]
[10.36]
[51.64]
[50.92]
[50.38]
[49.93]
[49.1]
[13.79]
[10.13]
[29.22]
[34.2]
[23.2]
[39.35]
[38.77]
[14.08]
[10.2]
[32.49]
[35.58]
[33.86]
[32.24]
[29.9]
[23.23]
[16.87]
[24.9]
[28.37]
[17.49]
[16.74]
[47.53]
[16.06]
[15.03]
[32.65]
[36.66]
[33.79]
[32.62]
[31.6]
[12.79]
[8.68]
[29.3]
[28.48]
[33.01]
[32.79]
[29.71]
[12.11]
[7.79]
[7.39]
[5.3]
[5.33]
[5.36]
[5.41]
[5.44]
[5.46]
[5.48]
[5.51]
[5.52]
[5.54]
[5.55]
[5.56]
[5.57]
[5.58]
[5.41]
[5.59]
[5.59]
[5.59]
[5.59]
[5.59]
[5.59]
[5.52]
[9.82]
[15.53]
[16.95]
[20.82]
[11.7]
[14.18]
[15.4]
[23.39]
[19.41]
[16.47]
[11.42]
[6.71]
[12.54]
[12.67]
[10.63]
[11.37]
[12.05]
[14.44]
[14.47]
[12.32]
[14.46]
[13.82]
[14.57]
[14.58]
[8.47]
[14.78]
[14.81]
[14.47]
[5.31]
[5.31]
[5.29]
[6.65]
[12.03]
[10.97]
[11.68]
[7.09]
[5.32]
[5.32]
[5.33]
[5.32]
[5.32]
[7.66]
[5.32]
[5.32]
[5.32]
[5.29]
[5.21]
[5.09]
[5.1]
[5.1]
[5.1]
[5.11]
[5.11]
[5.1]
[5.12]
[5.22]
[5.48]
[5.49]
[5.27]
[5.12]
[5.13]
[5.12]
[5.12]
[5.11]
[5.16]
[8.76]
[8.76]
[8.94]
[8.95]
[8.95]
[10.8]
[10.34]
[8.93]
[12.82]
[12.41]
[9.78]
[12.71]
[13.05]
[9.78]
[9.61]
[13.47]
[13.71]
[13.82]
[13.8]
[20.11]
[12.1]
[10.21]
[15.44]
[19.36]
[24.22]
[16.35]
[13.82]
[12.91]
[11.05]
[11.21]
[12.63]
[12.73]
[13.93]
[14.]
[12.75]
[12.72]
[14.06]
[13.64]
[13.18]
[14.13]
[14.47]
[12.97]
[12.08]
[13.53]
[13.92]
[14.]
[14.03]
[13.47]
[12.53]
[12.61]
[12.89]
[13.87]
[13.64]
[12.29]
[13.75]
[12.77]
[12.77]
[13.97]
[13.97]
[12.95]
[15.58]
[14.78]
[14.97]
[14.82]
[14.67]
[14.69]
[14.7]
[14.81]
[14.7]
[17.5]
[18.04]
[19.37]
[14.58]
[14.62]
[14.69]
[14.75]
[14.6]
[14.39]
[14.42]
[14.49]
[14.55]
[14.59]
[14.62]
[14.6]
[14.31]
[14.23]
[14.12]
[14.15]
[14.3]
[14.52]
[14.49]
[14.43]
[14.23]
[14.17]
[14.28]
[14.37]
[14.29]
[14.2]
[14.09]
[14.11]
[14.23]
[14.04]
[14.13]
[14.15]
[14.07]
[14.02]
[13.88]
[13.88]
[13.78]
[13.82]
[13.92]
[14.08]
[13.97]
[13.86]
[13.82]
[13.83]
[13.99]
[14.01]
[13.84]
[13.78]
[13.71]
[13.96]
[14.1]
[13.99]
[13.72]
[16.98]
[13.92]
[13.67]
[13.53]
[13.42]
[13.41]
[13.36]
[14.17]
[14.52]
[14.48]
[14.44]
[14.41]
[14.38]
[14.37]
[14.35]
[14.34]
[14.31]
[15.25]
[14.32]
[14.31]
[14.29]
[14.29]
[14.58]
[14.56]
[12.15]
[11.95]
[11.88]
[11.87]
[11.82]
[13.39]
[11.95]
[11.94]
[11.89]
[11.86]
[11.86]
[11.84]
[11.83]
[11.81]
[11.86]
[11.86]
[11.8]
[11.8]
[11.79]
[11.78]
[11.77]
[11.96]
[11.94]
[11.9]
[11.85]
[11.35]
[11.83]
[11.8]
[12.]
[12.06]
[12.03]
[9.66]
[9.6]
[9.59]
[9.63]
[9.74]
[9.73]
[9.68]
[9.68]
[9.7]
[9.68]
[9.68]
[9.67]
[9.67]
[9.73]
[9.77]
[9.75]
[9.77]
[9.77]
[9.77]
[9.74]
[9.74]
[9.73]
[9.72]
[9.75]
[9.75]
[9.79]
[9.77]
[9.77]
[9.78]
[9.77]
[9.09]
[9.09]
[8.91]
[8.69]
[8.69]
[8.66]
[8.69]
[8.7]
[8.7]
[8.66]
[8.67]
[8.77]
[8.78]
[8.78]
[8.77]
[8.78]
[8.77]
[8.74]
[8.74]
[8.77]
[8.77]
[8.77]
[8.76]
[8.77]
[8.76]
[8.77]
[8.77]
[8.76]
[8.76]
[8.77]
[8.71]
[8.26]
[8.23]
[8.06]
[8.02]
[8.01]
[8.04]
[8.06]
[8.04]
[8.05]
[8.06]
[8.05]
[8.05]
[8.07]
[8.07]
[8.06]
[8.04]
[8.08]
[8.07]
[8.07]
[8.03]
[8.1]
[8.09]
[8.1]
[8.11]
[8.1]
[8.11]
[8.12]
[8.11]
[8.11]
[8.13]
[6.13]
[6.11]
[5.91]
[5.29]
[5.35]
[5.29]
[5.31]
[5.3]
[5.3]
[5.3]
[5.31]
[5.3]
[5.27]
[5.29]
[5.29]
[5.29]
[5.3]
[5.3]
[5.34]
[5.31]
[5.31]
[5.32]
[5.32]
[5.31]
[5.33]
[5.32]
[5.32]
[5.31]
[5.33]
[5.32]
[5.34]
[5.34]
[5.89]
[5.74]
[5.51]
[5.5]
[7.49]
[7.16]
[5.55]
[5.56]
[5.48]
[5.43]
[5.41]
[5.42]
[5.48]
[5.44]
[5.44]
[5.44]
[7.99]
[5.37]
[5.4]
[5.41]
[5.38]
[5.38]
[5.39]
[5.38]
[5.38]
[5.43]
[5.4]
[5.41]
[5.42]
[5.41]
[5.41]
[5.41]
[5.41]
[5.42]
[5.44]
[5.44]
[5.45]
[5.47]
[5.47]
[5.4]
[5.42]
[5.44]
[5.46]
[5.47]
[5.46]
[5.46]
[5.47]
[5.47]
[5.42]
[5.48]
[5.49]
[5.48]
[5.46]
[5.46]
[5.5]
[5.51]
[5.48]
[5.46]
[9.04]
[9.13]
[9.13]
[9.16]
[9.17]
[9.17]
[9.19]
[9.21]
[9.24]
[9.24]
[9.22]
[9.2]
[9.27]
[9.28]
[9.28]
[9.29]
[9.32]
[9.33]
[9.33]
[9.34]
[9.36]
[9.37]
[9.38]
[9.41]
[9.41]
[9.41]
[9.41]
[9.42]
[9.83]
[9.49]
[9.52]
[12.18]
[12.29]
[12.29]
[12.33]
[12.37]
[12.42]
[12.45]
[12.39]
[15.27]
[16.55]
[14.11]
[12.06]
[12.15]
[12.22]
[12.2]
[14.89]
[12.24]
[12.29]
[12.3]
[12.82]
[12.19]
[12.16]
[12.29]
[12.32]
[12.3]
[12.41]
[12.47]
[12.46]
[12.66]
[12.65]
[14.68]
[15.59]
[15.66]
[15.62]
[15.61]
[15.62]
[15.55]
[15.55]
[15.53]
[15.48]
[15.58]
[15.63]
[15.67]
[15.73]
[15.76]
[15.69]
[15.74]
[15.74]
[15.7]
[15.75]
[15.81]
[15.74]
[15.69]
[15.67]
[15.67]
[15.69]
[15.71]
[15.78]
[15.82]
[15.85]
[15.84]
[15.82]
[15.81]
[15.68]
[15.65]
[15.45]
[15.76]
[15.72]
[15.72]
[15.72]
[15.86]
[15.62]
[15.55]
[15.84]
[15.47]
[15.85]
[15.91]
[15.89]
[15.6]
[15.96]
[15.99]
[15.84]
[15.77]
[15.99]
[15.57]
[15.56]
[15.78]
[15.69]
[15.67]
[15.63]
[15.75]
[15.5]
[15.92]
[15.96]
[15.99]
[16.2]
[15.99]
[15.99]
[15.96]
[15.93]
[15.94]
[15.96]
[15.89]
[15.75]
[15.57]
[14.85]
[16.98]
[17.18]
[17.15]
[16.64]
[16.94]
[16.89]
[16.85]
[16.85]
[16.82]
[22.09]
[48.14]
[54.09]
[52.25]
[50.82]
[26.21]
[24.32]
[46.38]
[54.6]
[55.32]
[58.59]
[42.22]
[59.61]
[52.27]
[91.07]
[134.99]
[99.13]
[93.08]
[89.49]
[90.15]
[90.7]
[92.91]
[90.54]
[92.41]
[91.17]
[89.85]
[54.37]
[55.31]
[91.98]
[89.63]
[92.51]
[92.65]
[53.92]
[58.15]
[118.86]
[121.02]
[128.01]
[129.11]
[130.04]
[130.07]
[129.96]
[130.52]
[93.73]
[94.19]
[93.43]
[94.32]
[94.03]
[49.04]
[42.92]
[63.69]
[56.03]
[54.7]
[38.34]
[11.79]
[11.72]
[12.96]
[33.11]
[57.23]
[47.44]
[52.93]
[38.46]
[13.38]
[10.84]
[32.12]
[12.86]
[13.04]
[11.96]
[9.06]
[9.09]
[9.87]
[13.99]
[13.87]
[12.77]
[11.54]
[13.62]
[10.08]
[9.89]
[11.66]
[11.41]
[10.97]
[12.27]
[12.58]
[13.52]
[14.11]
[18.19]
[19.12]
[13.6]
[13.55]
[13.48]
[13.43]
[13.64]
[13.07]
[13.76]
[13.75]
[12.85]
[13.71]
[11.22]
[9.92]
[11.7]
[12.05]
[15.5]
[15.5]
[20.41]
[11.86]
[11.21]
[12.16]
[10.03]
[8.58]
[11.93]
[24.96]
[9.81]
[9.12]
[11.89]
[11.97]
[19.72]
[18.14]
[16.04]
[11.71]
[13.74]
[39.18]
[46.43]
[42.22]
[40.7]
[29.17]
[11.6]
[7.7]
[7.77]
[5.18]
[5.21]
[5.24]
[5.27]
[5.28]
[5.29]
[5.31]
[5.33]
[5.34]
[5.35]
[5.36]
[5.37]
[5.38]
[5.39]