0.8759312354034661, 0.8958619188377196, 3.482322751619886, 214.4142156190351[9.494657]
[6.272266]
[5.2874484]
[7.4298625]
[6.156038]
[2.6988976]
[2.4011397]
[2.539876]
[2.5037084]
[2.4746683]
[2.462292]
[2.3644214]
[2.4420688]
[4.925693]
[5.304968]
[5.272335]
[5.4600816]
[6.2047806]
[9.807051]
[9.426694]
[8.150091]
[6.830665]
[6.3840466]
[6.234792]
[6.1131845]
[6.119755]
[6.1347404]
[6.1126175]
[5.9626527]
[5.8910685]
[5.8231254]
[5.9933143]
[6.2157035]
[6.2861495]
[6.168481]
[6.258372]
[6.2218466]
[6.3590293]
[10.601301]
[7.3949127]
[7.273982]
[8.1568575]
[8.480883]
[8.05367]
[9.354863]
[9.284047]
[9.152875]
[9.208009]
[9.27381]
[9.937231]
[10.279314]
[9.98324]
[9.504077]
[9.46733]
[9.298793]
[9.211335]
[9.247205]
[9.298219]
[9.198023]
[9.181136]
[9.229417]
[9.25843]
[9.198161]
[9.310172]
[9.416594]
[9.593334]
[10.314814]
[10.551052]
[10.099092]
[10.195663]
[12.799456]
[7.2710147]
[9.262324]
[9.666497]
[39.572063]
[15.163744]
[11.637628]
[11.715366]
[11.676375]
[11.764778]
[11.9929495]
[12.17099]
[12.15744]
[12.261095]
[12.413539]
[12.223669]
[12.295904]
[12.555538]
[12.845612]
[12.700869]
[12.782682]
[12.857704]
[13.334127]
[13.264895]
[13.005632]
[13.141361]
[13.203625]
[13.00223]
[12.952202]
[12.632821]
[13.061533]
[13.509613]
[13.354679]
[13.655846]
[13.838046]
[14.442025]
[18.896046]
[23.311413]
[21.418663]
[34.859425]
[66.38126]
[36.004917]
[70.91042]
[81.96865]
[90.16074]
[95.01488]
[138.62102]
[106.62799]
[69.75965]
[60.71595]
[63.6281]
[60.98666]
[55.850906]
[51.66988]
[52.929173]
[49.253094]
[39.9251]
[49.103752]
[51.625477]
[48.945686]
[50.010704]
[53.342644]
[29.753222]
[26.76893]
[42.654224]
[49.02366]
[44.761086]
[49.12455]
[44.673893]
[20.201626]
[23.504396]
[46.801456]
[50.212082]
[75.00686]
[114.14301]
[149.68205]
[171.65646]
[194.1465]
[225.41171]
[183.49553]
[145.73956]
[141.58026]
[131.30779]
[105.830574]
[87.93362]
[109.59278]
[112.48295]
[113.45563]
[117.33245]
[124.46609]
[108.980225]
[102.559715]
[96.72983]
[95.82947]
[90.993225]
[89.91488]
[93.31619]
[71.87771]
[67.58553]
[75.94786]
[75.56908]
[72.13496]
[71.26333]
[71.625626]
[62.313744]
[59.270096]
[54.971252]
[57.130226]
[41.94771]
[55.344387]
[55.491505]
[48.785572]
[46.00908]
[57.628605]
[51.548096]
[45.91981]
[42.482857]
[44.370613]
[40.125103]
[42.09182]
[45.698032]
[63.27445]
[69.64098]
[60.233265]
[67.12977]
[58.993603]
[55.81441]
[97.95608]
[96.79896]
[90.84429]
[84.14568]
[80.30397]
[81.39187]
[78.62126]
[84.32084]
[92.7744]
[89.5727]
[97.83926]
[103.09258]
[73.91027]
[70.87724]
[78.34294]
[58.784588]
[74.4588]
[52.264656]
[66.30498]
[36.160336]
[26.973373]
[47.939426]
[34.538292]
[33.43882]
[25.169954]
[28.774916]
[19.943508]
[15.186492]
[18.813671]
[24.657621]
[33.40363]
[34.55892]
[39.195995]
[25.97351]
[17.550402]
[41.560894]
[47.03186]
[38.768127]
[35.815758]
[21.82958]
[20.508486]
[20.758265]
[23.48732]
[28.556446]
[36.10069]
[33.80249]
[39.701923]
[14.820219]
[12.8446665]
[36.8735]
[36.835823]
[36.605503]
[36.34642]
[34.629337]
[15.862531]
[16.061665]
[27.073643]
[28.93566]
[20.82539]
[28.094242]
[27.696054]
[12.118249]
[8.211462]
[21.039207]
[24.077538]
[22.340591]
[20.644402]
[18.712994]
[14.085067]
[10.057778]
[15.184866]
[18.22662]
[13.083464]
[15.713749]
[36.93206]
[17.317434]
[12.312056]
[21.84778]
[24.791328]
[22.632618]
[21.271645]
[19.835361]
[8.227718]
[5.0141273]
[17.001396]
[17.084967]
[19.631641]
[20.490526]
[18.781883]
[7.85945]
[4.3718123]
[4.0260315]
[2.7395337]
[2.5318348]
[2.6532876]
[3.057423]
[2.915393]
[2.4776938]
[2.2371671]
[2.1509335]
[2.168633]
[2.0598967]
[1.8906064]
[1.7099383]
[1.6369073]
[1.6377802]
[1.5203762]
[1.5018853]
[1.3447746]
[1.2801434]
[1.2801434]
[1.2801434]
[1.2801434]
[1.1459469]
[3.2340784]
[8.336551]
[7.981876]
[10.080118]
[5.2069283]
[6.4019365]
[7.271858]
[12.122041]
[10.3481245]
[8.535881]
[5.466127]
[2.3838983]
[5.6658664]
[5.9757066]
[4.701503]
[5.10922]
[5.6589417]
[7.354961]
[7.633479]
[6.249295]
[7.477378]
[15.6512375]
[9.068]
[8.326234]
[4.5163264]
[8.393683]
[8.736201]
[8.409812]
[2.8769076]
[2.4479778]
[2.512437]
[3.3102899]
[6.599386]
[6.5163503]
[6.633669]
[3.814382]
[2.5333102]
[2.5398195]
[2.5925245]
[2.5845318]
[2.4875443]
[4.060638]
[2.7111213]
[2.5150738]
[2.6501591]
[2.5926747]
[2.6091182]
[2.6025162]
[3.4927728]
[3.7119458]
[3.3700807]
[3.2010913]
[2.931537]
[2.8154309]
[2.837583]
[2.896319]
[2.971031]
[2.9901779]
[2.9418485]
[3.160083]
[2.9227142]
[2.8813229]
[2.9483306]
[2.9533157]
[2.9758568]
[5.2025523]
[5.4863577]
[10.648836]
[6.3583283]
[5.733394]
[7.1459208]
[6.7537923]
[5.892272]
[9.309433]
[8.50616]
[6.686683]
[8.692843]
[9.163249]
[7.0497575]
[6.966763]
[9.783619]
[10.42714]
[10.295919]
[10.229333]
[15.745618]
[9.646799]
[7.7057366]
[11.7224455]
[15.562187]
[19.914333]
[13.453951]
[10.88478]
[10.1703205]
[8.829886]
[9.014595]
[10.059779]
[10.199963]
[11.206327]
[11.400984]
[10.516255]
[10.599845]
[11.738832]
[11.279842]
[11.106486]
[12.156213]
[12.370706]
[11.1243925]
[10.526641]
[11.717077]
[12.027507]
[11.888062]
[11.827391]
[11.38536]
[10.8389225]
[10.682359]
[10.898148]
[12.439528]
[12.464897]
[10.647075]
[11.715566]
[11.879383]
[11.72524]
[12.386245]
[12.356875]
[11.51911]
[13.265301]
[12.649057]
[12.683387]
[12.558066]
[12.346004]
[12.186806]
[12.101163]
[12.204917]
[12.031963]
[13.973488]
[17.150438]
[16.25928]
[12.678415]
[12.528272]
[12.797897]
[13.233573]
[13.312246]
[12.766086]
[12.673881]
[12.704933]
[12.827702]
[12.94174]
[12.964022]
[13.0248375]
[12.845532]
[12.752488]
[12.704898]
[12.798262]
[12.927157]
[13.177217]
[13.20717]
[13.23551]
[13.15525]
[13.168044]
[13.253983]
[13.374842]
[13.263966]
[13.1013775]
[13.0396805]
[13.038736]
[13.145971]
[13.013563]
[13.052895]
[13.123798]
[13.209629]
[13.110169]
[13.0011]
[13.099288]
[12.906313]
[12.980341]
[13.212026]
[13.322484]
[13.2604685]
[13.2267065]
[13.230153]
[13.226252]
[13.43399]
[13.617233]
[13.555521]
[13.542963]
[13.607052]
[13.866163]
[14.231717]
[14.488217]
[14.904215]
[12.217264]
[28.052708]
[50.247543]
[18.764477]
[11.937383]
[13.874192]
[14.489149]
[14.721688]
[14.663342]
[14.526772]
[14.482091]
[14.297544]
[13.986841]
[13.630001]
[13.563648]
[13.533047]
[13.347541]
[13.920977]
[13.275945]
[13.145507]
[13.074648]
[13.064334]
[12.529812]
[13.088332]
[11.467592]
[11.0651245]
[11.014719]
[11.609658]
[11.674536]
[12.666272]
[11.565995]
[11.096038]
[10.794596]
[10.768305]
[10.718004]
[10.453144]
[10.722158]
[10.720373]
[10.77863]
[10.671341]
[10.654321]
[10.642207]
[10.615258]
[10.487359]
[10.372167]
[10.593187]
[11.962458]
[13.017875]
[13.186106]
[12.8234005]
[12.083217]
[11.911517]
[11.558838]
[11.462824]
[11.764739]
[10.881302]
[10.567495]
[9.730355]
[9.440523]
[9.381798]
[9.253672]
[9.213242]
[9.068554]
[9.063606]
[8.916824]
[8.883382]
[8.879044]
[8.736984]
[8.81067]
[8.730304]
[8.755787]
[8.710286]
[8.693868]
[8.626811]
[8.572916]
[8.444735]
[8.390194]
[8.26119]
[8.2342615]
[8.244276]
[8.276865]
[8.1587105]
[8.107344]
[8.241483]
[8.17126]
[7.9010887]
[7.8718257]
[7.7208505]
[7.422844]
[7.31082]
[7.514964]
[7.6312647]
[7.530025]
[7.3720417]
[7.166399]
[7.446719]
[8.2939205]
[9.290613]
[8.719506]
[8.389329]
[8.106103]
[7.899101]
[7.7525563]
[7.5579004]
[7.4000874]
[7.4650707]
[7.2736382]
[7.1650457]
[7.165307]
[6.928786]
[6.9625187]
[7.523393]
[7.830598]
[7.6497965]
[7.9036484]
[7.7321105]
[7.077914]
[6.737647]
[6.5435686]
[6.4823413]
[6.3452697]
[6.4403663]
[6.515503]
[6.393433]
[6.22947]
[6.3139443]
[6.258478]
[6.21992]
[6.244098]
[6.261783]
[6.1573977]
[6.2294908]
[6.1991296]
[6.1691017]
[6.0810857]
[6.0219574]
[6.2156777]
[6.0680103]
[5.993051]
[6.143155]
[6.2303786]
[6.137041]
[6.2373133]
[6.2828236]
[6.528445]
[6.654348]
[5.321499]
[5.1716022]
[4.9522967]
[4.3369107]
[4.3313828]
[4.2081437]
[4.302386]
[4.252355]
[4.1906896]
[4.330525]
[4.292176]
[4.247915]
[4.241503]
[4.261434]
[4.302812]
[4.2113943]
[4.1610026]
[4.3334713]
[4.191613]
[4.1869287]
[4.381839]
[4.3446016]
[4.315159]
[4.3279376]
[4.35923]
[4.374936]
[4.390077]
[4.403785]
[4.4309278]
[4.4790854]
[4.3781247]
[4.4870157]
[4.8128576]
[4.795521]
[8.4494295]
[5.0441794]
[6.4496603]
[6.606567]
[4.901125]
[4.787198]
[4.756931]
[4.716813]
[5.077552]
[4.7461495]
[5.076129]
[4.7748055]
[5.0867915]
[4.7917094]
[7.2173467]
[5.4437184]
[5.1172895]
[5.0987754]
[5.063301]
[5.027839]
[4.992323]
[4.7204103]
[4.94128]
[4.7733517]
[7.172552]
[4.929638]
[4.645568]
[4.788793]
[4.561415]
[4.574716]
[4.698636]
[4.495712]
[4.6427107]
[4.564896]
[4.4413414]
[4.5531597]
[4.403768]
[4.384808]
[4.361027]
[4.4269357]
[4.300518]
[4.378217]
[4.248895]
[4.2887535]
[4.270582]
[4.2583623]
[4.116012]
[4.209116]
[4.1855426]
[4.095606]
[4.139042]
[4.09372]
[4.055311]
[4.0950813]
[4.005677]
[4.1034203]
[7.3337708]
[7.2044587]
[7.6709223]
[7.323463]
[7.7127743]
[7.808693]
[7.7949696]
[7.796541]
[8.445716]
[7.918271]
[8.470448]
[7.943724]
[8.494609]
[7.9688406]
[8.52029]
[8.6244335]
[8.075145]
[8.084722]
[8.111434]
[8.157539]
[8.215669]
[8.239189]
[8.238323]
[8.660754]
[8.407349]
[9.0016575]
[8.795699]
[8.543434]
[9.380756]
[9.471918]
[9.491717]
[11.320312]
[11.572918]
[11.507164]
[11.986661]
[11.432647]
[11.843219]
[12.385997]
[12.371238]
[15.509776]
[17.348618]
[15.319804]
[11.794924]
[11.882026]
[11.939578]
[12.45565]
[16.142298]
[12.954619]
[12.448855]
[12.423653]
[12.909977]
[11.925441]
[11.766077]
[12.003482]
[12.185378]
[12.230181]
[12.520875]
[12.45967]
[12.474848]
[12.540246]
[12.410764]
[13.294769]
[13.620543]
[13.73625]
[13.8430195]
[13.446803]
[13.495754]
[13.17796]
[13.2885275]
[13.753433]
[13.285078]
[10.111999]
[22.059443]
[15.464436]
[16.212162]
[13.12334]
[15.820816]
[16.357718]
[16.403807]
[16.385263]
[16.43977]
[16.425308]
[16.163431]
[15.96554]
[15.694224]
[15.851208]
[15.660125]
[17.171293]
[17.103949]
[16.467678]
[16.618542]
[17.12474]
[17.353737]
[17.602812]
[17.986658]
[15.919581]
[19.014477]
[18.789991]
[17.1377]
[17.013271]
[17.487768]
[17.30947]
[16.01636]
[17.073364]
[16.999514]
[16.510359]
[16.980194]
[16.834976]
[16.69473]
[16.121742]
[16.25495]
[16.137436]
[15.927058]
[15.801784]
[15.900489]
[16.028868]
[17.043604]
[17.213629]
[16.5245]
[15.931956]
[15.472786]
[15.244726]
[14.988993]
[15.400778]
[15.47383]
[16.077185]
[16.622782]
[15.685243]
[15.335031]
[15.129543]
[15.352777]
[15.469579]
[15.735171]
[16.395786]
[22.171015]
[25.899725]
[18.530577]
[26.829512]
[25.183708]
[23.911911]
[23.110312]
[21.270256]
[5.5364146]
[16.210766]
[17.70547]
[17.00559]
[20.412296]
[38.66684]
[46.084137]
[50.801334]
[55.93303]
[44.902912]
[38.877514]
[56.21495]
[66.91934]
[65.83689]
[66.420395]
[55.91465]
[75.26895]
[95.340454]
[104.52574]
[126.74773]
[113.15093]
[123.07126]
[108.59841]
[101.781334]
[100.68221]
[101.99303]
[97.893486]
[94.6872]
[88.69811]
[86.158356]
[70.57518]
[75.322136]
[91.831604]
[87.76536]
[86.647484]
[88.53284]
[82.3662]
[94.58102]
[116.96257]
[122.71194]
[135.08008]
[138.02144]
[133.10385]
[131.32411]
[132.38045]
[130.01602]
[102.760284]
[102.84212]
[99.79233]
[97.99064]
[94.54818]
[62.785034]
[52.859066]
[63.159645]
[57.85411]
[54.278008]
[42.269356]
[23.677423]
[21.356083]
[21.162882]
[31.951197]
[46.5542]
[40.787106]
[43.08005]
[34.070583]
[17.074001]
[14.34071]
[27.51314]
[16.562714]
[14.45737]
[13.589259]
[11.292434]
[10.240298]
[9.849531]
[11.654645]
[11.193043]
[9.868159]
[8.698922]
[9.383784]
[7.3519316]
[7.177318]
[8.35019]
[8.050376]
[7.029265]
[7.243123]
[7.1674824]
[7.2544713]
[7.348829]
[9.397153]
[9.773034]
[6.488355]
[6.2119503]
[6.840696]
[7.74115]
[7.605357]
[6.8049126]
[6.8312583]
[6.727238]
[6.087806]
[6.46635]
[5.08733]
[4.060422]
[5.0968456]
[6.0318065]
[8.472538]
[8.516688]
[11.54096]
[7.7343106]
[8.234857]
[8.726923]
[6.5516047]
[4.7890487]
[6.013725]
[12.833547]
[4.619115]
[3.296099]
[4.6724453]
[4.5266037]
[8.431357]
[7.758839]
[6.455868]
[4.0039597]
[4.809568]
[18.862514]
[24.492756]
[23.286797]
[22.351782]
[15.533161]
[7.2685776]
[6.6877136]
[6.050985]
[3.7594564]
[2.9121573]
[2.3376236]
[1.926462]
[1.2637047]
[0.9435665]
[1.1825296]
[1.340892]
[1.082132]
[0.8019052]
[0.83537185]
[0.6644681]
[0.50431365][10.25]
[9.45]
[13.02]
[10.69]
[5.31]
[5.25]
[5.26]
[5.31]
[5.31]
[5.3]
[5.29]
[5.3]
[9.25]
[9.31]
[9.28]
[9.29]
[9.27]
[9.26]
[9.25]
[9.26]
[9.26]
[9.27]
[9.25]
[9.25]
[9.32]
[9.28]
[9.26]
[9.22]
[9.21]
[9.23]
[9.23]
[9.06]
[9.24]
[9.25]
[9.24]
[9.29]
[9.55]
[9.28]
[9.27]
[9.27]
[9.25]
[9.24]
[9.28]
[12.21]
[12.29]
[12.32]
[12.27]
[12.3]
[12.29]
[12.25]
[12.25]
[12.25]
[12.29]
[12.3]
[12.3]
[12.31]
[12.36]
[12.34]
[12.35]
[12.36]
[12.37]
[12.39]
[12.39]
[12.4]
[12.36]
[12.39]
[12.4]
[12.41]
[12.52]
[12.25]
[12.25]
[12.03]
[12.31]
[26.75]
[15.2]
[15.05]
[15.12]
[15.03]
[15.09]
[15.17]
[15.22]
[15.41]
[15.4]
[15.43]
[15.24]
[15.14]
[15.08]
[15.29]
[15.3]
[15.23]
[15.22]
[15.17]
[15.21]
[15.24]
[15.21]
[15.26]
[15.09]
[15.03]
[14.94]
[15.09]
[15.28]
[15.3]
[15.52]
[15.38]
[15.46]
[15.26]
[15.55]
[15.54]
[15.27]
[22.36]
[17.87]
[15.85]
[42.75]
[82.22]
[94.05]
[93.25]
[90.97]
[55.68]
[49.63]
[58.09]
[56.67]
[54.59]
[53.59]
[58.05]
[53.08]
[41.74]
[57.88]
[58.89]
[56.17]
[56.45]
[59.98]
[24.57]
[23.68]
[48.95]
[58.59]
[52.66]
[61.65]
[55.39]
[15.63]
[15.57]
[49.45]
[48.02]
[57.5]
[95.04]
[91.35]
[127.12]
[159.08]
[215.85]
[192.9]
[144.63]
[136.75]
[131.02]
[99.64]
[86.83]
[129.19]
[131.03]
[129.73]
[130.49]
[130.52]
[92.3]
[87.76]
[90.33]
[91.84]
[90.24]
[92.4]
[96.82]
[52.74]
[45.22]
[55.96]
[60.38]
[51.61]
[55.5]
[62.81]
[54.04]
[56.12]
[53.08]
[60.33]
[38.11]
[64.66]
[62.07]
[50.21]
[45.53]
[67.12]
[58.52]
[53.52]
[50.52]
[53.77]
[41.06]
[38.17]
[35.45]
[50.08]
[57.71]
[43.73]
[61.41]
[54.5]
[42.43]
[96.98]
[93.31]
[95.73]
[93.08]
[91.61]
[94.94]
[85.74]
[88.4]
[98.74]
[90.94]
[95.37]
[98.5]
[45.13]
[47.61]
[67.66]
[39.1]
[71.69]
[37.29]
[69.59]
[19.53]
[12.7]
[49.99]
[27.12]
[31.05]
[19.21]
[28.46]
[14.31]
[9.94]
[17.83]
[28.86]
[44.83]
[46.46]
[52.06]
[24.01]
[9.42]
[50.97]
[57.23]
[44.2]
[37.8]
[12.15]
[9.41]
[10.47]
[20.43]
[33.31]
[48.25]
[44.01]
[55.45]
[12.7]
[10.36]
[51.64]
[50.92]
[50.38]
[49.93]
[49.1]
[13.79]
[10.13]
[29.22]
[34.2]
[23.2]
[39.35]
[38.77]
[14.08]
[10.2]
[32.49]
[35.58]
[33.86]
[32.24]
[29.9]
[23.23]
[16.87]
[24.9]
[28.37]
[17.49]
[16.74]
[47.53]
[16.06]
[15.03]
[32.65]
[36.66]
[33.79]
[32.62]
[31.6]
[12.79]
[8.68]
[29.3]
[28.48]
[33.01]
[32.79]
[29.71]
[12.11]
[7.79]
[7.39]
[5.3]
[5.33]
[5.36]
[5.41]
[5.44]
[5.46]
[5.48]
[5.51]
[5.52]
[5.54]
[5.55]
[5.56]
[5.57]
[5.58]
[5.41]
[5.59]
[5.59]
[5.59]
[5.59]
[5.59]
[5.59]
[5.52]
[9.82]
[15.53]
[16.95]
[20.82]
[11.7]
[14.18]
[15.4]
[23.39]
[19.41]
[16.47]
[11.42]
[6.71]
[12.54]
[12.67]
[10.63]
[11.37]
[12.05]
[14.44]
[14.47]
[12.32]
[14.46]
[13.82]
[14.57]
[14.58]
[8.47]
[14.78]
[14.81]
[14.47]
[5.31]
[5.31]
[5.29]
[6.65]
[12.03]
[10.97]
[11.68]
[7.09]
[5.32]
[5.32]
[5.33]
[5.32]
[5.32]
[7.66]
[5.32]
[5.32]
[5.32]
[5.29]
[5.21]
[5.09]
[5.1]
[5.1]
[5.1]
[5.11]
[5.11]
[5.1]
[5.12]
[5.22]
[5.48]
[5.49]
[5.27]
[5.12]
[5.13]
[5.12]
[5.12]
[5.11]
[5.16]
[8.76]
[8.76]
[8.94]
[8.95]
[8.95]
[10.8]
[10.34]
[8.93]
[12.82]
[12.41]
[9.78]
[12.71]
[13.05]
[9.78]
[9.61]
[13.47]
[13.71]
[13.82]
[13.8]
[20.11]
[12.1]
[10.21]
[15.44]
[19.36]
[24.22]
[16.35]
[13.82]
[12.91]
[11.05]
[11.21]
[12.63]
[12.73]
[13.93]
[14.]
[12.75]
[12.72]
[14.06]
[13.64]
[13.18]
[14.13]
[14.47]
[12.97]
[12.08]
[13.53]
[13.92]
[14.]
[14.03]
[13.47]
[12.53]
[12.61]
[12.89]
[13.87]
[13.64]
[12.29]
[13.75]
[12.77]
[12.77]
[13.97]
[13.97]
[12.95]
[15.58]
[14.78]
[14.97]
[14.82]
[14.67]
[14.69]
[14.7]
[14.81]
[14.7]
[17.5]
[18.04]
[19.37]
[14.58]
[14.62]
[14.69]
[14.75]
[14.6]
[14.39]
[14.42]
[14.49]
[14.55]
[14.59]
[14.62]
[14.6]
[14.31]
[14.23]
[14.12]
[14.15]
[14.3]
[14.52]
[14.49]
[14.43]
[14.23]
[14.17]
[14.28]
[14.37]
[14.29]
[14.2]
[14.09]
[14.11]
[14.23]
[14.04]
[14.13]
[14.15]
[14.07]
[14.02]
[13.88]
[13.88]
[13.78]
[13.82]
[13.92]
[14.08]
[13.97]
[13.86]
[13.82]
[13.83]
[13.99]
[14.01]
[13.84]
[13.78]
[13.71]
[13.96]
[14.1]
[13.99]
[13.72]
[16.98]
[13.92]
[13.67]
[13.53]
[13.42]
[13.41]
[13.36]
[14.17]
[14.52]
[14.48]
[14.44]
[14.41]
[14.38]
[14.37]
[14.35]
[14.34]
[14.31]
[15.25]
[14.32]
[14.31]
[14.29]
[14.29]
[14.58]
[14.56]
[12.15]
[11.95]
[11.88]
[11.87]
[11.82]
[13.39]
[11.95]
[11.94]
[11.89]
[11.86]
[11.86]
[11.84]
[11.83]
[11.81]
[11.86]
[11.86]
[11.8]
[11.8]
[11.79]
[11.78]
[11.77]
[11.96]
[11.94]
[11.9]
[11.85]
[11.35]
[11.83]
[11.8]
[12.]
[12.06]
[12.03]
[9.66]
[9.6]
[9.59]
[9.63]
[9.74]
[9.73]
[9.68]
[9.68]
[9.7]
[9.68]
[9.68]
[9.67]
[9.67]
[9.73]
[9.77]
[9.75]
[9.77]
[9.77]
[9.77]
[9.74]
[9.74]
[9.73]
[9.72]
[9.75]
[9.75]
[9.79]
[9.77]
[9.77]
[9.78]
[9.77]
[9.09]
[9.09]
[8.91]
[8.69]
[8.69]
[8.66]
[8.69]
[8.7]
[8.7]
[8.66]
[8.67]
[8.77]
[8.78]
[8.78]
[8.77]
[8.78]
[8.77]
[8.74]
[8.74]
[8.77]
[8.77]
[8.77]
[8.76]
[8.77]
[8.76]
[8.77]
[8.77]
[8.76]
[8.76]
[8.77]
[8.71]
[8.26]
[8.23]
[8.06]
[8.02]
[8.01]
[8.04]
[8.06]
[8.04]
[8.05]
[8.06]
[8.05]
[8.05]
[8.07]
[8.07]
[8.06]
[8.04]
[8.08]
[8.07]
[8.07]
[8.03]
[8.1]
[8.09]
[8.1]
[8.11]
[8.1]
[8.11]
[8.12]
[8.11]
[8.11]
[8.13]
[6.13]
[6.11]
[5.91]
[5.29]
[5.35]
[5.29]
[5.31]
[5.3]
[5.3]
[5.3]
[5.31]
[5.3]
[5.27]
[5.29]
[5.29]
[5.29]
[5.3]
[5.3]
[5.34]
[5.31]
[5.31]
[5.32]
[5.32]
[5.31]
[5.33]
[5.32]
[5.32]
[5.31]
[5.33]
[5.32]
[5.34]
[5.34]
[5.89]
[5.74]
[5.51]
[5.5]
[7.49]
[7.16]
[5.55]
[5.56]
[5.48]
[5.43]
[5.41]
[5.42]
[5.48]
[5.44]
[5.44]
[5.44]
[7.99]
[5.37]
[5.4]
[5.41]
[5.38]
[5.38]
[5.39]
[5.38]
[5.38]
[5.43]
[5.4]
[5.41]
[5.42]
[5.41]
[5.41]
[5.41]
[5.41]
[5.42]
[5.44]
[5.44]
[5.45]
[5.47]
[5.47]
[5.4]
[5.42]
[5.44]
[5.46]
[5.47]
[5.46]
[5.46]
[5.47]
[5.47]
[5.42]
[5.48]
[5.49]
[5.48]
[5.46]
[5.46]
[5.5]
[5.51]
[5.48]
[5.46]
[9.04]
[9.13]
[9.13]
[9.16]
[9.17]
[9.17]
[9.19]
[9.21]
[9.24]
[9.24]
[9.22]
[9.2]
[9.27]
[9.28]
[9.28]
[9.29]
[9.32]
[9.33]
[9.33]
[9.34]
[9.36]
[9.37]
[9.38]
[9.41]
[9.41]
[9.41]
[9.41]
[9.42]
[9.83]
[9.49]
[9.52]
[12.18]
[12.29]
[12.29]
[12.33]
[12.37]
[12.42]
[12.45]
[12.39]
[15.27]
[16.55]
[14.11]
[12.06]
[12.15]
[12.22]
[12.2]
[14.89]
[12.24]
[12.29]
[12.3]
[12.82]
[12.19]
[12.16]
[12.29]
[12.32]
[12.3]
[12.41]
[12.47]
[12.46]
[12.66]
[12.65]
[14.68]
[15.59]
[15.66]
[15.62]
[15.61]
[15.62]
[15.55]
[15.55]
[15.53]
[15.48]
[15.58]
[15.63]
[15.67]
[15.73]
[15.76]
[15.69]
[15.74]
[15.74]
[15.7]
[15.75]
[15.81]
[15.74]
[15.69]
[15.67]
[15.67]
[15.69]
[15.71]
[15.78]
[15.82]
[15.85]
[15.84]
[15.82]
[15.81]
[15.68]
[15.65]
[15.45]
[15.76]
[15.72]
[15.72]
[15.72]
[15.86]
[15.62]
[15.55]
[15.84]
[15.47]
[15.85]
[15.91]
[15.89]
[15.6]
[15.96]
[15.99]
[15.84]
[15.77]
[15.99]
[15.57]
[15.56]
[15.78]
[15.69]
[15.67]
[15.63]
[15.75]
[15.5]
[15.92]
[15.96]
[15.99]
[16.2]
[15.99]
[15.99]
[15.96]
[15.93]
[15.94]
[15.96]
[15.89]
[15.75]
[15.57]
[14.85]
[16.98]
[17.18]
[17.15]
[16.64]
[16.94]
[16.89]
[16.85]
[16.85]
[16.82]
[22.09]
[48.14]
[54.09]
[52.25]
[50.82]
[26.21]
[24.32]
[46.38]
[54.6]
[55.32]
[58.59]
[42.22]
[59.61]
[52.27]
[91.07]
[134.99]
[99.13]
[93.08]
[89.49]
[90.15]
[90.7]
[92.91]
[90.54]
[92.41]
[91.17]
[89.85]
[54.37]
[55.31]
[91.98]
[89.63]
[92.51]
[92.65]
[53.92]
[58.15]
[118.86]
[121.02]
[128.01]
[129.11]
[130.04]
[130.07]
[129.96]
[130.52]
[93.73]
[94.19]
[93.43]
[94.32]
[94.03]
[49.04]
[42.92]
[63.69]
[56.03]
[54.7]
[38.34]
[11.79]
[11.72]
[12.96]
[33.11]
[57.23]
[47.44]
[52.93]
[38.46]
[13.38]
[10.84]
[32.12]
[12.86]
[13.04]
[11.96]
[9.06]
[9.09]
[9.87]
[13.99]
[13.87]
[12.77]
[11.54]
[13.62]
[10.08]
[9.89]
[11.66]
[11.41]
[10.97]
[12.27]
[12.58]
[13.52]
[14.11]
[18.19]
[19.12]
[13.6]
[13.55]
[13.48]
[13.43]
[13.64]
[13.07]
[13.76]
[13.75]
[12.85]
[13.71]
[11.22]
[9.92]
[11.7]
[12.05]
[15.5]
[15.5]
[20.41]
[11.86]
[11.21]
[12.16]
[10.03]
[8.58]
[11.93]
[24.96]
[9.81]
[9.12]
[11.89]
[11.97]
[19.72]
[18.14]
[16.04]
[11.71]
[13.74]
[39.18]
[46.43]
[42.22]
[40.7]
[29.17]
[11.6]
[7.7]
[7.77]
[5.18]
[5.21]
[5.24]
[5.27]
[5.28]
[5.29]
[5.31]
[5.33]
[5.34]
[5.35]
[5.36]
[5.37]
[5.38]
[5.39]