0.8900529900344818, 0.9026736951130248, -0.34237966130434744, 201.84316999892096[11.635847]
[8.79515]
[7.684351]
[9.787643]
[8.711465]
[5.104276]
[4.5352173]
[4.5288935]
[4.5066996]
[4.5169153]
[4.4518723]
[4.4476604]
[4.4508505]
[6.930445]
[7.4180694]
[7.408454]
[7.5902624]
[8.609552]
[10.217367]
[9.671273]
[8.595561]
[8.182959]
[8.030388]
[7.9434714]
[7.8720336]
[7.9119997]
[7.9016223]
[7.8282447]
[7.721358]
[7.649892]
[7.6449685]
[7.820112]
[7.8046036]
[7.804424]
[7.8056297]
[7.8242173]
[7.755481]
[8.123421]
[12.013916]
[8.871938]
[8.587548]
[9.002407]
[8.963768]
[8.660323]
[10.359447]
[10.606391]
[10.587763]
[10.587331]
[10.728236]
[11.156624]
[11.172031]
[10.900932]
[10.684392]
[10.683403]
[10.554391]
[10.528692]
[10.537319]
[10.548865]
[10.46793]
[10.460449]
[10.477457]
[10.461496]
[10.425218]
[10.497531]
[10.540636]
[10.7027235]
[11.120285]
[11.114365]
[10.8568735]
[10.99681]
[13.671273]
[8.233141]
[9.893185]
[10.516897]
[40.234676]
[16.668478]
[12.57323]
[12.550426]
[12.492418]
[12.518852]
[12.678013]
[12.789049]
[12.748591]
[12.8407135]
[12.9158125]
[12.669941]
[12.667247]
[12.804949]
[13.033473]
[12.855869]
[12.9090395]
[12.821594]
[13.349638]
[13.21527]
[12.920032]
[13.071811]
[13.096151]
[12.886009]
[12.836072]
[12.399432]
[12.835024]
[13.352279]
[13.088769]
[13.427937]
[13.609771]
[14.177121]
[16.962397]
[21.94987]
[19.555605]
[32.556835]
[56.210785]
[32.18758]
[68.26955]
[82.337]
[86.14217]
[96.785095]
[129.00893]
[102.90164]
[72.7095]
[62.116974]
[64.452286]
[62.229168]
[56.50312]
[52.898373]
[53.78308]
[50.62242]
[42.36809]
[50.149067]
[52.550552]
[50.544247]
[49.834793]
[53.780643]
[32.16355]
[28.0657]
[44.016792]
[50.518337]
[46.216908]
[50.581104]
[46.2419]
[23.177946]
[23.902643]
[46.69152]
[49.67334]
[73.8216]
[104.81656]
[137.32043]
[154.70253]
[171.55809]
[201.09048]
[178.73772]
[149.20296]
[143.10962]
[131.57527]
[106.67523]
[91.004875]
[115.44065]
[120.23191]
[122.27051]
[123.75575]
[130.00371]
[107.82766]
[100.484436]
[96.10834]
[94.84527]
[91.93032]
[91.76613]
[96.24618]
[71.89966]
[68.91719]
[77.15262]
[77.3786]
[74.22298]
[72.95366]
[73.41489]
[63.721474]
[60.440388]
[56.002243]
[58.392017]
[44.358376]
[56.945076]
[56.99965]
[50.08844]
[47.41558]
[59.346897]
[53.655598]
[48.531376]
[45.333294]
[46.591698]
[40.97197]
[42.95168]
[46.733532]
[64.18001]
[70.84131]
[61.703316]
[68.58471]
[60.002823]
[57.17775]
[99.31502]
[96.70942]
[93.353096]
[87.90761]
[83.30188]
[84.352455]
[81.05752]
[87.824486]
[95.170235]
[92.63644]
[99.74985]
[102.62389]
[72.53913]
[72.24787]
[79.56243]
[60.970146]
[75.25102]
[53.58214]
[66.88788]
[37.421253]
[26.260714]
[48.491245]
[36.79322]
[35.580204]
[27.725067]
[31.445557]
[23.01823]
[17.148859]
[21.56743]
[28.906178]
[38.763325]
[40.247276]
[43.718605]
[30.897799]
[20.212036]
[44.395584]
[50.661514]
[42.789948]
[39.210022]
[24.943853]
[21.290659]
[20.517908]
[24.933636]
[32.882595]
[41.646408]
[39.702335]
[45.25245]
[21.950678]
[16.90697]
[41.55275]
[42.698727]
[41.78785]
[41.846733]
[40.284725]
[22.115316]
[18.662321]
[29.31414]
[33.26205]
[25.965092]
[33.397167]
[33.72272]
[18.598318]
[12.729292]
[26.253998]
[30.361944]
[29.016333]
[27.39852]
[25.545088]
[20.86425]
[16.361288]
[21.003181]
[24.24477]
[18.928968]
[19.84482]
[39.92917]
[22.10022]
[16.06561]
[26.654905]
[30.393845]
[28.625757]
[27.259495]
[25.950472]
[14.226015]
[9.07438]
[21.600769]
[22.77181]
[25.389112]
[26.17372]
[24.235138]
[13.015816]
[7.952049]
[7.2059035]
[5.8676305]
[5.5260897]
[5.948135]
[6.0472207]
[5.695284]
[5.585359]
[5.4505568]
[5.5565658]
[5.4865932]
[5.429317]
[5.28359]
[5.2250743]
[5.2339606]
[5.2402325]
[5.1148596]
[5.0600414]
[5.0200133]
[5.0209475]
[5.0209475]
[5.0209475]
[5.0209475]
[4.817245]
[6.9630723]
[12.72731]
[12.903773]
[15.062896]
[9.985615]
[10.521015]
[11.384819]
[16.564457]
[15.141228]
[12.903142]
[9.360992]
[5.979625]
[8.9367695]
[9.548874]
[8.32801]
[8.557597]
[9.125258]
[10.796679]
[11.033873]
[9.626508]
[10.753132]
[19.084095]
[12.887649]
[11.322109]
[7.4895744]
[10.975264]
[11.573026]
[11.321195]
[5.6075134]
[4.630183]
[4.620289]
[5.3456974]
[8.804214]
[8.981408]
[9.070129]
[6.2537446]
[4.7005277]
[4.531234]
[4.5422726]
[4.485374]
[4.479271]
[5.9695206]
[4.704391]
[4.486334]
[4.497452]
[4.4717407]
[4.416659]
[4.6386304]
[4.9936113]
[4.8580904]
[4.738267]
[4.623303]
[4.5057034]
[4.4899364]
[4.501849]
[4.522261]
[4.6611915]
[4.705229]
[4.7126822]
[4.608437]
[4.472369]
[4.5121765]
[4.513458]
[4.5081186]
[4.4934163]
[6.7626867]
[7.165965]
[12.341577]
[8.281097]
[7.3279195]
[8.644406]
[8.382946]
[7.4721284]
[10.703159]
[10.1238]
[8.2463045]
[9.970883]
[10.500126]
[8.424112]
[8.070366]
[10.729772]
[11.433725]
[11.332761]
[11.2994585]
[16.79025]
[11.041289]
[8.625908]
[12.319541]
[16.444727]
[20.649801]
[14.487529]
[11.566816]
[10.675744]
[9.237994]
[9.261962]
[10.248588]
[10.417445]
[11.373069]
[11.543054]
[10.611787]
[10.568009]
[11.6599455]
[11.1710825]
[10.944577]
[11.90689]
[12.1111765]
[10.8461685]
[10.126098]
[11.311233]
[11.7246275]
[11.655347]
[11.732726]
[11.17267]
[10.448505]
[9.959236]
[10.399378]
[11.977223]
[11.993217]
[9.982241]
[11.446168]
[11.461056]
[11.2093935]
[11.808521]
[11.8425255]
[10.915292]
[12.993354]
[12.540515]
[12.484766]
[12.429704]
[12.397388]
[12.387723]
[12.193311]
[12.418869]
[12.323602]
[14.54346]
[17.919632]
[16.792412]
[12.694428]
[11.8932495]
[12.322146]
[12.2312]
[12.827693]
[12.513114]
[12.258494]
[12.153119]
[12.091928]
[12.125742]
[12.025555]
[11.951254]
[11.666474]
[11.505535]
[11.436025]
[11.48681]
[11.5827]
[11.790275]
[11.793687]
[11.793276]
[11.714767]
[11.685581]
[11.73885]
[11.895337]
[11.869979]
[11.761796]
[11.715924]
[11.7587]
[11.919175]
[11.850193]
[11.932876]
[12.0397]
[12.0949335]
[12.126745]
[11.931567]
[12.013642]
[11.933638]
[11.938299]
[12.003682]
[12.055158]
[11.946703]
[11.80896]
[11.739992]
[11.75631]
[12.043047]
[12.223729]
[12.220659]
[12.259119]
[12.256907]
[12.533672]
[12.822835]
[12.908022]
[11.317368]
[18.13986]
[28.269604]
[33.961075]
[11.459502]
[10.448258]
[11.177868]
[12.683868]
[13.29503]
[13.407739]
[13.255517]
[13.214825]
[13.19365]
[13.281213]
[13.035953]
[12.8994]
[12.992545]
[12.987007]
[13.538582]
[12.8372135]
[12.691127]
[12.590485]
[12.619043]
[11.954025]
[12.501749]
[10.972789]
[10.62396]
[10.378542]
[10.620553]
[10.989976]
[12.118913]
[11.285208]
[10.920604]
[10.67707]
[10.56952]
[10.404389]
[10.338586]
[10.540659]
[10.360986]
[10.340368]
[10.236041]
[10.245926]
[10.242077]
[10.226166]
[10.087372]
[9.966077]
[10.477322]
[11.46621]
[12.166438]
[12.060473]
[11.918191]
[11.366426]
[11.179441]
[11.086236]
[11.121261]
[11.1822195]
[10.09158]
[9.63085]
[9.353153]
[9.27821]
[9.348844]
[9.263635]
[9.246905]
[9.130513]
[9.146778]
[9.023318]
[9.011537]
[9.012807]
[8.889477]
[8.973698]
[8.90212]
[8.940243]
[8.895723]
[8.888445]
[8.826805]
[8.78454]
[8.709403]
[8.690592]
[8.608883]
[8.619657]
[8.625456]
[8.644753]
[8.5675745]
[8.55478]
[8.626132]
[8.572503]
[8.226445]
[8.118552]
[7.98305]
[7.7316966]
[7.6862855]
[7.792176]
[7.825917]
[7.7664785]
[7.6899233]
[7.6008186]
[7.805902]
[8.272415]
[9.053114]
[8.780649]
[8.538268]
[8.310843]
[8.145528]
[8.025929]
[7.930108]
[7.8919454]
[7.9220204]
[7.7974987]
[7.773401]
[7.744388]
[7.6205406]
[7.733302]
[8.030755]
[8.0964775]
[8.02308]
[8.180912]
[8.001089]
[7.509582]
[7.3247147]
[7.1876073]
[7.110158]
[7.046154]
[7.1232333]
[7.1342373]
[7.0463037]
[6.9850883]
[7.031679]
[6.9748898]
[6.9652867]
[6.9745674]
[6.9637213]
[6.908768]
[6.9394693]
[6.902103]
[6.8828673]
[6.822746]
[6.793319]
[6.8901033]
[6.7759523]
[6.7619042]
[6.8351474]
[6.845691]
[6.782551]
[6.847766]
[6.848364]
[6.9768114]
[7.0085163]
[5.6727347]
[5.421582]
[5.235102]
[4.7208986]
[4.6963115]
[4.611456]
[4.666796]
[4.6193876]
[4.5972614]
[4.658641]
[4.6209693]
[4.603667]
[4.5827255]
[4.5892596]
[4.6060038]
[4.5489798]
[4.5311956]
[4.6141186]
[4.5238585]
[4.537602]
[4.613741]
[4.571205]
[4.5619926]
[4.5556655]
[4.567828]
[4.564845]
[4.5604005]
[4.5557704]
[4.564115]
[4.5857205]
[4.5172305]
[4.5883937]
[4.8911285]
[4.8853745]
[8.396646]
[5.293315]
[6.369669]
[6.5945005]
[4.959611]
[4.7053237]
[4.6653852]
[4.6164894]
[4.9360185]
[4.6289034]
[4.9137645]
[4.6325893]
[4.9022474]
[4.6254063]
[6.8458457]
[5.272846]
[4.8830185]
[4.872088]
[4.8617325]
[4.8513436]
[4.8408084]
[4.5520654]
[4.8072996]
[4.475682]
[6.8607736]
[4.951832]
[4.549787]
[4.7811847]
[4.5495305]
[4.539879]
[4.756153]
[4.5422106]
[4.7305727]
[4.718498]
[4.532145]
[4.7076893]
[4.545989]
[4.5141606]
[4.5218043]
[4.6783075]
[4.519666]
[4.656281]
[4.5083604]
[4.5224066]
[4.5371246]
[4.6334257]
[4.4579215]
[4.511792]
[4.6170683]
[4.4811816]
[4.499444]
[4.5862656]
[4.470793]
[4.594817]
[4.5417852]
[4.4236555]
[7.6177325]
[7.626993]
[8.008864]
[7.6035104]
[7.9627833]
[8.031024]
[7.969646]
[7.9236674]
[8.504704]
[7.9686613]
[8.424888]
[7.891052]
[8.34369]
[7.8121557]
[8.262554]
[8.34008]
[7.591717]
[7.461464]
[7.3778243]
[7.28399]
[7.2268476]
[7.178167]
[7.071778]
[7.3501344]
[7.057604]
[7.551457]
[7.361831]
[7.107711]
[7.8106565]
[7.906539]
[7.891586]
[9.563616]
[9.9059515]
[9.883151]
[10.430188]
[9.958275]
[10.38249]
[11.057576]
[11.153329]
[14.566894]
[16.238878]
[14.407199]
[11.067889]
[10.865963]
[10.964143]
[11.511816]
[15.06369]
[11.936124]
[11.247803]
[11.095769]
[11.431009]
[10.522904]
[10.338925]
[10.637173]
[10.811651]
[10.93265]
[11.072789]
[10.932136]
[10.989441]
[11.193331]
[11.288389]
[12.794092]
[13.903265]
[14.305178]
[14.256856]
[13.814718]
[13.779504]
[13.414886]
[13.532168]
[13.964095]
[11.715838]
[14.544884]
[20.391506]
[10.028709]
[14.359942]
[10.840589]
[14.080567]
[14.847178]
[14.8995075]
[14.898263]
[14.930948]
[14.977868]
[14.999986]
[14.95625]
[14.980161]
[14.944763]
[13.365861]
[14.250001]
[14.621623]
[14.443084]
[13.901137]
[14.599364]
[15.099231]
[15.359509]
[14.917632]
[15.234418]
[14.11758]
[12.849237]
[14.112859]
[14.492055]
[15.3387375]
[15.80427]
[14.3937]
[15.114682]
[15.045111]
[14.382948]
[15.586994]
[15.745836]
[15.867838]
[15.277889]
[15.484168]
[15.373797]
[15.135658]
[14.978753]
[15.112035]
[14.467073]
[15.309118]
[15.373617]
[15.055421]
[14.748011]
[14.6129465]
[14.580098]
[14.193571]
[14.630318]
[14.79581]
[14.609167]
[15.796162]
[15.262244]
[15.025217]
[14.942225]
[14.819144]
[15.250231]
[15.079817]
[15.647242]
[19.531862]
[24.160538]
[15.734914]
[24.297781]
[25.1825]
[21.074274]
[20.817276]
[19.825834]
[3.7613356]
[14.6289215]
[17.259638]
[16.904697]
[20.383348]
[38.41062]
[43.242214]
[47.079975]
[54.986187]
[43.285793]
[40.496277]
[58.558052]
[67.50747]
[66.57255]
[66.19582]
[56.933094]
[71.93737]
[89.38113]
[98.61039]
[126.56415]
[110.92102]
[114.89098]
[106.137505]
[103.719955]
[100.80618]
[101.47984]
[97.56743]
[94.01983]
[90.62316]
[89.649734]
[70.673965]
[75.65725]
[90.74527]
[89.156494]
[90.153046]
[92.51412]
[79.15494]
[87.57184]
[113.75075]
[122.943085]
[135.79019]
[135.95187]
[131.7439]
[130.93904]
[132.55316]
[130.21057]
[102.71956]
[102.113144]
[99.61424]
[97.24444]
[95.07169]
[64.48357]
[53.583775]
[63.60741]
[58.482616]
[54.629063]
[42.987362]
[24.453001]
[20.597948]
[20.621298]
[33.38724]
[48.9938]
[43.797825]
[45.618668]
[37.521523]
[20.875439]
[16.227087]
[30.003994]
[19.914635]
[16.62612]
[16.066072]
[13.466705]
[12.493216]
[12.581468]
[15.1657]
[15.348642]
[14.224824]
[13.146369]
[13.944143]
[12.142806]
[11.565792]
[12.820283]
[12.627788]
[11.732898]
[12.381454]
[12.569437]
[12.750361]
[13.27857]
[15.537197]
[16.41872]
[12.886325]
[12.2655115]
[13.219726]
[13.528032]
[13.073551]
[12.369981]
[12.55067]
[12.593154]
[11.797404]
[12.341009]
[10.643589]
[9.26881]
[10.669711]
[12.039007]
[14.23063]
[14.580036]
[18.000002]
[14.012721]
[13.347266]
[13.142101]
[11.267402]
[9.549257]
[10.952064]
[19.282297]
[11.290492]
[8.720381]
[9.894451]
[10.102844]
[14.591991]
[14.715215]
[13.07721]
[10.084512]
[10.475454]
[25.99356]
[32.293686]
[30.900822]
[29.776606]
[22.912071]
[14.63533]
[10.213625]
[8.998725]
[6.8835235]
[6.204445]
[5.976734]
[5.732398]
[5.0661173]
[5.4737716]
[5.518521]
[5.6540833]
[5.124816]
[5.324267]
[5.2868295]
[5.004521]
[5.1502275][10.25]
[9.45]
[13.02]
[10.69]
[5.31]
[5.25]
[5.26]
[5.31]
[5.31]
[5.3]
[5.29]
[5.3]
[9.25]
[9.31]
[9.28]
[9.29]
[9.27]
[9.26]
[9.25]
[9.26]
[9.26]
[9.27]
[9.25]
[9.25]
[9.32]
[9.28]
[9.26]
[9.22]
[9.21]
[9.23]
[9.23]
[9.06]
[9.24]
[9.25]
[9.24]
[9.29]
[9.55]
[9.28]
[9.27]
[9.27]
[9.25]
[9.24]
[9.28]
[12.21]
[12.29]
[12.32]
[12.27]
[12.3]
[12.29]
[12.25]
[12.25]
[12.25]
[12.29]
[12.3]
[12.3]
[12.31]
[12.36]
[12.34]
[12.35]
[12.36]
[12.37]
[12.39]
[12.39]
[12.4]
[12.36]
[12.39]
[12.4]
[12.41]
[12.52]
[12.25]
[12.25]
[12.03]
[12.31]
[26.75]
[15.2]
[15.05]
[15.12]
[15.03]
[15.09]
[15.17]
[15.22]
[15.41]
[15.4]
[15.43]
[15.24]
[15.14]
[15.08]
[15.29]
[15.3]
[15.23]
[15.22]
[15.17]
[15.21]
[15.24]
[15.21]
[15.26]
[15.09]
[15.03]
[14.94]
[15.09]
[15.28]
[15.3]
[15.52]
[15.38]
[15.46]
[15.26]
[15.55]
[15.54]
[15.27]
[22.36]
[17.87]
[15.85]
[42.75]
[82.22]
[94.05]
[93.25]
[90.97]
[55.68]
[49.63]
[58.09]
[56.67]
[54.59]
[53.59]
[58.05]
[53.08]
[41.74]
[57.88]
[58.89]
[56.17]
[56.45]
[59.98]
[24.57]
[23.68]
[48.95]
[58.59]
[52.66]
[61.65]
[55.39]
[15.63]
[15.57]
[49.45]
[48.02]
[57.5]
[95.04]
[91.35]
[127.12]
[159.08]
[215.85]
[192.9]
[144.63]
[136.75]
[131.02]
[99.64]
[86.83]
[129.19]
[131.03]
[129.73]
[130.49]
[130.52]
[92.3]
[87.76]
[90.33]
[91.84]
[90.24]
[92.4]
[96.82]
[52.74]
[45.22]
[55.96]
[60.38]
[51.61]
[55.5]
[62.81]
[54.04]
[56.12]
[53.08]
[60.33]
[38.11]
[64.66]
[62.07]
[50.21]
[45.53]
[67.12]
[58.52]
[53.52]
[50.52]
[53.77]
[41.06]
[38.17]
[35.45]
[50.08]
[57.71]
[43.73]
[61.41]
[54.5]
[42.43]
[96.98]
[93.31]
[95.73]
[93.08]
[91.61]
[94.94]
[85.74]
[88.4]
[98.74]
[90.94]
[95.37]
[98.5]
[45.13]
[47.61]
[67.66]
[39.1]
[71.69]
[37.29]
[69.59]
[19.53]
[12.7]
[49.99]
[27.12]
[31.05]
[19.21]
[28.46]
[14.31]
[9.94]
[17.83]
[28.86]
[44.83]
[46.46]
[52.06]
[24.01]
[9.42]
[50.97]
[57.23]
[44.2]
[37.8]
[12.15]
[9.41]
[10.47]
[20.43]
[33.31]
[48.25]
[44.01]
[55.45]
[12.7]
[10.36]
[51.64]
[50.92]
[50.38]
[49.93]
[49.1]
[13.79]
[10.13]
[29.22]
[34.2]
[23.2]
[39.35]
[38.77]
[14.08]
[10.2]
[32.49]
[35.58]
[33.86]
[32.24]
[29.9]
[23.23]
[16.87]
[24.9]
[28.37]
[17.49]
[16.74]
[47.53]
[16.06]
[15.03]
[32.65]
[36.66]
[33.79]
[32.62]
[31.6]
[12.79]
[8.68]
[29.3]
[28.48]
[33.01]
[32.79]
[29.71]
[12.11]
[7.79]
[7.39]
[5.3]
[5.33]
[5.36]
[5.41]
[5.44]
[5.46]
[5.48]
[5.51]
[5.52]
[5.54]
[5.55]
[5.56]
[5.57]
[5.58]
[5.41]
[5.59]
[5.59]
[5.59]
[5.59]
[5.59]
[5.59]
[5.52]
[9.82]
[15.53]
[16.95]
[20.82]
[11.7]
[14.18]
[15.4]
[23.39]
[19.41]
[16.47]
[11.42]
[6.71]
[12.54]
[12.67]
[10.63]
[11.37]
[12.05]
[14.44]
[14.47]
[12.32]
[14.46]
[13.82]
[14.57]
[14.58]
[8.47]
[14.78]
[14.81]
[14.47]
[5.31]
[5.31]
[5.29]
[6.65]
[12.03]
[10.97]
[11.68]
[7.09]
[5.32]
[5.32]
[5.33]
[5.32]
[5.32]
[7.66]
[5.32]
[5.32]
[5.32]
[5.29]
[5.21]
[5.09]
[5.1]
[5.1]
[5.1]
[5.11]
[5.11]
[5.1]
[5.12]
[5.22]
[5.48]
[5.49]
[5.27]
[5.12]
[5.13]
[5.12]
[5.12]
[5.11]
[5.16]
[8.76]
[8.76]
[8.94]
[8.95]
[8.95]
[10.8]
[10.34]
[8.93]
[12.82]
[12.41]
[9.78]
[12.71]
[13.05]
[9.78]
[9.61]
[13.47]
[13.71]
[13.82]
[13.8]
[20.11]
[12.1]
[10.21]
[15.44]
[19.36]
[24.22]
[16.35]
[13.82]
[12.91]
[11.05]
[11.21]
[12.63]
[12.73]
[13.93]
[14.]
[12.75]
[12.72]
[14.06]
[13.64]
[13.18]
[14.13]
[14.47]
[12.97]
[12.08]
[13.53]
[13.92]
[14.]
[14.03]
[13.47]
[12.53]
[12.61]
[12.89]
[13.87]
[13.64]
[12.29]
[13.75]
[12.77]
[12.77]
[13.97]
[13.97]
[12.95]
[15.58]
[14.78]
[14.97]
[14.82]
[14.67]
[14.69]
[14.7]
[14.81]
[14.7]
[17.5]
[18.04]
[19.37]
[14.58]
[14.62]
[14.69]
[14.75]
[14.6]
[14.39]
[14.42]
[14.49]
[14.55]
[14.59]
[14.62]
[14.6]
[14.31]
[14.23]
[14.12]
[14.15]
[14.3]
[14.52]
[14.49]
[14.43]
[14.23]
[14.17]
[14.28]
[14.37]
[14.29]
[14.2]
[14.09]
[14.11]
[14.23]
[14.04]
[14.13]
[14.15]
[14.07]
[14.02]
[13.88]
[13.88]
[13.78]
[13.82]
[13.92]
[14.08]
[13.97]
[13.86]
[13.82]
[13.83]
[13.99]
[14.01]
[13.84]
[13.78]
[13.71]
[13.96]
[14.1]
[13.99]
[13.72]
[16.98]
[13.92]
[13.67]
[13.53]
[13.42]
[13.41]
[13.36]
[14.17]
[14.52]
[14.48]
[14.44]
[14.41]
[14.38]
[14.37]
[14.35]
[14.34]
[14.31]
[15.25]
[14.32]
[14.31]
[14.29]
[14.29]
[14.58]
[14.56]
[12.15]
[11.95]
[11.88]
[11.87]
[11.82]
[13.39]
[11.95]
[11.94]
[11.89]
[11.86]
[11.86]
[11.84]
[11.83]
[11.81]
[11.86]
[11.86]
[11.8]
[11.8]
[11.79]
[11.78]
[11.77]
[11.96]
[11.94]
[11.9]
[11.85]
[11.35]
[11.83]
[11.8]
[12.]
[12.06]
[12.03]
[9.66]
[9.6]
[9.59]
[9.63]
[9.74]
[9.73]
[9.68]
[9.68]
[9.7]
[9.68]
[9.68]
[9.67]
[9.67]
[9.73]
[9.77]
[9.75]
[9.77]
[9.77]
[9.77]
[9.74]
[9.74]
[9.73]
[9.72]
[9.75]
[9.75]
[9.79]
[9.77]
[9.77]
[9.78]
[9.77]
[9.09]
[9.09]
[8.91]
[8.69]
[8.69]
[8.66]
[8.69]
[8.7]
[8.7]
[8.66]
[8.67]
[8.77]
[8.78]
[8.78]
[8.77]
[8.78]
[8.77]
[8.74]
[8.74]
[8.77]
[8.77]
[8.77]
[8.76]
[8.77]
[8.76]
[8.77]
[8.77]
[8.76]
[8.76]
[8.77]
[8.71]
[8.26]
[8.23]
[8.06]
[8.02]
[8.01]
[8.04]
[8.06]
[8.04]
[8.05]
[8.06]
[8.05]
[8.05]
[8.07]
[8.07]
[8.06]
[8.04]
[8.08]
[8.07]
[8.07]
[8.03]
[8.1]
[8.09]
[8.1]
[8.11]
[8.1]
[8.11]
[8.12]
[8.11]
[8.11]
[8.13]
[6.13]
[6.11]
[5.91]
[5.29]
[5.35]
[5.29]
[5.31]
[5.3]
[5.3]
[5.3]
[5.31]
[5.3]
[5.27]
[5.29]
[5.29]
[5.29]
[5.3]
[5.3]
[5.34]
[5.31]
[5.31]
[5.32]
[5.32]
[5.31]
[5.33]
[5.32]
[5.32]
[5.31]
[5.33]
[5.32]
[5.34]
[5.34]
[5.89]
[5.74]
[5.51]
[5.5]
[7.49]
[7.16]
[5.55]
[5.56]
[5.48]
[5.43]
[5.41]
[5.42]
[5.48]
[5.44]
[5.44]
[5.44]
[7.99]
[5.37]
[5.4]
[5.41]
[5.38]
[5.38]
[5.39]
[5.38]
[5.38]
[5.43]
[5.4]
[5.41]
[5.42]
[5.41]
[5.41]
[5.41]
[5.41]
[5.42]
[5.44]
[5.44]
[5.45]
[5.47]
[5.47]
[5.4]
[5.42]
[5.44]
[5.46]
[5.47]
[5.46]
[5.46]
[5.47]
[5.47]
[5.42]
[5.48]
[5.49]
[5.48]
[5.46]
[5.46]
[5.5]
[5.51]
[5.48]
[5.46]
[9.04]
[9.13]
[9.13]
[9.16]
[9.17]
[9.17]
[9.19]
[9.21]
[9.24]
[9.24]
[9.22]
[9.2]
[9.27]
[9.28]
[9.28]
[9.29]
[9.32]
[9.33]
[9.33]
[9.34]
[9.36]
[9.37]
[9.38]
[9.41]
[9.41]
[9.41]
[9.41]
[9.42]
[9.83]
[9.49]
[9.52]
[12.18]
[12.29]
[12.29]
[12.33]
[12.37]
[12.42]
[12.45]
[12.39]
[15.27]
[16.55]
[14.11]
[12.06]
[12.15]
[12.22]
[12.2]
[14.89]
[12.24]
[12.29]
[12.3]
[12.82]
[12.19]
[12.16]
[12.29]
[12.32]
[12.3]
[12.41]
[12.47]
[12.46]
[12.66]
[12.65]
[14.68]
[15.59]
[15.66]
[15.62]
[15.61]
[15.62]
[15.55]
[15.55]
[15.53]
[15.48]
[15.58]
[15.63]
[15.67]
[15.73]
[15.76]
[15.69]
[15.74]
[15.74]
[15.7]
[15.75]
[15.81]
[15.74]
[15.69]
[15.67]
[15.67]
[15.69]
[15.71]
[15.78]
[15.82]
[15.85]
[15.84]
[15.82]
[15.81]
[15.68]
[15.65]
[15.45]
[15.76]
[15.72]
[15.72]
[15.72]
[15.86]
[15.62]
[15.55]
[15.84]
[15.47]
[15.85]
[15.91]
[15.89]
[15.6]
[15.96]
[15.99]
[15.84]
[15.77]
[15.99]
[15.57]
[15.56]
[15.78]
[15.69]
[15.67]
[15.63]
[15.75]
[15.5]
[15.92]
[15.96]
[15.99]
[16.2]
[15.99]
[15.99]
[15.96]
[15.93]
[15.94]
[15.96]
[15.89]
[15.75]
[15.57]
[14.85]
[16.98]
[17.18]
[17.15]
[16.64]
[16.94]
[16.89]
[16.85]
[16.85]
[16.82]
[22.09]
[48.14]
[54.09]
[52.25]
[50.82]
[26.21]
[24.32]
[46.38]
[54.6]
[55.32]
[58.59]
[42.22]
[59.61]
[52.27]
[91.07]
[134.99]
[99.13]
[93.08]
[89.49]
[90.15]
[90.7]
[92.91]
[90.54]
[92.41]
[91.17]
[89.85]
[54.37]
[55.31]
[91.98]
[89.63]
[92.51]
[92.65]
[53.92]
[58.15]
[118.86]
[121.02]
[128.01]
[129.11]
[130.04]
[130.07]
[129.96]
[130.52]
[93.73]
[94.19]
[93.43]
[94.32]
[94.03]
[49.04]
[42.92]
[63.69]
[56.03]
[54.7]
[38.34]
[11.79]
[11.72]
[12.96]
[33.11]
[57.23]
[47.44]
[52.93]
[38.46]
[13.38]
[10.84]
[32.12]
[12.86]
[13.04]
[11.96]
[9.06]
[9.09]
[9.87]
[13.99]
[13.87]
[12.77]
[11.54]
[13.62]
[10.08]
[9.89]
[11.66]
[11.41]
[10.97]
[12.27]
[12.58]
[13.52]
[14.11]
[18.19]
[19.12]
[13.6]
[13.55]
[13.48]
[13.43]
[13.64]
[13.07]
[13.76]
[13.75]
[12.85]
[13.71]
[11.22]
[9.92]
[11.7]
[12.05]
[15.5]
[15.5]
[20.41]
[11.86]
[11.21]
[12.16]
[10.03]
[8.58]
[11.93]
[24.96]
[9.81]
[9.12]
[11.89]
[11.97]
[19.72]
[18.14]
[16.04]
[11.71]
[13.74]
[39.18]
[46.43]
[42.22]
[40.7]
[29.17]
[11.6]
[7.7]
[7.77]
[5.18]
[5.21]
[5.24]
[5.27]
[5.28]
[5.29]
[5.31]
[5.33]
[5.34]
[5.35]
[5.36]
[5.37]
[5.38]
[5.39]