0.8856954620248335, 0.900372264098309, -8.63304727414914, 205.80412867972936[13.699996]
[11.141722]
[10.103479]
[11.960447]
[11.002595]
[7.73509]
[7.1509867]
[7.178649]
[7.1088967]
[7.121519]
[7.0592213]
[7.0088778]
[7.0530367]
[9.27]
[9.770144]
[9.728723]
[9.935697]
[11.055847]
[13.069039]
[12.670548]
[11.084504]
[10.62783]
[10.437335]
[10.362267]
[10.259861]
[10.300128]
[10.288656]
[10.209068]
[10.075321]
[10.005448]
[9.972451]
[10.1792345]
[10.204714]
[10.14272]
[10.133226]
[10.175141]
[10.065022]
[10.426844]
[14.129277]
[11.201021]
[11.042636]
[11.581505]
[11.527273]
[11.113643]
[12.559952]
[12.787612]
[12.7726965]
[12.788097]
[12.948671]
[13.4857435]
[13.453728]
[13.10026]
[12.8577585]
[12.879257]
[12.70533]
[12.698707]
[12.703562]
[12.699626]
[12.603737]
[12.603813]
[12.617509]
[12.588142]
[12.547418]
[12.640648]
[12.679681]
[12.912108]
[13.383559]
[13.2719345]
[12.980337]
[13.16116]
[15.582938]
[10.592311]
[12.036649]
[12.632866]
[41.92634]
[19.88851]
[14.592236]
[14.541086]
[14.507612]
[14.554205]
[14.713504]
[14.774369]
[14.767464]
[14.892663]
[14.935287]
[14.74289]
[14.786495]
[14.885154]
[15.046753]
[14.928164]
[15.022717]
[15.000775]
[15.408042]
[15.171889]
[15.001843]
[15.15852]
[15.140319]
[14.962002]
[14.918085]
[14.609282]
[15.070032]
[15.438564]
[15.235434]
[15.722802]
[15.862751]
[16.859163]
[22.433556]
[25.498215]
[21.833595]
[39.13158]
[61.08848]
[39.035408]
[86.45957]
[81.17734]
[89.14912]
[94.545395]
[143.80338]
[99.14911]
[70.52568]
[59.59478]
[64.284035]
[62.117493]
[57.270805]
[53.903645]
[56.019558]
[52.54258]
[43.05794]
[52.49134]
[55.46255]
[52.429543]
[53.891754]
[56.644608]
[32.95132]
[29.323462]
[44.421917]
[51.932507]
[48.532703]
[52.881466]
[48.878574]
[25.308582]
[26.14545]
[46.76793]
[51.68202]
[77.54183]
[108.12769]
[154.71593]
[171.22478]
[179.67384]
[207.9954]
[171.97389]
[142.87585]
[141.84041]
[128.72215]
[105.690445]
[90.588425]
[114.40514]
[119.87729]
[122.369965]
[123.63847]
[129.4791]
[110.71795]
[100.512985]
[94.067474]
[93.678276]
[91.89065]
[91.84205]
[97.06974]
[73.98542]
[65.40726]
[73.29038]
[72.3304]
[69.44958]
[67.79149]
[70.389565]
[63.308475]
[60.904602]
[57.36156]
[60.11494]
[45.128372]
[58.69077]
[60.063225]
[52.993504]
[49.256382]
[60.73621]
[55.660496]
[50.13493]
[46.7848]
[48.792694]
[44.628853]
[44.675694]
[47.70746]
[62.624935]
[67.10438]
[59.818863]
[66.796394]
[60.075172]
[58.044216]
[97.35235]
[95.93473]
[92.363945]
[88.766556]
[85.62955]
[87.1446]
[85.137856]
[89.726944]
[95.70802]
[93.83442]
[100.478485]
[102.309425]
[73.1026]
[68.87842]
[74.66126]
[56.63127]
[73.73363]
[52.646633]
[67.08915]
[38.112938]
[28.380865]
[48.507263]
[37.207844]
[35.929688]
[28.680075]
[32.04852]
[24.500744]
[20.062906]
[23.560825]
[29.419628]
[38.592854]
[40.715923]
[45.60551]
[32.36423]
[22.341677]
[44.516956]
[51.780876]
[44.106148]
[40.830498]
[26.306799]
[23.93432]
[23.635818]
[26.758112]
[32.94398]
[41.481773]
[40.30474]
[45.910904]
[22.775414]
[19.33963]
[40.99444]
[42.997868]
[43.539677]
[42.631935]
[40.932804]
[23.579784]
[21.076311]
[30.07308]
[33.247906]
[26.502333]
[33.215275]
[33.865402]
[19.766012]
[15.575518]
[26.743084]
[30.51198]
[29.054995]
[27.654802]
[25.8335]
[21.594007]
[17.869692]
[21.979624]
[24.78472]
[20.222975]
[21.566023]
[40.25451]
[22.895586]
[18.297445]
[27.016312]
[30.662739]
[28.934967]
[27.687279]
[26.222885]
[15.916406]
[12.321354]
[22.485529]
[23.233734]
[26.121635]
[26.850073]
[24.906921]
[14.934738]
[11.125019]
[10.462516]
[9.294514]
[8.997747]
[9.323096]
[9.610613]
[9.253512]
[9.038483]
[8.925814]
[8.963535]
[8.970911]
[8.865007]
[8.741531]
[8.631095]
[8.641424]
[8.649741]
[8.544453]
[8.486747]
[8.400677]
[8.40122]
[8.40122]
[8.40122]
[8.40122]
[8.2243805]
[9.969986]
[14.601363]
[14.674676]
[16.49928]
[12.32108]
[12.832169]
[13.538806]
[17.862633]
[16.587622]
[14.781257]
[11.879151]
[8.855054]
[11.428324]
[11.92498]
[10.858464]
[11.037684]
[11.525522]
[13.028081]
[13.233604]
[11.946865]
[12.933538]
[20.343637]
[14.850759]
[13.451112]
[9.985275]
[13.0905905]
[13.606625]
[13.41736]
[8.2840395]
[7.316697]
[7.299392]
[7.9485793]
[11.021443]
[11.231641]
[11.290574]
[8.734131]
[7.2888436]
[7.118663]
[7.121841]
[7.067183]
[7.0165834]
[8.417079]
[7.243877]
[7.011207]
[7.056167]
[6.982918]
[6.971126]
[7.11798]
[7.719058]
[7.5228987]
[7.337606]
[7.243478]
[7.0555115]
[7.0500546]
[7.057648]
[7.07511]
[7.1657495]
[7.220098]
[7.2204885]
[7.227161]
[6.961917]
[7.0524745]
[7.044278]
[7.0364127]
[7.0206428]
[9.074606]
[9.490962]
[14.273478]
[10.595015]
[9.601791]
[10.836203]
[10.564803]
[9.756421]
[12.721383]
[12.213817]
[10.469178]
[12.07032]
[12.558452]
[10.641482]
[10.310653]
[12.809636]
[13.455969]
[13.336384]
[13.321534]
[18.577946]
[13.181137]
[10.844487]
[14.319082]
[18.203938]
[22.912111]
[16.723679]
[13.695124]
[12.821246]
[11.418701]
[11.424443]
[12.373411]
[12.584429]
[13.528642]
[13.701576]
[12.828547]
[12.773226]
[13.793572]
[13.407703]
[13.223513]
[14.059943]
[14.276158]
[13.127764]
[12.407734]
[13.508163]
[13.763386]
[13.686412]
[13.563323]
[13.202481]
[12.608264]
[12.445993]
[13.639312]
[14.238875]
[14.046095]
[12.614358]
[14.608335]
[13.616996]
[13.23769]
[13.972663]
[13.883206]
[13.159992]
[14.570339]
[14.114627]
[14.080224]
[13.934353]
[13.7039585]
[13.548581]
[13.47747]
[13.486646]
[13.335113]
[15.084371]
[18.333742]
[17.30831]
[13.513215]
[13.528756]
[13.692347]
[14.430248]
[14.190676]
[13.454443]
[13.346463]
[13.327347]
[13.500717]
[13.516657]
[13.500818]
[13.534051]
[13.299693]
[13.113525]
[13.097634]
[13.101336]
[13.199594]
[13.378089]
[13.369544]
[13.363941]
[13.2846985]
[13.1947155]
[13.257151]
[13.408918]
[13.325862]
[13.231766]
[13.193864]
[13.227725]
[13.371364]
[13.258418]
[13.337944]
[13.432304]
[13.439946]
[13.37151]
[13.214826]
[13.302893]
[13.217063]
[13.22393]
[13.420691]
[13.581947]
[13.523286]
[13.474278]
[13.464086]
[13.530661]
[13.553903]
[13.750445]
[13.537202]
[13.381132]
[13.231069]
[13.425008]
[13.742032]
[13.896709]
[14.888395]
[36.48408]
[20.674276]
[45.271748]
[13.643559]
[13.150867]
[12.987671]
[14.671574]
[15.718839]
[16.03423]
[16.151821]
[16.241896]
[16.08296]
[15.89161]
[15.62398]
[15.711969]
[15.750189]
[15.4854965]
[16.007664]
[15.457831]
[15.29516]
[15.2014]
[15.142228]
[14.540458]
[15.407559]
[14.022858]
[13.430128]
[13.417133]
[14.070097]
[14.019106]
[14.852356]
[13.980577]
[13.333663]
[13.08693]
[12.940968]
[12.733358]
[12.954839]
[13.040716]
[12.63714]
[12.512467]
[12.407221]
[12.427291]
[12.401406]
[12.379306]
[12.26373]
[12.39132]
[13.580808]
[15.145314]
[15.771645]
[14.673383]
[13.9690275]
[13.785843]
[13.548396]
[13.366674]
[13.417183]
[13.792915]
[13.207102]
[12.330255]
[11.82557]
[11.736268]
[11.77678]
[11.663071]
[11.645656]
[11.489465]
[11.503989]
[11.3431635]
[11.352474]
[11.336379]
[11.185193]
[11.287747]
[11.1789875]
[11.248661]
[11.175384]
[11.169639]
[11.089919]
[11.050279]
[10.95653]
[10.93937]
[10.8406925]
[10.85973]
[10.865828]
[10.8740635]
[10.78131]
[10.786255]
[10.863785]
[10.800317]
[10.521085]
[10.379839]
[10.249875]
[9.984215]
[9.959217]
[10.106727]
[10.112483]
[10.027635]
[9.935105]
[9.858098]
[10.158203]
[10.796167]
[11.836892]
[11.298394]
[10.98582]
[10.688885]
[10.493985]
[10.364229]
[10.248348]
[10.203368]
[10.252183]
[10.075814]
[10.070247]
[10.028269]
[9.869978]
[10.043879]
[10.422785]
[10.464013]
[10.359121]
[10.591399]
[10.331504]
[9.825836]
[9.627848]
[9.509823]
[9.425117]
[9.343559]
[9.449169]
[9.445513]
[9.331657]
[9.261401]
[9.331934]
[9.243647]
[9.241715]
[9.248449]
[9.231709]
[9.159539]
[9.213611]
[9.143607]
[9.129924]
[9.049331]
[9.033654]
[9.133224]
[8.975796]
[8.9848585]
[9.070584]
[9.063091]
[8.986694]
[9.075628]
[9.071425]
[9.227671]
[9.234797]
[7.9627533]
[7.6998935]
[7.4953947]
[6.9827495]
[6.971323]
[6.862399]
[6.9445815]
[6.865924]
[6.851452]
[6.9314976]
[6.8613324]
[6.853288]
[6.830475]
[6.8340144]
[6.8499293]
[6.77206]
[6.7618947]
[6.8622375]
[6.7217193]
[6.7737694]
[6.854044]
[6.781035]
[6.7811656]
[6.772977]
[6.7825613]
[6.778545]
[6.7717547]
[6.765434]
[6.771703]
[6.792602]
[6.7058644]
[6.803356]
[7.0711756]
[7.090066]
[10.535399]
[7.5258937]
[8.554841]
[8.767806]
[7.1711445]
[6.900012]
[6.852409]
[6.8010597]
[7.118145]
[6.8115606]
[7.102876]
[6.814006]
[7.0916214]
[6.805643]
[9.04062]
[7.484378]
[7.0728626]
[7.062379]
[7.0526667]
[7.042905]
[7.0331163]
[6.7411137]
[7.001062]
[6.6538596]
[9.085384]
[7.1402264]
[6.743996]
[6.971403]
[6.735046]
[6.737651]
[6.949745]
[6.73133]
[6.938044]
[6.915916]
[6.737329]
[6.921163]
[6.743126]
[6.7259927]
[6.7217617]
[6.8871274]
[6.724556]
[6.882348]
[6.716916]
[6.7484255]
[6.7517033]
[6.795425]
[6.6746306]
[6.7317696]
[6.6820774]
[6.6415176]
[6.619342]
[6.5551167]
[6.538992]
[6.505045]
[6.424597]
[6.392939]
[9.175407]
[9.026772]
[9.327645]
[8.910629]
[9.168954]
[9.167395]
[9.046206]
[8.949566]
[9.438184]
[8.899662]
[9.384951]
[8.85029]
[9.33491]
[8.801167]
[9.286978]
[9.341167]
[8.866131]
[8.840716]
[8.822047]
[8.835719]
[8.861874]
[8.784504]
[8.763054]
[9.112315]
[8.871903]
[9.396554]
[9.124345]
[8.903268]
[9.61813]
[9.65786]
[9.647899]
[11.39347]
[11.602129]
[11.566033]
[12.125155]
[11.573136]
[12.050009]
[12.692972]
[12.729343]
[16.306116]
[18.570873]
[16.30196]
[12.326373]
[12.396437]
[12.435842]
[12.988048]
[16.65287]
[13.448311]
[12.920642]
[12.823798]
[13.084702]
[12.028659]
[11.780752]
[11.830596]
[12.183644]
[12.0997095]
[12.06582]
[11.57981]
[11.221506]
[11.415]
[11.330821]
[12.40907]
[12.7345295]
[12.848326]
[12.932891]
[12.445628]
[12.46834]
[12.114567]
[12.68052]
[12.988408]
[12.205112]
[24.708815]
[13.444284]
[13.933303]
[14.88513]
[11.093765]
[14.432719]
[15.3446665]
[15.54235]
[15.287478]
[15.093037]
[14.84981]
[14.761218]
[14.645169]
[14.485926]
[15.250913]
[15.535143]
[14.797989]
[14.058221]
[14.1783495]
[14.77047]
[15.038142]
[14.9870825]
[13.83435]
[13.118994]
[15.597209]
[13.961301]
[13.00703]
[15.013673]
[15.400571]
[16.093388]
[16.404089]
[15.639475]
[15.467962]
[16.577312]
[16.171154]
[16.931898]
[17.602375]
[17.554996]
[17.243404]
[17.61703]
[17.611477]
[17.519176]
[17.448156]
[17.576931]
[17.302618]
[18.561775]
[17.850374]
[17.271488]
[17.321095]
[17.15844]
[17.132296]
[16.999517]
[17.487272]
[17.541702]
[18.087273]
[18.702316]
[17.498102]
[17.431396]
[17.383753]
[17.64144]
[17.85058]
[17.959196]
[18.750319]
[23.168507]
[28.692347]
[22.027023]
[28.98124]
[31.119715]
[23.218895]
[21.855915]
[21.20911]
[8.152329]
[17.159246]
[19.188559]
[18.8069]
[21.975418]
[40.135708]
[48.131016]
[55.523777]
[58.580364]
[46.166405]
[41.911423]
[57.99987]
[67.446495]
[65.80091]
[63.58245]
[55.608307]
[72.449585]
[95.534325]
[100.53123]
[120.753624]
[112.894295]
[123.68835]
[110.365135]
[103.01702]
[97.77193]
[99.48856]
[95.70863]
[93.27759]
[90.210266]
[90.09593]
[73.49943]
[72.89326]
[88.985176]
[88.06929]
[90.56268]
[93.47863]
[85.42875]
[90.94369]
[112.61541]
[119.70243]
[135.99548]
[136.77322]
[129.96661]
[128.66406]
[131.20042]
[127.863495]
[102.36317]
[101.983795]
[98.24373]
[96.679276]
[95.03824]
[64.002014]
[52.48878]
[63.600513]
[59.48811]
[55.96367]
[44.15396]
[25.999945]
[23.264238]
[23.284395]
[33.805714]
[49.58192]
[45.130516]
[47.3649]
[38.553303]
[22.249464]
[18.946814]
[30.636042]
[21.532106]
[19.267239]
[18.747425]
[16.79704]
[16.072248]
[16.025202]
[17.865612]
[17.805403]
[16.855625]
[15.981476]
[16.617634]
[15.087831]
[14.795298]
[15.790444]
[15.613043]
[14.893366]
[15.28021]
[15.346539]
[15.4369955]
[15.717026]
[17.453646]
[17.9723]
[15.084192]
[14.734492]
[15.524652]
[15.952678]
[15.690374]
[15.040542]
[15.117946]
[15.090783]
[14.467938]
[14.869288]
[13.568844]
[12.5784645]
[13.632653]
[14.6935425]
[16.556183]
[16.719313]
[19.440502]
[16.148302]
[16.007463]
[16.109362]
[14.548785]
[13.198681]
[14.22199]
[20.493994]
[13.686516]
[12.091491]
[13.057742]
[13.097878]
[16.496023]
[16.302023]
[15.020377]
[12.746739]
[13.142422]
[25.837658]
[32.684734]
[31.690964]
[29.985899]
[23.382824]
[16.317316]
[13.602087]
[12.82349]
[11.084969]
[10.269682]
[9.9700775]
[9.657944]
[8.973585]
[9.10807]
[9.244417]
[9.400697]
[8.966221]
[8.980734]
[8.979591]
[8.732455]
[8.7629385][10.25]
[9.45]
[13.02]
[10.69]
[5.31]
[5.25]
[5.26]
[5.31]
[5.31]
[5.3]
[5.29]
[5.3]
[9.25]
[9.31]
[9.28]
[9.29]
[9.27]
[9.26]
[9.25]
[9.26]
[9.26]
[9.27]
[9.25]
[9.25]
[9.32]
[9.28]
[9.26]
[9.22]
[9.21]
[9.23]
[9.23]
[9.06]
[9.24]
[9.25]
[9.24]
[9.29]
[9.55]
[9.28]
[9.27]
[9.27]
[9.25]
[9.24]
[9.28]
[12.21]
[12.29]
[12.32]
[12.27]
[12.3]
[12.29]
[12.25]
[12.25]
[12.25]
[12.29]
[12.3]
[12.3]
[12.31]
[12.36]
[12.34]
[12.35]
[12.36]
[12.37]
[12.39]
[12.39]
[12.4]
[12.36]
[12.39]
[12.4]
[12.41]
[12.52]
[12.25]
[12.25]
[12.03]
[12.31]
[26.75]
[15.2]
[15.05]
[15.12]
[15.03]
[15.09]
[15.17]
[15.22]
[15.41]
[15.4]
[15.43]
[15.24]
[15.14]
[15.08]
[15.29]
[15.3]
[15.23]
[15.22]
[15.17]
[15.21]
[15.24]
[15.21]
[15.26]
[15.09]
[15.03]
[14.94]
[15.09]
[15.28]
[15.3]
[15.52]
[15.38]
[15.46]
[15.26]
[15.55]
[15.54]
[15.27]
[22.36]
[17.87]
[15.85]
[42.75]
[82.22]
[94.05]
[93.25]
[90.97]
[55.68]
[49.63]
[58.09]
[56.67]
[54.59]
[53.59]
[58.05]
[53.08]
[41.74]
[57.88]
[58.89]
[56.17]
[56.45]
[59.98]
[24.57]
[23.68]
[48.95]
[58.59]
[52.66]
[61.65]
[55.39]
[15.63]
[15.57]
[49.45]
[48.02]
[57.5]
[95.04]
[91.35]
[127.12]
[159.08]
[215.85]
[192.9]
[144.63]
[136.75]
[131.02]
[99.64]
[86.83]
[129.19]
[131.03]
[129.73]
[130.49]
[130.52]
[92.3]
[87.76]
[90.33]
[91.84]
[90.24]
[92.4]
[96.82]
[52.74]
[45.22]
[55.96]
[60.38]
[51.61]
[55.5]
[62.81]
[54.04]
[56.12]
[53.08]
[60.33]
[38.11]
[64.66]
[62.07]
[50.21]
[45.53]
[67.12]
[58.52]
[53.52]
[50.52]
[53.77]
[41.06]
[38.17]
[35.45]
[50.08]
[57.71]
[43.73]
[61.41]
[54.5]
[42.43]
[96.98]
[93.31]
[95.73]
[93.08]
[91.61]
[94.94]
[85.74]
[88.4]
[98.74]
[90.94]
[95.37]
[98.5]
[45.13]
[47.61]
[67.66]
[39.1]
[71.69]
[37.29]
[69.59]
[19.53]
[12.7]
[49.99]
[27.12]
[31.05]
[19.21]
[28.46]
[14.31]
[9.94]
[17.83]
[28.86]
[44.83]
[46.46]
[52.06]
[24.01]
[9.42]
[50.97]
[57.23]
[44.2]
[37.8]
[12.15]
[9.41]
[10.47]
[20.43]
[33.31]
[48.25]
[44.01]
[55.45]
[12.7]
[10.36]
[51.64]
[50.92]
[50.38]
[49.93]
[49.1]
[13.79]
[10.13]
[29.22]
[34.2]
[23.2]
[39.35]
[38.77]
[14.08]
[10.2]
[32.49]
[35.58]
[33.86]
[32.24]
[29.9]
[23.23]
[16.87]
[24.9]
[28.37]
[17.49]
[16.74]
[47.53]
[16.06]
[15.03]
[32.65]
[36.66]
[33.79]
[32.62]
[31.6]
[12.79]
[8.68]
[29.3]
[28.48]
[33.01]
[32.79]
[29.71]
[12.11]
[7.79]
[7.39]
[5.3]
[5.33]
[5.36]
[5.41]
[5.44]
[5.46]
[5.48]
[5.51]
[5.52]
[5.54]
[5.55]
[5.56]
[5.57]
[5.58]
[5.41]
[5.59]
[5.59]
[5.59]
[5.59]
[5.59]
[5.59]
[5.52]
[9.82]
[15.53]
[16.95]
[20.82]
[11.7]
[14.18]
[15.4]
[23.39]
[19.41]
[16.47]
[11.42]
[6.71]
[12.54]
[12.67]
[10.63]
[11.37]
[12.05]
[14.44]
[14.47]
[12.32]
[14.46]
[13.82]
[14.57]
[14.58]
[8.47]
[14.78]
[14.81]
[14.47]
[5.31]
[5.31]
[5.29]
[6.65]
[12.03]
[10.97]
[11.68]
[7.09]
[5.32]
[5.32]
[5.33]
[5.32]
[5.32]
[7.66]
[5.32]
[5.32]
[5.32]
[5.29]
[5.21]
[5.09]
[5.1]
[5.1]
[5.1]
[5.11]
[5.11]
[5.1]
[5.12]
[5.22]
[5.48]
[5.49]
[5.27]
[5.12]
[5.13]
[5.12]
[5.12]
[5.11]
[5.16]
[8.76]
[8.76]
[8.94]
[8.95]
[8.95]
[10.8]
[10.34]
[8.93]
[12.82]
[12.41]
[9.78]
[12.71]
[13.05]
[9.78]
[9.61]
[13.47]
[13.71]
[13.82]
[13.8]
[20.11]
[12.1]
[10.21]
[15.44]
[19.36]
[24.22]
[16.35]
[13.82]
[12.91]
[11.05]
[11.21]
[12.63]
[12.73]
[13.93]
[14.]
[12.75]
[12.72]
[14.06]
[13.64]
[13.18]
[14.13]
[14.47]
[12.97]
[12.08]
[13.53]
[13.92]
[14.]
[14.03]
[13.47]
[12.53]
[12.61]
[12.89]
[13.87]
[13.64]
[12.29]
[13.75]
[12.77]
[12.77]
[13.97]
[13.97]
[12.95]
[15.58]
[14.78]
[14.97]
[14.82]
[14.67]
[14.69]
[14.7]
[14.81]
[14.7]
[17.5]
[18.04]
[19.37]
[14.58]
[14.62]
[14.69]
[14.75]
[14.6]
[14.39]
[14.42]
[14.49]
[14.55]
[14.59]
[14.62]
[14.6]
[14.31]
[14.23]
[14.12]
[14.15]
[14.3]
[14.52]
[14.49]
[14.43]
[14.23]
[14.17]
[14.28]
[14.37]
[14.29]
[14.2]
[14.09]
[14.11]
[14.23]
[14.04]
[14.13]
[14.15]
[14.07]
[14.02]
[13.88]
[13.88]
[13.78]
[13.82]
[13.92]
[14.08]
[13.97]
[13.86]
[13.82]
[13.83]
[13.99]
[14.01]
[13.84]
[13.78]
[13.71]
[13.96]
[14.1]
[13.99]
[13.72]
[16.98]
[13.92]
[13.67]
[13.53]
[13.42]
[13.41]
[13.36]
[14.17]
[14.52]
[14.48]
[14.44]
[14.41]
[14.38]
[14.37]
[14.35]
[14.34]
[14.31]
[15.25]
[14.32]
[14.31]
[14.29]
[14.29]
[14.58]
[14.56]
[12.15]
[11.95]
[11.88]
[11.87]
[11.82]
[13.39]
[11.95]
[11.94]
[11.89]
[11.86]
[11.86]
[11.84]
[11.83]
[11.81]
[11.86]
[11.86]
[11.8]
[11.8]
[11.79]
[11.78]
[11.77]
[11.96]
[11.94]
[11.9]
[11.85]
[11.35]
[11.83]
[11.8]
[12.]
[12.06]
[12.03]
[9.66]
[9.6]
[9.59]
[9.63]
[9.74]
[9.73]
[9.68]
[9.68]
[9.7]
[9.68]
[9.68]
[9.67]
[9.67]
[9.73]
[9.77]
[9.75]
[9.77]
[9.77]
[9.77]
[9.74]
[9.74]
[9.73]
[9.72]
[9.75]
[9.75]
[9.79]
[9.77]
[9.77]
[9.78]
[9.77]
[9.09]
[9.09]
[8.91]
[8.69]
[8.69]
[8.66]
[8.69]
[8.7]
[8.7]
[8.66]
[8.67]
[8.77]
[8.78]
[8.78]
[8.77]
[8.78]
[8.77]
[8.74]
[8.74]
[8.77]
[8.77]
[8.77]
[8.76]
[8.77]
[8.76]
[8.77]
[8.77]
[8.76]
[8.76]
[8.77]
[8.71]
[8.26]
[8.23]
[8.06]
[8.02]
[8.01]
[8.04]
[8.06]
[8.04]
[8.05]
[8.06]
[8.05]
[8.05]
[8.07]
[8.07]
[8.06]
[8.04]
[8.08]
[8.07]
[8.07]
[8.03]
[8.1]
[8.09]
[8.1]
[8.11]
[8.1]
[8.11]
[8.12]
[8.11]
[8.11]
[8.13]
[6.13]
[6.11]
[5.91]
[5.29]
[5.35]
[5.29]
[5.31]
[5.3]
[5.3]
[5.3]
[5.31]
[5.3]
[5.27]
[5.29]
[5.29]
[5.29]
[5.3]
[5.3]
[5.34]
[5.31]
[5.31]
[5.32]
[5.32]
[5.31]
[5.33]
[5.32]
[5.32]
[5.31]
[5.33]
[5.32]
[5.34]
[5.34]
[5.89]
[5.74]
[5.51]
[5.5]
[7.49]
[7.16]
[5.55]
[5.56]
[5.48]
[5.43]
[5.41]
[5.42]
[5.48]
[5.44]
[5.44]
[5.44]
[7.99]
[5.37]
[5.4]
[5.41]
[5.38]
[5.38]
[5.39]
[5.38]
[5.38]
[5.43]
[5.4]
[5.41]
[5.42]
[5.41]
[5.41]
[5.41]
[5.41]
[5.42]
[5.44]
[5.44]
[5.45]
[5.47]
[5.47]
[5.4]
[5.42]
[5.44]
[5.46]
[5.47]
[5.46]
[5.46]
[5.47]
[5.47]
[5.42]
[5.48]
[5.49]
[5.48]
[5.46]
[5.46]
[5.5]
[5.51]
[5.48]
[5.46]
[9.04]
[9.13]
[9.13]
[9.16]
[9.17]
[9.17]
[9.19]
[9.21]
[9.24]
[9.24]
[9.22]
[9.2]
[9.27]
[9.28]
[9.28]
[9.29]
[9.32]
[9.33]
[9.33]
[9.34]
[9.36]
[9.37]
[9.38]
[9.41]
[9.41]
[9.41]
[9.41]
[9.42]
[9.83]
[9.49]
[9.52]
[12.18]
[12.29]
[12.29]
[12.33]
[12.37]
[12.42]
[12.45]
[12.39]
[15.27]
[16.55]
[14.11]
[12.06]
[12.15]
[12.22]
[12.2]
[14.89]
[12.24]
[12.29]
[12.3]
[12.82]
[12.19]
[12.16]
[12.29]
[12.32]
[12.3]
[12.41]
[12.47]
[12.46]
[12.66]
[12.65]
[14.68]
[15.59]
[15.66]
[15.62]
[15.61]
[15.62]
[15.55]
[15.55]
[15.53]
[15.48]
[15.58]
[15.63]
[15.67]
[15.73]
[15.76]
[15.69]
[15.74]
[15.74]
[15.7]
[15.75]
[15.81]
[15.74]
[15.69]
[15.67]
[15.67]
[15.69]
[15.71]
[15.78]
[15.82]
[15.85]
[15.84]
[15.82]
[15.81]
[15.68]
[15.65]
[15.45]
[15.76]
[15.72]
[15.72]
[15.72]
[15.86]
[15.62]
[15.55]
[15.84]
[15.47]
[15.85]
[15.91]
[15.89]
[15.6]
[15.96]
[15.99]
[15.84]
[15.77]
[15.99]
[15.57]
[15.56]
[15.78]
[15.69]
[15.67]
[15.63]
[15.75]
[15.5]
[15.92]
[15.96]
[15.99]
[16.2]
[15.99]
[15.99]
[15.96]
[15.93]
[15.94]
[15.96]
[15.89]
[15.75]
[15.57]
[14.85]
[16.98]
[17.18]
[17.15]
[16.64]
[16.94]
[16.89]
[16.85]
[16.85]
[16.82]
[22.09]
[48.14]
[54.09]
[52.25]
[50.82]
[26.21]
[24.32]
[46.38]
[54.6]
[55.32]
[58.59]
[42.22]
[59.61]
[52.27]
[91.07]
[134.99]
[99.13]
[93.08]
[89.49]
[90.15]
[90.7]
[92.91]
[90.54]
[92.41]
[91.17]
[89.85]
[54.37]
[55.31]
[91.98]
[89.63]
[92.51]
[92.65]
[53.92]
[58.15]
[118.86]
[121.02]
[128.01]
[129.11]
[130.04]
[130.07]
[129.96]
[130.52]
[93.73]
[94.19]
[93.43]
[94.32]
[94.03]
[49.04]
[42.92]
[63.69]
[56.03]
[54.7]
[38.34]
[11.79]
[11.72]
[12.96]
[33.11]
[57.23]
[47.44]
[52.93]
[38.46]
[13.38]
[10.84]
[32.12]
[12.86]
[13.04]
[11.96]
[9.06]
[9.09]
[9.87]
[13.99]
[13.87]
[12.77]
[11.54]
[13.62]
[10.08]
[9.89]
[11.66]
[11.41]
[10.97]
[12.27]
[12.58]
[13.52]
[14.11]
[18.19]
[19.12]
[13.6]
[13.55]
[13.48]
[13.43]
[13.64]
[13.07]
[13.76]
[13.75]
[12.85]
[13.71]
[11.22]
[9.92]
[11.7]
[12.05]
[15.5]
[15.5]
[20.41]
[11.86]
[11.21]
[12.16]
[10.03]
[8.58]
[11.93]
[24.96]
[9.81]
[9.12]
[11.89]
[11.97]
[19.72]
[18.14]
[16.04]
[11.71]
[13.74]
[39.18]
[46.43]
[42.22]
[40.7]
[29.17]
[11.6]
[7.7]
[7.77]
[5.18]
[5.21]
[5.24]
[5.27]
[5.28]
[5.29]
[5.31]
[5.33]
[5.34]
[5.35]
[5.36]
[5.37]
[5.38]
[5.39]