0.8911653915877069, 0.8984328988098618, -0.6305767814951924, 200.81948833660977[11.589089]
[9.012044]
[7.9664106]
[9.814728]
[8.860585]
[5.6246815]
[5.1021056]
[5.1171455]
[5.1398187]
[5.113766]
[5.074024]
[5.06304]
[5.0397015]
[7.3083487]
[7.7280207]
[7.734876]
[7.866089]
[8.794435]
[9.6417465]
[10.0591]
[9.493553]
[8.661302]
[8.432457]
[8.300329]
[8.241252]
[8.24788]
[8.240998]
[8.185294]
[8.09383]
[8.008474]
[8.004014]
[8.121011]
[8.135819]
[8.206302]
[8.175304]
[8.172582]
[8.14927]
[8.432782]
[11.915387]
[9.258453]
[8.815241]
[9.212124]
[9.391544]
[9.20437]
[10.652206]
[10.796631]
[10.752189]
[10.72965]
[10.89273]
[11.218358]
[11.37853]
[11.167931]
[10.924219]
[10.84759]
[10.760157]
[10.695745]
[10.708034]
[10.719277]
[10.652197]
[10.630712]
[10.651232]
[10.637921]
[10.618264]
[10.667682]
[10.737849]
[10.89668]
[11.26052]
[11.382648]
[11.166793]
[11.194689]
[13.633232]
[8.710934]
[10.212623]
[10.781774]
[37.170612]
[16.802742]
[12.575999]
[12.590989]
[12.544282]
[12.604652]
[12.764125]
[12.852456]
[12.852557]
[12.94149]
[13.015936]
[12.85108]
[12.892915]
[13.040055]
[13.245814]
[13.138089]
[13.197474]
[13.214629]
[13.6236925]
[13.544279]
[13.295486]
[13.404989]
[13.443242]
[13.258884]
[13.205878]
[12.92085]
[13.580206]
[13.973833]
[13.902742]
[14.462768]
[14.676468]
[15.049205]
[19.942951]
[21.397955]
[21.550018]
[33.908382]
[42.159405]
[24.96083]
[70.74261]
[57.051453]
[72.58376]
[94.76559]
[133.79874]
[95.36893]
[72.20779]
[59.41629]
[62.428307]
[60.27234]
[55.444897]
[51.603527]
[52.94932]
[49.575676]
[40.487732]
[49.006058]
[51.865517]
[49.14159]
[49.97878]
[53.3744]
[30.476223]
[26.323347]
[42.03969]
[48.682247]
[44.875847]
[48.709816]
[44.468704]
[22.24958]
[22.27949]
[44.79446]
[49.570583]
[71.80301]
[101.51852]
[144.44344]
[155.91344]
[169.21594]
[207.79793]
[174.95004]
[142.63681]
[140.14742]
[126.87297]
[104.963036]
[89.39539]
[111.29044]
[115.9817]
[117.16995]
[120.88508]
[126.73267]
[107.784035]
[99.933205]
[95.84152]
[93.90642]
[91.35118]
[90.390144]
[93.72685]
[73.5004]
[68.41819]
[76.443665]
[76.43401]
[72.12815]
[71.34972]
[70.765205]
[61.544056]
[58.819096]
[54.922737]
[57.32887]
[42.556595]
[55.410137]
[56.21919]
[49.58861]
[46.259155]
[57.69849]
[52.088505]
[46.65008]
[43.29715]
[44.958122]
[41.0031]
[41.30677]
[45.132305]
[62.82815]
[68.90559]
[58.91127]
[65.96537]
[58.56051]
[58.54868]
[96.178635]
[95.83823]
[91.56707]
[85.099335]
[81.00168]
[81.91713]
[79.438194]
[85.06094]
[93.46499]
[89.97302]
[98.01599]
[102.65538]
[73.1798]
[70.83037]
[78.60823]
[57.908092]
[73.08499]
[50.82751]
[65.34471]
[35.053715]
[23.326952]
[46.38605]
[34.5905]
[33.17614]
[25.53896]
[29.16015]
[21.151806]
[16.252562]
[20.298521]
[26.633402]
[35.472862]
[36.97115]
[41.1859]
[28.871677]
[17.903646]
[41.736095]
[48.123615]
[40.633045]
[37.435352]
[22.210827]
[19.008816]
[18.639065]
[23.691105]
[30.366205]
[38.17669]
[36.59721]
[41.64387]
[19.862862]
[15.359875]
[38.015266]
[38.82627]
[38.98413]
[38.50684]
[36.70204]
[20.5556]
[16.188251]
[27.26126]
[30.704311]
[23.75639]
[30.382887]
[30.64534]
[16.994402]
[12.413511]
[24.120949]
[27.522242]
[26.140253]
[24.752987]
[23.05665]
[19.019815]
[15.245086]
[19.344347]
[22.109077]
[17.44676]
[18.142677]
[37.315006]
[20.340603]
[15.568516]
[24.450563]
[27.60898]
[25.95078]
[24.745953]
[23.390385]
[13.36196]
[9.284213]
[20.017778]
[20.53195]
[23.049614]
[23.80315]
[22.014503]
[12.339576]
[8.275114]
[7.675653]
[6.4857454]
[6.1686535]
[6.487143]
[6.532118]
[6.453093]
[6.309442]
[6.110649]
[6.183558]
[6.092574]
[6.100712]
[5.945426]
[5.896631]
[5.852392]
[5.8589263]
[5.7507963]
[5.725087]
[5.685374]
[5.6413126]
[5.6413126]
[5.6413126]
[5.6413126]
[5.487215]
[7.4277735]
[12.262812]
[12.275987]
[14.02873]
[9.841871]
[10.354315]
[11.126831]
[15.340245]
[14.054603]
[12.2919]
[9.362175]
[6.4087844]
[9.005581]
[9.557938]
[8.4412565]
[8.646039]
[9.148007]
[10.590087]
[10.804655]
[9.594021]
[10.544204]
[17.402557]
[12.262256]
[11.0798435]
[7.769313]
[10.796624]
[11.314648]
[11.082709]
[6.0574975]
[5.1799474]
[5.212002]
[5.8981743]
[8.974957]
[9.085768]
[9.16139]
[6.6630106]
[5.2478833]
[5.117426]
[5.144206]
[5.109875]
[5.0980134]
[6.4214253]
[5.329211]
[5.077658]
[5.093865]
[5.0999594]
[5.025368]
[5.155744]
[5.357028]
[5.5595655]
[5.4322658]
[5.28939]
[5.200694]
[5.116217]
[5.127759]
[5.162249]
[5.295369]
[5.3050613]
[5.275155]
[5.2022305]
[5.1897616]
[5.1094794]
[5.146717]
[5.142642]
[5.145704]
[7.2120237]
[7.5616827]
[12.160504]
[8.552342]
[7.735655]
[8.8933]
[8.69236]
[7.8345838]
[10.7421665]
[10.221543]
[8.560942]
[10.117264]
[10.613443]
[8.765425]
[8.449987]
[10.906988]
[11.516291]
[11.437985]
[11.360293]
[16.127838]
[11.121337]
[9.04077]
[12.382386]
[15.906303]
[19.768806]
[14.297024]
[11.7437105]
[10.994157]
[9.739678]
[9.776042]
[10.6912565]
[10.866669]
[11.699873]
[11.825574]
[11.089927]
[11.078021]
[11.903022]
[11.62642]
[11.523806]
[12.254819]
[12.360437]
[11.336775]
[10.764559]
[11.733952]
[11.982778]
[11.907402]
[11.921209]
[11.481575]
[10.865267]
[11.097612]
[11.877414]
[13.378911]
[12.803768]
[11.484211]
[12.797764]
[13.010183]
[12.226144]
[12.544684]
[12.471582]
[11.709476]
[13.421642]
[12.904157]
[12.968194]
[12.934145]
[12.834305]
[12.759854]
[12.701554]
[12.915962]
[12.823445]
[14.837969]
[18.299095]
[17.4876]
[13.342184]
[12.814656]
[13.164985]
[13.016917]
[13.567812]
[13.288257]
[13.142617]
[13.076636]
[12.91653]
[12.936448]
[12.759704]
[12.753245]
[12.588453]
[12.471803]
[12.377016]
[12.467079]
[12.541616]
[12.743573]
[12.732887]
[12.74087]
[12.667672]
[12.698679]
[12.738947]
[12.881537]
[12.892105]
[12.788814]
[12.756864]
[12.80975]
[12.965244]
[12.917028]
[13.008371]
[13.091332]
[13.153868]
[13.240653]
[13.048001]
[13.139552]
[12.98564]
[13.00573]
[13.119893]
[13.210698]
[13.130473]
[13.042208]
[12.993001]
[12.985122]
[13.101508]
[13.137069]
[12.979295]
[12.925742]
[12.98834]
[13.2414875]
[13.487744]
[13.676468]
[13.89443]
[23.841413]
[27.262032]
[40.575863]
[14.55213]
[12.661595]
[14.689979]
[15.281822]
[15.623292]
[15.266949]
[14.832747]
[14.706277]
[14.656818]
[14.743963]
[14.423143]
[14.222604]
[14.338406]
[14.370466]
[14.767436]
[14.105353]
[14.009611]
[13.902212]
[13.959093]
[13.345275]
[13.730981]
[12.461949]
[12.317837]
[12.026583]
[12.297107]
[12.860652]
[13.786715]
[13.057963]
[12.71492]
[12.400013]
[12.270163]
[12.0783615]
[11.925207]
[12.182598]
[12.0205765]
[11.936334]
[11.757791]
[11.6965885]
[11.5891905]
[11.481428]
[11.369813]
[11.435321]
[11.860075]
[12.89032]
[13.874424]
[14.03563]
[13.6539345]
[12.9225235]
[12.7760105]
[12.409588]
[12.301744]
[12.437621]
[11.596431]
[11.238267]
[10.47813]
[10.187525]
[10.035353]
[9.860182]
[9.805246]
[9.723135]
[9.693563]
[9.602576]
[9.529101]
[9.546231]
[9.445636]
[9.468039]
[9.443405]
[9.417535]
[9.415745]
[9.386336]
[9.339655]
[9.279642]
[9.220717]
[9.181937]
[9.11692]
[9.102789]
[9.108305]
[9.132088]
[9.071426]
[9.034892]
[9.095535]
[9.07354]
[8.708336]
[8.6670885]
[8.53271]
[8.314594]
[8.230514]
[8.296109]
[8.390494]
[8.352721]
[8.274106]
[8.159267]
[8.236952]
[9.029587]
[9.616034]
[9.555687]
[9.196952]
[8.943644]
[8.727457]
[8.576292]
[8.47727]
[8.41391]
[8.418909]
[8.352573]
[8.276673]
[8.2643795]
[8.163561]
[8.176259]
[8.410398]
[8.600634]
[8.554735]
[8.619787]
[8.588059]
[8.109008]
[7.89328]
[7.729433]
[7.668514]
[7.6084065]
[7.6406045]
[7.6876764]
[7.626132]
[7.548152]
[7.563554]
[7.5494227]
[7.517582]
[7.528623]
[7.527619]
[7.4840317]
[7.4869556]
[7.489873]
[7.4561405]
[7.4145684]
[7.3648934]
[7.4581985]
[7.395541]
[7.344285]
[7.407548]
[7.4482937]
[7.402357]
[7.437178]
[7.456768]
[7.5564837]
[7.635123]
[6.395514]
[6.16755]
[6.0230474]
[5.531146]
[5.4829774]
[5.419262]
[5.4464364]
[5.4427934]
[5.3891296]
[5.4458194]
[5.452368]
[5.4142666]
[5.3985844]
[5.4075675]
[5.4357934]
[5.40007]
[5.354416]
[5.441041]
[5.4018598]
[5.3498774]
[5.4450355]
[5.445981]
[5.418965]
[5.417876]
[5.4339066]
[5.435408]
[5.4366236]
[5.4369435]
[5.4494667]
[5.4825163]
[5.430399]
[5.4747033]
[5.7960796]
[5.770741]
[9.050876]
[6.1850934]
[7.178979]
[7.3926444]
[5.8946815]
[5.6557636]
[5.6364055]
[5.584387]
[5.8376746]
[5.562219]
[5.783941]
[5.5429535]
[5.7490616]
[5.513329]
[7.531445]
[6.024993]
[5.6702285]
[5.6476183]
[5.625491]
[5.603443]
[5.581331]
[5.329573]
[5.5309234]
[5.3550515]
[7.453205]
[5.6737638]
[5.276096]
[5.4585943]
[5.263013]
[5.23452]
[5.4031634]
[5.2266607]
[5.346456]
[5.3349404]
[5.176594]
[5.290951]
[5.1828914]
[5.1236367]
[5.1365523]
[5.234045]
[5.1197267]
[5.1801667]
[5.0905185]
[5.1126366]
[5.1323824]
[5.137917]
[5.041737]
[5.1536627]
[5.1597967]
[5.109872]
[5.1790915]
[5.164238]
[5.139576]
[5.2146816]
[5.1333075]
[5.139568]
[8.224755]
[8.164899]
[8.578398]
[8.218645]
[8.591042]
[8.671398]
[8.640849]
[8.625293]
[9.230286]
[8.71844]
[9.218832]
[8.707952]
[9.2068]
[8.697037]
[9.195832]
[9.290288]
[8.667962]
[8.668894]
[8.700106]
[8.638857]
[8.57889]
[8.518456]
[8.3636]
[8.660603]
[8.421017]
[8.926823]
[8.733001]
[8.488109]
[9.20527]
[9.252433]
[9.242358]
[10.84548]
[11.075929]
[11.069418]
[11.598972]
[11.135107]
[11.587021]
[12.201023]
[12.271884]
[15.30999]
[17.27258]
[15.618562]
[12.096791]
[12.153546]
[12.226985]
[12.746037]
[15.595571]
[13.107079]
[12.534357]
[12.449304]
[12.833801]
[11.824346]
[11.595173]
[11.640889]
[11.640411]
[11.680398]
[11.90243]
[12.032264]
[11.543339]
[11.65767]
[11.527079]
[12.51718]
[12.961398]
[13.176834]
[13.396893]
[13.022317]
[13.146166]
[12.844521]
[12.737751]
[12.869428]
[12.040925]
[27.797064]
[21.548409]
[15.660841]
[14.485588]
[11.866509]
[14.833677]
[15.336622]
[15.402013]
[15.409294]
[15.519755]
[15.336814]
[15.123024]
[15.0149]
[14.763647]
[15.0803175]
[14.225476]
[14.53188]
[14.302552]
[14.651958]
[13.856743]
[14.720264]
[15.17727]
[16.44011]
[16.46778]
[17.536001]
[20.331226]
[15.972393]
[16.559374]
[16.277306]
[17.744164]
[18.274359]
[16.90526]
[17.629395]
[17.811073]
[17.488157]
[17.976034]
[18.031761]
[17.880117]
[17.311512]
[17.2607]
[16.956564]
[16.628057]
[16.44134]
[16.471493]
[16.964582]
[17.154572]
[17.590048]
[17.125082]
[16.2949]
[15.933265]
[15.78579]
[15.345507]
[15.74425]
[15.913245]
[15.840002]
[17.078806]
[16.605127]
[16.220453]
[16.096159]
[15.856539]
[16.426828]
[16.115896]
[16.762959]
[22.82244]
[24.10228]
[20.168005]
[28.465017]
[27.89507]
[23.015934]
[22.249296]
[20.449274]
[5.6769986]
[15.174822]
[17.08449]
[16.727379]
[19.937311]
[37.53064]
[44.17253]
[50.238186]
[54.324154]
[44.91664]
[40.40426]
[58.57975]
[68.04466]
[66.420876]
[65.26054]
[54.76609]
[70.94449]
[85.96678]
[94.77027]
[121.59636]
[111.33138]
[117.02231]
[105.0126]
[100.51124]
[99.3679]
[101.31936]
[97.458405]
[93.1735]
[89.289825]
[86.737045]
[73.31382]
[75.302795]
[89.52795]
[87.74649]
[87.213844]
[89.19847]
[78.02982]
[84.17479]
[107.68379]
[119.53107]
[135.4864]
[132.77998]
[128.80159]
[128.37393]
[130.51422]
[127.35071]
[102.48149]
[101.62644]
[99.763054]
[96.634514]
[94.430756]
[62.689587]
[51.065636]
[62.01467]
[57.43801]
[53.84145]
[41.87631]
[22.206844]
[18.844837]
[19.20263]
[31.362776]
[46.576256]
[41.76723]
[43.66487]
[35.482853]
[19.208445]
[15.232321]
[27.940323]
[18.473505]
[15.9256315]
[15.404389]
[13.173943]
[12.63046]
[12.665083]
[14.828821]
[14.841537]
[13.893913]
[12.952598]
[13.688411]
[12.053282]
[11.576326]
[12.705848]
[12.557767]
[11.940999]
[12.413697]
[12.490277]
[12.70006]
[13.028329]
[14.8702755]
[15.488875]
[12.491412]
[12.075181]
[12.712768]
[13.020544]
[12.927797]
[12.361644]
[12.437571]
[12.425042]
[11.784372]
[12.214327]
[10.819945]
[9.822471]
[10.859436]
[11.7979965]
[13.759006]
[14.073864]
[16.814001]
[13.243168]
[12.765528]
[12.982847]
[11.633169]
[10.14337]
[11.404757]
[18.03966]
[11.101752]
[9.22699]
[10.358118]
[10.535014]
[14.083556]
[13.917663]
[12.566985]
[10.2360935]
[10.649286]
[22.954569]
[28.210503]
[27.424374]
[26.143902]
[20.328419]
[13.306515]
[9.590654]
[9.949562]
[7.7015676]
[7.172816]
[6.8178077]
[6.575723]
[6.0213027]
[6.2287946]
[6.116132]
[6.395816]
[5.963009]
[6.1375194]
[5.955354]
[5.8612747]
[5.8989577][10.25]
[9.45]
[13.02]
[10.69]
[5.31]
[5.25]
[5.26]
[5.31]
[5.31]
[5.3]
[5.29]
[5.3]
[9.25]
[9.31]
[9.28]
[9.29]
[9.27]
[9.26]
[9.25]
[9.26]
[9.26]
[9.27]
[9.25]
[9.25]
[9.32]
[9.28]
[9.26]
[9.22]
[9.21]
[9.23]
[9.23]
[9.06]
[9.24]
[9.25]
[9.24]
[9.29]
[9.55]
[9.28]
[9.27]
[9.27]
[9.25]
[9.24]
[9.28]
[12.21]
[12.29]
[12.32]
[12.27]
[12.3]
[12.29]
[12.25]
[12.25]
[12.25]
[12.29]
[12.3]
[12.3]
[12.31]
[12.36]
[12.34]
[12.35]
[12.36]
[12.37]
[12.39]
[12.39]
[12.4]
[12.36]
[12.39]
[12.4]
[12.41]
[12.52]
[12.25]
[12.25]
[12.03]
[12.31]
[26.75]
[15.2]
[15.05]
[15.12]
[15.03]
[15.09]
[15.17]
[15.22]
[15.41]
[15.4]
[15.43]
[15.24]
[15.14]
[15.08]
[15.29]
[15.3]
[15.23]
[15.22]
[15.17]
[15.21]
[15.24]
[15.21]
[15.26]
[15.09]
[15.03]
[14.94]
[15.09]
[15.28]
[15.3]
[15.52]
[15.38]
[15.46]
[15.26]
[15.55]
[15.54]
[15.27]
[22.36]
[17.87]
[15.85]
[42.75]
[82.22]
[94.05]
[93.25]
[90.97]
[55.68]
[49.63]
[58.09]
[56.67]
[54.59]
[53.59]
[58.05]
[53.08]
[41.74]
[57.88]
[58.89]
[56.17]
[56.45]
[59.98]
[24.57]
[23.68]
[48.95]
[58.59]
[52.66]
[61.65]
[55.39]
[15.63]
[15.57]
[49.45]
[48.02]
[57.5]
[95.04]
[91.35]
[127.12]
[159.08]
[215.85]
[192.9]
[144.63]
[136.75]
[131.02]
[99.64]
[86.83]
[129.19]
[131.03]
[129.73]
[130.49]
[130.52]
[92.3]
[87.76]
[90.33]
[91.84]
[90.24]
[92.4]
[96.82]
[52.74]
[45.22]
[55.96]
[60.38]
[51.61]
[55.5]
[62.81]
[54.04]
[56.12]
[53.08]
[60.33]
[38.11]
[64.66]
[62.07]
[50.21]
[45.53]
[67.12]
[58.52]
[53.52]
[50.52]
[53.77]
[41.06]
[38.17]
[35.45]
[50.08]
[57.71]
[43.73]
[61.41]
[54.5]
[42.43]
[96.98]
[93.31]
[95.73]
[93.08]
[91.61]
[94.94]
[85.74]
[88.4]
[98.74]
[90.94]
[95.37]
[98.5]
[45.13]
[47.61]
[67.66]
[39.1]
[71.69]
[37.29]
[69.59]
[19.53]
[12.7]
[49.99]
[27.12]
[31.05]
[19.21]
[28.46]
[14.31]
[9.94]
[17.83]
[28.86]
[44.83]
[46.46]
[52.06]
[24.01]
[9.42]
[50.97]
[57.23]
[44.2]
[37.8]
[12.15]
[9.41]
[10.47]
[20.43]
[33.31]
[48.25]
[44.01]
[55.45]
[12.7]
[10.36]
[51.64]
[50.92]
[50.38]
[49.93]
[49.1]
[13.79]
[10.13]
[29.22]
[34.2]
[23.2]
[39.35]
[38.77]
[14.08]
[10.2]
[32.49]
[35.58]
[33.86]
[32.24]
[29.9]
[23.23]
[16.87]
[24.9]
[28.37]
[17.49]
[16.74]
[47.53]
[16.06]
[15.03]
[32.65]
[36.66]
[33.79]
[32.62]
[31.6]
[12.79]
[8.68]
[29.3]
[28.48]
[33.01]
[32.79]
[29.71]
[12.11]
[7.79]
[7.39]
[5.3]
[5.33]
[5.36]
[5.41]
[5.44]
[5.46]
[5.48]
[5.51]
[5.52]
[5.54]
[5.55]
[5.56]
[5.57]
[5.58]
[5.41]
[5.59]
[5.59]
[5.59]
[5.59]
[5.59]
[5.59]
[5.52]
[9.82]
[15.53]
[16.95]
[20.82]
[11.7]
[14.18]
[15.4]
[23.39]
[19.41]
[16.47]
[11.42]
[6.71]
[12.54]
[12.67]
[10.63]
[11.37]
[12.05]
[14.44]
[14.47]
[12.32]
[14.46]
[13.82]
[14.57]
[14.58]
[8.47]
[14.78]
[14.81]
[14.47]
[5.31]
[5.31]
[5.29]
[6.65]
[12.03]
[10.97]
[11.68]
[7.09]
[5.32]
[5.32]
[5.33]
[5.32]
[5.32]
[7.66]
[5.32]
[5.32]
[5.32]
[5.29]
[5.21]
[5.09]
[5.1]
[5.1]
[5.1]
[5.11]
[5.11]
[5.1]
[5.12]
[5.22]
[5.48]
[5.49]
[5.27]
[5.12]
[5.13]
[5.12]
[5.12]
[5.11]
[5.16]
[8.76]
[8.76]
[8.94]
[8.95]
[8.95]
[10.8]
[10.34]
[8.93]
[12.82]
[12.41]
[9.78]
[12.71]
[13.05]
[9.78]
[9.61]
[13.47]
[13.71]
[13.82]
[13.8]
[20.11]
[12.1]
[10.21]
[15.44]
[19.36]
[24.22]
[16.35]
[13.82]
[12.91]
[11.05]
[11.21]
[12.63]
[12.73]
[13.93]
[14.]
[12.75]
[12.72]
[14.06]
[13.64]
[13.18]
[14.13]
[14.47]
[12.97]
[12.08]
[13.53]
[13.92]
[14.]
[14.03]
[13.47]
[12.53]
[12.61]
[12.89]
[13.87]
[13.64]
[12.29]
[13.75]
[12.77]
[12.77]
[13.97]
[13.97]
[12.95]
[15.58]
[14.78]
[14.97]
[14.82]
[14.67]
[14.69]
[14.7]
[14.81]
[14.7]
[17.5]
[18.04]
[19.37]
[14.58]
[14.62]
[14.69]
[14.75]
[14.6]
[14.39]
[14.42]
[14.49]
[14.55]
[14.59]
[14.62]
[14.6]
[14.31]
[14.23]
[14.12]
[14.15]
[14.3]
[14.52]
[14.49]
[14.43]
[14.23]
[14.17]
[14.28]
[14.37]
[14.29]
[14.2]
[14.09]
[14.11]
[14.23]
[14.04]
[14.13]
[14.15]
[14.07]
[14.02]
[13.88]
[13.88]
[13.78]
[13.82]
[13.92]
[14.08]
[13.97]
[13.86]
[13.82]
[13.83]
[13.99]
[14.01]
[13.84]
[13.78]
[13.71]
[13.96]
[14.1]
[13.99]
[13.72]
[16.98]
[13.92]
[13.67]
[13.53]
[13.42]
[13.41]
[13.36]
[14.17]
[14.52]
[14.48]
[14.44]
[14.41]
[14.38]
[14.37]
[14.35]
[14.34]
[14.31]
[15.25]
[14.32]
[14.31]
[14.29]
[14.29]
[14.58]
[14.56]
[12.15]
[11.95]
[11.88]
[11.87]
[11.82]
[13.39]
[11.95]
[11.94]
[11.89]
[11.86]
[11.86]
[11.84]
[11.83]
[11.81]
[11.86]
[11.86]
[11.8]
[11.8]
[11.79]
[11.78]
[11.77]
[11.96]
[11.94]
[11.9]
[11.85]
[11.35]
[11.83]
[11.8]
[12.]
[12.06]
[12.03]
[9.66]
[9.6]
[9.59]
[9.63]
[9.74]
[9.73]
[9.68]
[9.68]
[9.7]
[9.68]
[9.68]
[9.67]
[9.67]
[9.73]
[9.77]
[9.75]
[9.77]
[9.77]
[9.77]
[9.74]
[9.74]
[9.73]
[9.72]
[9.75]
[9.75]
[9.79]
[9.77]
[9.77]
[9.78]
[9.77]
[9.09]
[9.09]
[8.91]
[8.69]
[8.69]
[8.66]
[8.69]
[8.7]
[8.7]
[8.66]
[8.67]
[8.77]
[8.78]
[8.78]
[8.77]
[8.78]
[8.77]
[8.74]
[8.74]
[8.77]
[8.77]
[8.77]
[8.76]
[8.77]
[8.76]
[8.77]
[8.77]
[8.76]
[8.76]
[8.77]
[8.71]
[8.26]
[8.23]
[8.06]
[8.02]
[8.01]
[8.04]
[8.06]
[8.04]
[8.05]
[8.06]
[8.05]
[8.05]
[8.07]
[8.07]
[8.06]
[8.04]
[8.08]
[8.07]
[8.07]
[8.03]
[8.1]
[8.09]
[8.1]
[8.11]
[8.1]
[8.11]
[8.12]
[8.11]
[8.11]
[8.13]
[6.13]
[6.11]
[5.91]
[5.29]
[5.35]
[5.29]
[5.31]
[5.3]
[5.3]
[5.3]
[5.31]
[5.3]
[5.27]
[5.29]
[5.29]
[5.29]
[5.3]
[5.3]
[5.34]
[5.31]
[5.31]
[5.32]
[5.32]
[5.31]
[5.33]
[5.32]
[5.32]
[5.31]
[5.33]
[5.32]
[5.34]
[5.34]
[5.89]
[5.74]
[5.51]
[5.5]
[7.49]
[7.16]
[5.55]
[5.56]
[5.48]
[5.43]
[5.41]
[5.42]
[5.48]
[5.44]
[5.44]
[5.44]
[7.99]
[5.37]
[5.4]
[5.41]
[5.38]
[5.38]
[5.39]
[5.38]
[5.38]
[5.43]
[5.4]
[5.41]
[5.42]
[5.41]
[5.41]
[5.41]
[5.41]
[5.42]
[5.44]
[5.44]
[5.45]
[5.47]
[5.47]
[5.4]
[5.42]
[5.44]
[5.46]
[5.47]
[5.46]
[5.46]
[5.47]
[5.47]
[5.42]
[5.48]
[5.49]
[5.48]
[5.46]
[5.46]
[5.5]
[5.51]
[5.48]
[5.46]
[9.04]
[9.13]
[9.13]
[9.16]
[9.17]
[9.17]
[9.19]
[9.21]
[9.24]
[9.24]
[9.22]
[9.2]
[9.27]
[9.28]
[9.28]
[9.29]
[9.32]
[9.33]
[9.33]
[9.34]
[9.36]
[9.37]
[9.38]
[9.41]
[9.41]
[9.41]
[9.41]
[9.42]
[9.83]
[9.49]
[9.52]
[12.18]
[12.29]
[12.29]
[12.33]
[12.37]
[12.42]
[12.45]
[12.39]
[15.27]
[16.55]
[14.11]
[12.06]
[12.15]
[12.22]
[12.2]
[14.89]
[12.24]
[12.29]
[12.3]
[12.82]
[12.19]
[12.16]
[12.29]
[12.32]
[12.3]
[12.41]
[12.47]
[12.46]
[12.66]
[12.65]
[14.68]
[15.59]
[15.66]
[15.62]
[15.61]
[15.62]
[15.55]
[15.55]
[15.53]
[15.48]
[15.58]
[15.63]
[15.67]
[15.73]
[15.76]
[15.69]
[15.74]
[15.74]
[15.7]
[15.75]
[15.81]
[15.74]
[15.69]
[15.67]
[15.67]
[15.69]
[15.71]
[15.78]
[15.82]
[15.85]
[15.84]
[15.82]
[15.81]
[15.68]
[15.65]
[15.45]
[15.76]
[15.72]
[15.72]
[15.72]
[15.86]
[15.62]
[15.55]
[15.84]
[15.47]
[15.85]
[15.91]
[15.89]
[15.6]
[15.96]
[15.99]
[15.84]
[15.77]
[15.99]
[15.57]
[15.56]
[15.78]
[15.69]
[15.67]
[15.63]
[15.75]
[15.5]
[15.92]
[15.96]
[15.99]
[16.2]
[15.99]
[15.99]
[15.96]
[15.93]
[15.94]
[15.96]
[15.89]
[15.75]
[15.57]
[14.85]
[16.98]
[17.18]
[17.15]
[16.64]
[16.94]
[16.89]
[16.85]
[16.85]
[16.82]
[22.09]
[48.14]
[54.09]
[52.25]
[50.82]
[26.21]
[24.32]
[46.38]
[54.6]
[55.32]
[58.59]
[42.22]
[59.61]
[52.27]
[91.07]
[134.99]
[99.13]
[93.08]
[89.49]
[90.15]
[90.7]
[92.91]
[90.54]
[92.41]
[91.17]
[89.85]
[54.37]
[55.31]
[91.98]
[89.63]
[92.51]
[92.65]
[53.92]
[58.15]
[118.86]
[121.02]
[128.01]
[129.11]
[130.04]
[130.07]
[129.96]
[130.52]
[93.73]
[94.19]
[93.43]
[94.32]
[94.03]
[49.04]
[42.92]
[63.69]
[56.03]
[54.7]
[38.34]
[11.79]
[11.72]
[12.96]
[33.11]
[57.23]
[47.44]
[52.93]
[38.46]
[13.38]
[10.84]
[32.12]
[12.86]
[13.04]
[11.96]
[9.06]
[9.09]
[9.87]
[13.99]
[13.87]
[12.77]
[11.54]
[13.62]
[10.08]
[9.89]
[11.66]
[11.41]
[10.97]
[12.27]
[12.58]
[13.52]
[14.11]
[18.19]
[19.12]
[13.6]
[13.55]
[13.48]
[13.43]
[13.64]
[13.07]
[13.76]
[13.75]
[12.85]
[13.71]
[11.22]
[9.92]
[11.7]
[12.05]
[15.5]
[15.5]
[20.41]
[11.86]
[11.21]
[12.16]
[10.03]
[8.58]
[11.93]
[24.96]
[9.81]
[9.12]
[11.89]
[11.97]
[19.72]
[18.14]
[16.04]
[11.71]
[13.74]
[39.18]
[46.43]
[42.22]
[40.7]
[29.17]
[11.6]
[7.7]
[7.77]
[5.18]
[5.21]
[5.24]
[5.27]
[5.28]
[5.29]
[5.31]
[5.33]
[5.34]
[5.35]
[5.36]
[5.37]
[5.38]
[5.39]