0.8879460559339242, 0.9000149986370871, -9.792410650778596, 203.76797071074793[14.357285]
[11.797]
[10.856111]
[12.526565]
[11.557428]
[8.60448]
[8.142324]
[8.189894]
[8.118944]
[8.112691]
[8.0483265]
[7.983348]
[8.0229845]
[10.068945]
[10.470275]
[10.405049]
[10.629258]
[12.197948]
[13.852046]
[14.220542]
[12.43122]
[11.667066]
[11.366896]
[11.258707]
[11.126138]
[11.145103]
[11.133716]
[11.053942]
[10.889866]
[10.800329]
[10.734381]
[10.9543295]
[11.058897]
[10.9872675]
[10.929706]
[10.98523]
[10.852111]
[11.161381]
[14.741591]
[11.988268]
[11.95636]
[12.647479]
[12.738661]
[12.292339]
[13.470992]
[13.529387]
[13.450994]
[13.491543]
[13.613227]
[14.295206]
[14.393077]
[13.999936]
[13.610842]
[13.623108]
[13.384718]
[13.345924]
[13.34628]
[13.33468]
[13.197024]
[13.177937]
[13.185272]
[13.148343]
[13.06345]
[13.178645]
[13.227206]
[13.498865]
[14.15775]
[14.130203]
[13.683111]
[13.876089]
[15.96989]
[11.387766]
[12.803213]
[13.223281]
[39.348976]
[18.102053]
[14.633847]
[14.5277605]
[14.476094]
[14.511038]
[14.702635]
[14.736726]
[14.600631]
[14.750421]
[14.772211]
[14.547872]
[14.704302]
[14.9161415]
[15.044326]
[14.829239]
[15.019132]
[15.104798]
[15.720025]
[15.313714]
[15.012299]
[15.237618]
[15.159786]
[14.9230585]
[14.847678]
[14.562376]
[15.266097]
[15.797145]
[15.549253]
[16.100843]
[16.317928]
[16.630852]
[22.143444]
[22.816961]
[24.304567]
[31.738012]
[50.1504]
[31.419115]
[60.889847]
[69.79876]
[87.78086]
[97.53819]
[124.90748]
[97.223595]
[73.74729]
[63.007385]
[65.06957]
[62.905888]
[57.499184]
[53.455223]
[54.808395]
[51.551777]
[43.163277]
[50.900585]
[53.82372]
[51.36821]
[51.814064]
[54.50827]
[33.74976]
[30.33077]
[44.771656]
[50.797165]
[47.21132]
[51.235985]
[47.30004]
[25.474154]
[27.37016]
[47.28938]
[51.129784]
[69.02772]
[97.89462]
[133.024]
[157.1734]
[167.4918]
[202.43326]
[174.515]
[151.53757]
[141.7649]
[129.76329]
[110.26278]
[92.42462]
[113.45471]
[118.2912]
[119.30338]
[121.53419]
[126.777855]
[107.366196]
[98.729355]
[96.55914]
[97.21362]
[93.256386]
[92.09423]
[95.607056]
[72.527954]
[66.13091]
[75.73936]
[76.81283]
[73.824234]
[72.4403]
[73.66836]
[64.54221]
[61.44929]
[57.4738]
[59.523277]
[45.481655]
[57.32033]
[58.54798]
[52.021564]
[49.08454]
[59.600784]
[54.839466]
[49.3902]
[46.04929]
[47.552956]
[43.481808]
[44.614555]
[48.506138]
[61.336334]
[70.89423]
[62.813347]
[68.78807]
[61.00037]
[57.630524]
[92.76598]
[98.1523]
[94.26762]
[87.801544]
[83.752304]
[84.594986]
[82.21503]
[86.24759]
[94.64988]
[92.10688]
[97.524345]
[101.83207]
[73.51114]
[69.475494]
[80.27316]
[61.961655]
[75.12632]
[54.972958]
[67.14488]
[40.083466]
[30.583406]
[49.961018]
[38.44742]
[37.196304]
[30.075787]
[33.40461]
[25.923887]
[21.428152]
[25.012398]
[30.935852]
[39.019405]
[40.635513]
[44.672066]
[32.572258]
[23.305107]
[45.003693]
[51.239468]
[43.751785]
[40.46004]
[27.394558]
[25.21606]
[24.750414]
[28.603172]
[34.421444]
[41.712013]
[40.28004]
[45.564617]
[23.931952]
[20.369156]
[41.863205]
[43.00539]
[42.775124]
[42.32386]
[40.64338]
[24.111532]
[21.440933]
[31.847363]
[34.31603]
[27.854761]
[34.10812]
[34.056484]
[21.107157]
[16.93382]
[28.03578]
[30.97237]
[29.710596]
[28.146399]
[26.595648]
[22.610212]
[19.062878]
[23.088087]
[25.654305]
[21.196741]
[22.364666]
[40.20301]
[24.31745]
[19.654886]
[28.158518]
[30.818285]
[29.229952]
[27.921864]
[26.677107]
[16.84396]
[13.461632]
[23.52069]
[23.689657]
[25.905905]
[26.794615]
[24.957518]
[15.747611]
[12.138908]
[11.57527]
[10.428662]
[10.14942]
[10.435128]
[10.720869]
[10.467535]
[10.214441]
[10.060718]
[10.079688]
[10.078605]
[9.991938]
[9.853555]
[9.735966]
[9.720598]
[9.7288065]
[9.625503]
[9.575691]
[9.478606]
[9.457546]
[9.457546]
[9.457546]
[9.457546]
[9.290217]
[11.016754]
[15.461602]
[15.402051]
[17.070082]
[13.104465]
[13.694582]
[14.295919]
[18.253584]
[16.927244]
[15.296376]
[12.536014]
[9.741397]
[12.250564]
[12.57251]
[11.546816]
[11.74528]
[12.176448]
[13.566966]
[13.720759]
[12.48816]
[13.404667]
[20.081999]
[14.920047]
[13.865629]
[10.6708145]
[13.640951]
[13.899821]
[13.699256]
[9.090906]
[8.328303]
[8.331592]
[8.9352455]
[11.695954]
[11.764289]
[11.791176]
[9.466581]
[8.21462]
[8.100651]
[8.110903]
[8.052833]
[7.9873195]
[9.291597]
[8.164782]
[7.962857]
[8.020163]
[7.950677]
[7.9380574]
[8.194356]
[8.813729]
[8.707614]
[8.473342]
[8.3397255]
[8.117716]
[8.076612]
[8.08328]
[8.093875]
[8.156044]
[8.193311]
[8.213886]
[8.269958]
[8.006192]
[8.057929]
[8.067374]
[8.059302]
[8.03785]
[9.907177]
[10.225238]
[14.471693]
[11.101112]
[10.290408]
[11.410436]
[11.057236]
[10.367601]
[13.023528]
[12.410506]
[10.91242]
[12.439385]
[12.762257]
[11.0805435]
[10.928136]
[13.226242]
[13.747333]
[13.47122]
[13.397179]
[17.754845]
[12.9513235]
[11.223215]
[14.511276]
[17.473982]
[21.072647]
[15.691698]
[13.340162]
[12.6645155]
[11.493042]
[11.574609]
[12.331872]
[12.443705]
[13.284493]
[13.346248]
[12.613519]
[12.685659]
[13.515753]
[13.024157]
[13.089899]
[13.885312]
[13.831416]
[12.815126]
[12.38371]
[13.380126]
[13.508765]
[13.378835]
[13.433199]
[12.94402]
[12.446658]
[12.250976]
[12.795197]
[14.498452]
[14.211476]
[12.484399]
[13.637094]
[14.263282]
[13.6236725]
[13.91976]
[13.840026]
[13.035089]
[14.794145]
[14.173525]
[14.197225]
[14.1483755]
[14.077292]
[13.984819]
[13.81686]
[14.047163]
[13.901238]
[15.312169]
[17.647413]
[16.608356]
[13.335961]
[13.190679]
[13.423787]
[13.517111]
[13.80118]
[13.216386]
[12.923228]
[12.777294]
[12.676661]
[12.696558]
[12.595429]
[12.66613]
[12.492542]
[12.309687]
[12.2931385]
[12.360389]
[12.405141]
[12.577244]
[12.553916]
[12.587632]
[12.580523]
[12.550212]
[12.566249]
[12.745463]
[12.680998]
[12.57214]
[12.576426]
[12.634143]
[12.793742]
[12.738155]
[12.786265]
[12.935715]
[13.094146]
[13.044838]
[12.579922]
[12.9158945]
[12.694324]
[12.337471]
[12.794667]
[12.823297]
[12.609924]
[12.573942]
[12.533789]
[12.525175]
[12.485537]
[12.843929]
[12.857383]
[12.882762]
[12.934642]
[12.834894]
[13.506042]
[13.982874]
[15.925582]
[18.599474]
[22.145334]
[49.447697]
[14.757182]
[14.273403]
[15.672466]
[16.213161]
[16.2572]
[15.973405]
[15.756194]
[15.746293]
[15.509671]
[15.320123]
[14.951816]
[14.798317]
[14.940215]
[14.94603]
[15.351605]
[14.716332]
[14.672568]
[14.569595]
[14.693374]
[14.06705]
[14.349781]
[13.161115]
[13.066387]
[12.868151]
[13.31239]
[13.933823]
[14.897433]
[14.219667]
[13.863979]
[13.568606]
[13.552167]
[13.421051]
[13.179339]
[13.578396]
[13.49272]
[13.496505]
[13.312237]
[13.307659]
[13.240913]
[13.162878]
[13.010157]
[13.000192]
[13.277414]
[14.425805]
[15.662856]
[16.120064]
[15.666679]
[14.9456]
[14.952433]
[14.659941]
[14.610697]
[14.553481]
[13.93994]
[13.919114]
[13.369975]
[13.121669]
[13.116502]
[12.944744]
[12.909877]
[12.708876]
[12.697197]
[12.48877]
[12.466135]
[12.457178]
[12.252692]
[12.350216]
[12.200858]
[12.2697]
[12.185719]
[12.164376]
[12.05657]
[12.002994]
[11.879742]
[11.844526]
[11.715899]
[11.716989]
[11.722364]
[11.725343]
[11.601184]
[11.594651]
[11.698626]
[11.625039]
[11.42902]
[11.315394]
[11.181963]
[10.898764]
[10.8625765]
[11.063312]
[11.095527]
[10.979286]
[10.83807]
[10.732717]
[11.10147]
[11.923635]
[12.890027]
[12.78548]
[12.318555]
[11.907319]
[11.614156]
[11.428088]
[11.269501]
[11.18062]
[11.23875]
[11.023405]
[10.985609]
[10.936795]
[10.723669]
[10.9051]
[11.399632]
[11.53487]
[11.395179]
[11.670209]
[11.416162]
[10.8452015]
[10.587077]
[10.454416]
[10.367242]
[10.260081]
[10.37395]
[10.380431]
[10.235191]
[10.125808]
[10.202871]
[10.099402]
[10.081433]
[10.08576]
[10.061165]
[9.964614]
[10.026454]
[9.936545]
[9.898998]
[9.78417]
[9.7633505]
[9.869411]
[9.657809]
[9.64753]
[9.760755]
[9.752561]
[9.650377]
[9.754406]
[9.780568]
[9.995292]
[10.025896]
[8.878664]
[8.659695]
[8.430345]
[7.9203086]
[7.902959]
[7.788669]
[7.868166]
[7.777481]
[7.7605066]
[7.851585]
[7.768877]
[7.746618]
[7.7240815]
[7.7251315]
[7.725854]
[7.620835]
[7.6092477]
[7.7056]
[7.5357046]
[7.6011]
[7.7047777]
[7.61592]
[7.6011505]
[7.591318]
[7.597524]
[7.5915766]
[7.583093]
[7.574685]
[7.577789]
[7.580169]
[7.479056]
[7.572414]
[7.7888756]
[7.8003983]
[10.793902]
[8.070843]
[9.087967]
[9.169559]
[7.769194]
[7.5892315]
[7.549549]
[7.498375]
[7.7617917]
[7.468944]
[7.7331233]
[7.46222]
[7.7143645]
[7.445968]
[9.392236]
[7.9616475]
[7.64456]
[7.6297135]
[7.6155753]
[7.601453]
[7.5872183]
[7.339644]
[7.5805984]
[7.294379]
[9.462022]
[7.6392803]
[7.349934]
[7.5365047]
[7.305858]
[7.3305597]
[7.502928]
[7.2878017]
[7.4759126]
[7.421438]
[7.2703648]
[7.445655]
[7.2722692]
[7.282095]
[7.280153]
[7.4019985]
[7.235287]
[7.3811345]
[7.218197]
[7.2720194]
[7.278006]
[7.3443313]
[7.1601467]
[7.250606]
[7.321772]
[7.173484]
[7.2337103]
[7.2847304]
[7.1560802]
[7.2949667]
[7.1969013]
[7.1119237]
[9.955265]
[9.823506]
[10.182099]
[9.808232]
[10.139621]
[10.165572]
[10.034551]
[9.911962]
[10.288534]
[9.745593]
[10.054726]
[9.515243]
[9.823094]
[9.287224]
[9.595175]
[9.540223]
[8.991365]
[8.938025]
[8.855472]
[8.786473]
[8.727059]
[8.649098]
[8.50881]
[8.808119]
[8.625451]
[9.094082]
[8.878265]
[8.708821]
[9.327112]
[9.340359]
[9.357979]
[10.781091]
[10.972362]
[10.971997]
[11.446673]
[11.034585]
[11.445431]
[11.946906]
[11.934931]
[14.35031]
[15.75459]
[14.158755]
[11.462749]
[11.5490465]
[11.536892]
[11.89337]
[14.784849]
[12.113174]
[11.729246]
[11.6654825]
[12.018567]
[11.162837]
[11.002023]
[11.085356]
[11.492551]
[11.550399]
[11.857133]
[11.506535]
[11.146988]
[11.56352]
[11.564584]
[13.022794]
[13.812335]
[14.080897]
[13.537291]
[12.835752]
[12.40002]
[11.804984]
[11.7343025]
[11.650415]
[13.452318]
[18.16503]
[20.245226]
[17.362913]
[15.317207]
[12.647837]
[15.438411]
[15.680357]
[15.754133]
[15.507597]
[15.532698]
[15.338983]
[15.299278]
[15.357864]
[15.211038]
[14.961326]
[15.534287]
[14.779761]
[14.502167]
[14.976148]
[15.01002]
[15.105188]
[15.163994]
[15.402551]
[15.428819]
[16.15114]
[15.702219]
[15.92366]
[16.25837]
[16.650751]
[17.93706]
[17.935781]
[17.564142]
[17.807253]
[18.399214]
[18.357815]
[18.205938]
[18.27682]
[18.255884]
[17.48445]
[17.55834]
[17.318342]
[17.086021]
[16.952755]
[17.018492]
[17.352938]
[17.99273]
[18.901276]
[17.92234]
[17.144157]
[16.560368]
[16.378862]
[15.98693]
[16.455803]
[16.652664]
[16.970985]
[17.778559]
[17.528702]
[17.137299]
[17.025293]
[16.89464]
[17.493935]
[17.3243]
[18.0407]
[24.441038]
[25.937773]
[21.386295]
[28.624159]
[27.92857]
[26.603537]
[25.762098]
[23.848404]
[10.129621]
[18.83962]
[20.425415]
[19.987665]
[22.73208]
[38.90741]
[44.16002]
[51.003384]
[53.37281]
[45.034492]
[41.01364]
[58.94849]
[67.715355]
[67.01429]
[66.87323]
[57.341152]
[69.9166]
[80.52686]
[93.44301]
[125.17814]
[114.696625]
[111.639725]
[101.76064]
[105.311905]
[102.07723]
[103.05965]
[98.51943]
[96.043465]
[91.30425]
[88.88752]
[71.65894]
[72.243996]
[91.174]
[90.26534]
[89.28476]
[91.352425]
[77.79967]
[80.317245]
[112.57455]
[126.433304]
[134.10585]
[132.09903]
[130.67645]
[131.746]
[131.33348]
[128.32866]
[105.32476]
[102.61677]
[99.13784]
[99.207664]
[96.756935]
[65.15598]
[54.98695]
[63.975327]
[59.306892]
[55.649113]
[44.72916]
[27.642378]
[24.862041]
[24.706566]
[35.287106]
[48.994957]
[44.557884]
[46.300705]
[38.40295]
[23.437723]
[20.040852]
[31.89578]
[22.866732]
[20.62566]
[20.015802]
[18.082375]
[17.37783]
[17.381397]
[19.318739]
[19.28553]
[18.332035]
[17.418005]
[18.126823]
[16.496666]
[16.1993]
[17.229845]
[17.114641]
[16.427973]
[16.80215]
[16.89507]
[17.026255]
[17.25684]
[19.045744]
[19.468716]
[16.625963]
[16.242275]
[16.944178]
[17.444103]
[17.276161]
[16.598919]
[16.671793]
[16.62987]
[16.025463]
[16.387777]
[15.120392]
[14.097425]
[15.119079]
[16.13135]
[18.112978]
[18.251612]
[20.865007]
[17.560987]
[17.353777]
[17.673742]
[16.086515]
[14.702636]
[15.813586]
[22.02701]
[15.2480135]
[13.602038]
[14.670321]
[14.678]
[18.088814]
[17.746212]
[16.5443]
[14.267284]
[14.713486]
[26.556911]
[32.21938]
[31.208838]
[29.719978]
[23.3847]
[17.25924]
[14.375648]
[14.173834]
[12.259301]
[11.495019]
[11.145898]
[10.8550825]
[10.226754]
[10.284386]
[10.465541]
[10.604128]
[10.242662]
[10.199942]
[10.236774]
[10.005676]
[10.012703][10.25]
[9.45]
[13.02]
[10.69]
[5.31]
[5.25]
[5.26]
[5.31]
[5.31]
[5.3]
[5.29]
[5.3]
[9.25]
[9.31]
[9.28]
[9.29]
[9.27]
[9.26]
[9.25]
[9.26]
[9.26]
[9.27]
[9.25]
[9.25]
[9.32]
[9.28]
[9.26]
[9.22]
[9.21]
[9.23]
[9.23]
[9.06]
[9.24]
[9.25]
[9.24]
[9.29]
[9.55]
[9.28]
[9.27]
[9.27]
[9.25]
[9.24]
[9.28]
[12.21]
[12.29]
[12.32]
[12.27]
[12.3]
[12.29]
[12.25]
[12.25]
[12.25]
[12.29]
[12.3]
[12.3]
[12.31]
[12.36]
[12.34]
[12.35]
[12.36]
[12.37]
[12.39]
[12.39]
[12.4]
[12.36]
[12.39]
[12.4]
[12.41]
[12.52]
[12.25]
[12.25]
[12.03]
[12.31]
[26.75]
[15.2]
[15.05]
[15.12]
[15.03]
[15.09]
[15.17]
[15.22]
[15.41]
[15.4]
[15.43]
[15.24]
[15.14]
[15.08]
[15.29]
[15.3]
[15.23]
[15.22]
[15.17]
[15.21]
[15.24]
[15.21]
[15.26]
[15.09]
[15.03]
[14.94]
[15.09]
[15.28]
[15.3]
[15.52]
[15.38]
[15.46]
[15.26]
[15.55]
[15.54]
[15.27]
[22.36]
[17.87]
[15.85]
[42.75]
[82.22]
[94.05]
[93.25]
[90.97]
[55.68]
[49.63]
[58.09]
[56.67]
[54.59]
[53.59]
[58.05]
[53.08]
[41.74]
[57.88]
[58.89]
[56.17]
[56.45]
[59.98]
[24.57]
[23.68]
[48.95]
[58.59]
[52.66]
[61.65]
[55.39]
[15.63]
[15.57]
[49.45]
[48.02]
[57.5]
[95.04]
[91.35]
[127.12]
[159.08]
[215.85]
[192.9]
[144.63]
[136.75]
[131.02]
[99.64]
[86.83]
[129.19]
[131.03]
[129.73]
[130.49]
[130.52]
[92.3]
[87.76]
[90.33]
[91.84]
[90.24]
[92.4]
[96.82]
[52.74]
[45.22]
[55.96]
[60.38]
[51.61]
[55.5]
[62.81]
[54.04]
[56.12]
[53.08]
[60.33]
[38.11]
[64.66]
[62.07]
[50.21]
[45.53]
[67.12]
[58.52]
[53.52]
[50.52]
[53.77]
[41.06]
[38.17]
[35.45]
[50.08]
[57.71]
[43.73]
[61.41]
[54.5]
[42.43]
[96.98]
[93.31]
[95.73]
[93.08]
[91.61]
[94.94]
[85.74]
[88.4]
[98.74]
[90.94]
[95.37]
[98.5]
[45.13]
[47.61]
[67.66]
[39.1]
[71.69]
[37.29]
[69.59]
[19.53]
[12.7]
[49.99]
[27.12]
[31.05]
[19.21]
[28.46]
[14.31]
[9.94]
[17.83]
[28.86]
[44.83]
[46.46]
[52.06]
[24.01]
[9.42]
[50.97]
[57.23]
[44.2]
[37.8]
[12.15]
[9.41]
[10.47]
[20.43]
[33.31]
[48.25]
[44.01]
[55.45]
[12.7]
[10.36]
[51.64]
[50.92]
[50.38]
[49.93]
[49.1]
[13.79]
[10.13]
[29.22]
[34.2]
[23.2]
[39.35]
[38.77]
[14.08]
[10.2]
[32.49]
[35.58]
[33.86]
[32.24]
[29.9]
[23.23]
[16.87]
[24.9]
[28.37]
[17.49]
[16.74]
[47.53]
[16.06]
[15.03]
[32.65]
[36.66]
[33.79]
[32.62]
[31.6]
[12.79]
[8.68]
[29.3]
[28.48]
[33.01]
[32.79]
[29.71]
[12.11]
[7.79]
[7.39]
[5.3]
[5.33]
[5.36]
[5.41]
[5.44]
[5.46]
[5.48]
[5.51]
[5.52]
[5.54]
[5.55]
[5.56]
[5.57]
[5.58]
[5.41]
[5.59]
[5.59]
[5.59]
[5.59]
[5.59]
[5.59]
[5.52]
[9.82]
[15.53]
[16.95]
[20.82]
[11.7]
[14.18]
[15.4]
[23.39]
[19.41]
[16.47]
[11.42]
[6.71]
[12.54]
[12.67]
[10.63]
[11.37]
[12.05]
[14.44]
[14.47]
[12.32]
[14.46]
[13.82]
[14.57]
[14.58]
[8.47]
[14.78]
[14.81]
[14.47]
[5.31]
[5.31]
[5.29]
[6.65]
[12.03]
[10.97]
[11.68]
[7.09]
[5.32]
[5.32]
[5.33]
[5.32]
[5.32]
[7.66]
[5.32]
[5.32]
[5.32]
[5.29]
[5.21]
[5.09]
[5.1]
[5.1]
[5.1]
[5.11]
[5.11]
[5.1]
[5.12]
[5.22]
[5.48]
[5.49]
[5.27]
[5.12]
[5.13]
[5.12]
[5.12]
[5.11]
[5.16]
[8.76]
[8.76]
[8.94]
[8.95]
[8.95]
[10.8]
[10.34]
[8.93]
[12.82]
[12.41]
[9.78]
[12.71]
[13.05]
[9.78]
[9.61]
[13.47]
[13.71]
[13.82]
[13.8]
[20.11]
[12.1]
[10.21]
[15.44]
[19.36]
[24.22]
[16.35]
[13.82]
[12.91]
[11.05]
[11.21]
[12.63]
[12.73]
[13.93]
[14.]
[12.75]
[12.72]
[14.06]
[13.64]
[13.18]
[14.13]
[14.47]
[12.97]
[12.08]
[13.53]
[13.92]
[14.]
[14.03]
[13.47]
[12.53]
[12.61]
[12.89]
[13.87]
[13.64]
[12.29]
[13.75]
[12.77]
[12.77]
[13.97]
[13.97]
[12.95]
[15.58]
[14.78]
[14.97]
[14.82]
[14.67]
[14.69]
[14.7]
[14.81]
[14.7]
[17.5]
[18.04]
[19.37]
[14.58]
[14.62]
[14.69]
[14.75]
[14.6]
[14.39]
[14.42]
[14.49]
[14.55]
[14.59]
[14.62]
[14.6]
[14.31]
[14.23]
[14.12]
[14.15]
[14.3]
[14.52]
[14.49]
[14.43]
[14.23]
[14.17]
[14.28]
[14.37]
[14.29]
[14.2]
[14.09]
[14.11]
[14.23]
[14.04]
[14.13]
[14.15]
[14.07]
[14.02]
[13.88]
[13.88]
[13.78]
[13.82]
[13.92]
[14.08]
[13.97]
[13.86]
[13.82]
[13.83]
[13.99]
[14.01]
[13.84]
[13.78]
[13.71]
[13.96]
[14.1]
[13.99]
[13.72]
[16.98]
[13.92]
[13.67]
[13.53]
[13.42]
[13.41]
[13.36]
[14.17]
[14.52]
[14.48]
[14.44]
[14.41]
[14.38]
[14.37]
[14.35]
[14.34]
[14.31]
[15.25]
[14.32]
[14.31]
[14.29]
[14.29]
[14.58]
[14.56]
[12.15]
[11.95]
[11.88]
[11.87]
[11.82]
[13.39]
[11.95]
[11.94]
[11.89]
[11.86]
[11.86]
[11.84]
[11.83]
[11.81]
[11.86]
[11.86]
[11.8]
[11.8]
[11.79]
[11.78]
[11.77]
[11.96]
[11.94]
[11.9]
[11.85]
[11.35]
[11.83]
[11.8]
[12.]
[12.06]
[12.03]
[9.66]
[9.6]
[9.59]
[9.63]
[9.74]
[9.73]
[9.68]
[9.68]
[9.7]
[9.68]
[9.68]
[9.67]
[9.67]
[9.73]
[9.77]
[9.75]
[9.77]
[9.77]
[9.77]
[9.74]
[9.74]
[9.73]
[9.72]
[9.75]
[9.75]
[9.79]
[9.77]
[9.77]
[9.78]
[9.77]
[9.09]
[9.09]
[8.91]
[8.69]
[8.69]
[8.66]
[8.69]
[8.7]
[8.7]
[8.66]
[8.67]
[8.77]
[8.78]
[8.78]
[8.77]
[8.78]
[8.77]
[8.74]
[8.74]
[8.77]
[8.77]
[8.77]
[8.76]
[8.77]
[8.76]
[8.77]
[8.77]
[8.76]
[8.76]
[8.77]
[8.71]
[8.26]
[8.23]
[8.06]
[8.02]
[8.01]
[8.04]
[8.06]
[8.04]
[8.05]
[8.06]
[8.05]
[8.05]
[8.07]
[8.07]
[8.06]
[8.04]
[8.08]
[8.07]
[8.07]
[8.03]
[8.1]
[8.09]
[8.1]
[8.11]
[8.1]
[8.11]
[8.12]
[8.11]
[8.11]
[8.13]
[6.13]
[6.11]
[5.91]
[5.29]
[5.35]
[5.29]
[5.31]
[5.3]
[5.3]
[5.3]
[5.31]
[5.3]
[5.27]
[5.29]
[5.29]
[5.29]
[5.3]
[5.3]
[5.34]
[5.31]
[5.31]
[5.32]
[5.32]
[5.31]
[5.33]
[5.32]
[5.32]
[5.31]
[5.33]
[5.32]
[5.34]
[5.34]
[5.89]
[5.74]
[5.51]
[5.5]
[7.49]
[7.16]
[5.55]
[5.56]
[5.48]
[5.43]
[5.41]
[5.42]
[5.48]
[5.44]
[5.44]
[5.44]
[7.99]
[5.37]
[5.4]
[5.41]
[5.38]
[5.38]
[5.39]
[5.38]
[5.38]
[5.43]
[5.4]
[5.41]
[5.42]
[5.41]
[5.41]
[5.41]
[5.41]
[5.42]
[5.44]
[5.44]
[5.45]
[5.47]
[5.47]
[5.4]
[5.42]
[5.44]
[5.46]
[5.47]
[5.46]
[5.46]
[5.47]
[5.47]
[5.42]
[5.48]
[5.49]
[5.48]
[5.46]
[5.46]
[5.5]
[5.51]
[5.48]
[5.46]
[9.04]
[9.13]
[9.13]
[9.16]
[9.17]
[9.17]
[9.19]
[9.21]
[9.24]
[9.24]
[9.22]
[9.2]
[9.27]
[9.28]
[9.28]
[9.29]
[9.32]
[9.33]
[9.33]
[9.34]
[9.36]
[9.37]
[9.38]
[9.41]
[9.41]
[9.41]
[9.41]
[9.42]
[9.83]
[9.49]
[9.52]
[12.18]
[12.29]
[12.29]
[12.33]
[12.37]
[12.42]
[12.45]
[12.39]
[15.27]
[16.55]
[14.11]
[12.06]
[12.15]
[12.22]
[12.2]
[14.89]
[12.24]
[12.29]
[12.3]
[12.82]
[12.19]
[12.16]
[12.29]
[12.32]
[12.3]
[12.41]
[12.47]
[12.46]
[12.66]
[12.65]
[14.68]
[15.59]
[15.66]
[15.62]
[15.61]
[15.62]
[15.55]
[15.55]
[15.53]
[15.48]
[15.58]
[15.63]
[15.67]
[15.73]
[15.76]
[15.69]
[15.74]
[15.74]
[15.7]
[15.75]
[15.81]
[15.74]
[15.69]
[15.67]
[15.67]
[15.69]
[15.71]
[15.78]
[15.82]
[15.85]
[15.84]
[15.82]
[15.81]
[15.68]
[15.65]
[15.45]
[15.76]
[15.72]
[15.72]
[15.72]
[15.86]
[15.62]
[15.55]
[15.84]
[15.47]
[15.85]
[15.91]
[15.89]
[15.6]
[15.96]
[15.99]
[15.84]
[15.77]
[15.99]
[15.57]
[15.56]
[15.78]
[15.69]
[15.67]
[15.63]
[15.75]
[15.5]
[15.92]
[15.96]
[15.99]
[16.2]
[15.99]
[15.99]
[15.96]
[15.93]
[15.94]
[15.96]
[15.89]
[15.75]
[15.57]
[14.85]
[16.98]
[17.18]
[17.15]
[16.64]
[16.94]
[16.89]
[16.85]
[16.85]
[16.82]
[22.09]
[48.14]
[54.09]
[52.25]
[50.82]
[26.21]
[24.32]
[46.38]
[54.6]
[55.32]
[58.59]
[42.22]
[59.61]
[52.27]
[91.07]
[134.99]
[99.13]
[93.08]
[89.49]
[90.15]
[90.7]
[92.91]
[90.54]
[92.41]
[91.17]
[89.85]
[54.37]
[55.31]
[91.98]
[89.63]
[92.51]
[92.65]
[53.92]
[58.15]
[118.86]
[121.02]
[128.01]
[129.11]
[130.04]
[130.07]
[129.96]
[130.52]
[93.73]
[94.19]
[93.43]
[94.32]
[94.03]
[49.04]
[42.92]
[63.69]
[56.03]
[54.7]
[38.34]
[11.79]
[11.72]
[12.96]
[33.11]
[57.23]
[47.44]
[52.93]
[38.46]
[13.38]
[10.84]
[32.12]
[12.86]
[13.04]
[11.96]
[9.06]
[9.09]
[9.87]
[13.99]
[13.87]
[12.77]
[11.54]
[13.62]
[10.08]
[9.89]
[11.66]
[11.41]
[10.97]
[12.27]
[12.58]
[13.52]
[14.11]
[18.19]
[19.12]
[13.6]
[13.55]
[13.48]
[13.43]
[13.64]
[13.07]
[13.76]
[13.75]
[12.85]
[13.71]
[11.22]
[9.92]
[11.7]
[12.05]
[15.5]
[15.5]
[20.41]
[11.86]
[11.21]
[12.16]
[10.03]
[8.58]
[11.93]
[24.96]
[9.81]
[9.12]
[11.89]
[11.97]
[19.72]
[18.14]
[16.04]
[11.71]
[13.74]
[39.18]
[46.43]
[42.22]
[40.7]
[29.17]
[11.6]
[7.7]
[7.77]
[5.18]
[5.21]
[5.24]
[5.27]
[5.28]
[5.29]
[5.31]
[5.33]
[5.34]
[5.35]
[5.36]
[5.37]
[5.38]
[5.39]