0.8777548479741623, 0.9012785304507646, -14.188724844602191, 212.8326091710632[15.831484]
[12.973727]
[11.367252]
[13.439658]
[12.569703]
[8.811098]
[7.91743]
[7.9592443]
[8.0139065]
[7.952103]
[7.9331865]
[7.8989525]
[7.856776]
[10.261142]
[10.981218]
[10.995098]
[10.988267]
[11.328645]
[12.704149]
[13.652473]
[13.431]
[12.0828085]
[11.751274]
[11.558577]
[11.512342]
[11.469242]
[11.462451]
[11.4359]
[11.355379]
[11.249338]
[11.223274]
[11.20704]
[11.262339]
[11.458428]
[11.368276]
[11.339613]
[11.411823]
[11.465036]
[15.088955]
[12.896946]
[11.678526]
[12.113303]
[12.556269]
[12.545873]
[14.066086]
[14.3977375]
[14.272908]
[14.210522]
[14.233834]
[14.327402]
[14.769027]
[14.791412]
[14.497825]
[14.324626]
[14.3509245]
[14.182613]
[14.189238]
[14.2412405]
[14.206481]
[14.129653]
[14.143567]
[14.172684]
[14.136783]
[14.095012]
[14.162585]
[14.058739]
[14.314076]
[14.833397]
[14.662077]
[14.520696]
[17.396452]
[12.305804]
[13.265547]
[14.2134]
[41.317337]
[17.609026]
[16.075336]
[16.190895]
[16.04788]
[16.097012]
[16.164347]
[16.212532]
[16.326296]
[16.234076]
[16.29568]
[16.170126]
[16.060087]
[16.127855]
[16.334253]
[16.348215]
[16.219526]
[16.377428]
[16.430948]
[16.65169]
[16.386253]
[16.267147]
[16.379221]
[16.172623]
[16.024982]
[15.908058]
[16.028595]
[16.533205]
[16.66539]
[16.682467]
[16.887436]
[17.347641]
[22.305794]
[24.511879]
[23.424057]
[37.6767]
[63.289845]
[39.01005]
[74.46658]
[80.973175]
[88.492096]
[100.662605]
[136.18298]
[101.848175]
[77.80613]
[64.214134]
[66.20192]
[64.311935]
[59.60197]
[55.808228]
[56.307655]
[53.074783]
[45.393074]
[52.073193]
[54.78152]
[53.180428]
[52.723423]
[56.340656]
[35.894596]
[32.611557]
[47.053825]
[53.24628]
[48.56204]
[53.076073]
[48.699955]
[24.915049]
[26.81868]
[50.09371]
[52.569817]
[77.276985]
[104.92839]
[144.26855]
[166.07855]
[173.09164]
[207.50786]
[180.507]
[152.65561]
[144.41016]
[133.52068]
[107.69774]
[91.403046]
[116.24676]
[120.601425]
[123.46857]
[123.986015]
[132.27441]
[109.26763]
[100.51359]
[97.27955]
[95.8887]
[93.27272]
[93.347855]
[97.6218]
[75.42663]
[69.30864]
[77.20108]
[77.38711]
[73.3355]
[72.54254]
[73.23522]
[65.638176]
[62.874767]
[58.892616]
[60.90829]
[47.680676]
[59.083496]
[59.560024]
[52.64716]
[49.751274]
[61.772606]
[56.61599]
[51.131004]
[47.695126]
[48.56551]
[43.19794]
[45.596943]
[49.03318]
[65.06368]
[71.03764]
[63.178543]
[69.30219]
[62.78688]
[59.350407]
[95.279564]
[97.45929]
[94.56036]
[90.633865]
[87.29108]
[88.31627]
[84.85477]
[88.45902]
[96.963326]
[94.284164]
[100.94658]
[102.70565]
[75.21662]
[72.712875]
[80.165855]
[62.65139]
[75.58119]
[56.4773]
[68.92167]
[41.84908]
[31.951595]
[52.68039]
[41.53011]
[41.029636]
[34.01441]
[36.78035]
[29.069546]
[22.924562]
[26.757296]
[34.19398]
[42.0817]
[42.50137]
[45.26205]
[32.880108]
[24.778137]
[48.05778]
[53.360897]
[45.1325]
[41.118996]
[30.19889]
[26.24531]
[26.420404]
[31.92249]
[39.035305]
[44.80815]
[41.930912]
[47.557945]
[25.90761]
[20.658457]
[45.820282]
[45.301304]
[43.34439]
[43.93719]
[42.436302]
[24.325237]
[21.656628]
[34.12883]
[37.85799]
[31.151152]
[37.279552]
[36.34004]
[24.290531]
[17.624607]
[30.683947]
[33.46709]
[32.558994]
[30.654833]
[29.417007]
[25.660774]
[21.284132]
[25.404346]
[28.500402]
[23.555698]
[22.86236]
[42.72207]
[27.850088]
[21.158493]
[31.330633]
[33.223095]
[31.660713]
[30.248844]
[29.58762]
[19.557953]
[13.445779]
[25.956898]
[26.839476]
[27.91673]
[28.954414]
[27.30396]
[18.063467]
[12.153155]
[11.314161]
[10.083765]
[9.627268]
[9.932228]
[9.99709]
[10.058522]
[9.864678]
[9.599622]
[9.661927]
[9.555473]
[9.601972]
[9.417317]
[9.362282]
[9.278509]
[9.288315]
[9.180526]
[9.152332]
[9.111429]
[9.029752]
[9.029752]
[9.029752]
[9.029752]
[8.880357]
[11.020554]
[17.109316]
[17.705482]
[19.65654]
[14.603392]
[14.498882]
[15.789994]
[21.181252]
[19.674755]
[17.351856]
[13.631875]
[9.9323225]
[12.50153]
[13.704333]
[12.269401]
[12.347962]
[12.969897]
[14.639007]
[15.149041]
[13.73984]
[14.620422]
[22.773932]
[17.485966]
[15.322684]
[11.499033]
[14.450663]
[15.810922]
[15.278599]
[9.508364]
[8.023034]
[8.092851]
[8.832062]
[12.305316]
[12.781422]
[12.803008]
[9.975565]
[8.155955]
[7.935636]
[7.977106]
[7.962835]
[7.9283686]
[9.269399]
[8.345423]
[7.8669877]
[7.9009438]
[7.9219546]
[7.828943]
[7.8503227]
[8.065111]
[8.519621]
[8.353327]
[8.181131]
[8.089067]
[7.9325128]
[7.9422436]
[7.995669]
[8.131156]
[8.124398]
[8.043027]
[8.02575]
[8.0766]
[7.884766]
[7.9560137]
[7.950651]
[7.972402]
[10.097182]
[10.71835]
[15.879574]
[12.3268385]
[10.893049]
[12.16146]
[12.14598]
[11.026779]
[14.277582]
[14.008084]
[11.9468975]
[13.474267]
[14.252974]
[12.165475]
[11.497642]
[14.146159]
[15.03842]
[15.101096]
[14.807364]
[19.662498]
[14.914606]
[12.186367]
[15.341157]
[19.403202]
[22.026922]
[16.69924]
[14.968866]
[13.904058]
[12.524355]
[12.3494215]
[13.333507]
[13.601323]
[14.389922]
[14.696073]
[13.805236]
[13.583025]
[14.571036]
[14.469294]
[13.959892]
[14.747296]
[15.213532]
[14.001228]
[13.111198]
[14.086612]
[14.677297]
[14.637874]
[14.598701]
[14.156886]
[13.316299]
[13.126739]
[13.943759]
[14.557959]
[14.980317]
[13.624589]
[14.872614]
[14.209774]
[14.311822]
[14.725651]
[14.732734]
[13.878246]
[15.603778]
[15.422949]
[15.336048]
[15.259096]
[15.17994]
[15.106145]
[14.799746]
[15.04464]
[14.82706]
[16.34491]
[18.786789]
[17.506746]
[14.400895]
[14.905945]
[15.533701]
[16.079897]
[15.868757]
[15.71204]
[15.679137]
[15.585577]
[15.5189295]
[15.674599]
[15.433214]
[15.4287]
[15.217518]
[14.9782715]
[14.750877]
[14.871117]
[14.7123375]
[14.806067]
[14.601795]
[14.555389]
[14.472027]
[14.502431]
[14.308024]
[14.398884]
[14.28925]
[13.984301]
[13.906721]
[13.875271]
[13.940373]
[13.78306]
[13.681922]
[13.690419]
[13.756568]
[13.527865]
[13.06801]
[13.185974]
[12.824992]
[12.499747]
[12.6920595]
[12.561877]
[12.281641]
[12.248189]
[12.229657]
[12.171149]
[12.226866]
[12.552754]
[12.667961]
[12.815891]
[12.828168]
[12.955873]
[13.698389]
[14.736245]
[14.754917]
[25.233747]
[14.1159115]
[11.98254]
[16.96247]
[14.237728]
[15.196074]
[16.24158]
[17.092632]
[17.362652]
[17.413887]
[17.227173]
[17.092485]
[16.607182]
[16.46293]
[16.500265]
[16.344944]
[15.966108]
[16.521809]
[15.977986]
[15.652981]
[15.636543]
[15.464942]
[15.045907]
[15.925963]
[14.655113]
[13.961223]
[14.23582]
[14.315836]
[14.192556]
[15.444197]
[14.622219]
[14.301376]
[14.144171]
[13.957463]
[13.832341]
[13.82311]
[13.728724]
[13.890241]
[13.879731]
[13.835178]
[13.72863]
[13.713156]
[13.648499]
[13.59041]
[13.430347]
[13.777883]
[14.5934105]
[15.206702]
[15.001067]
[15.400869]
[14.627096]
[14.475318]
[14.692016]
[14.504218]
[14.328023]
[13.000709]
[13.084318]
[13.238231]
[12.815565]
[12.858778]
[12.783921]
[12.73469]
[12.683585]
[12.649477]
[12.596493]
[12.458578]
[12.541576]
[12.446252]
[12.444357]
[12.462612]
[12.385713]
[12.440685]
[12.409546]
[12.384451]
[12.323638]
[12.283648]
[12.240251]
[12.196735]
[12.140219]
[12.146384]
[12.206622]
[12.170074]
[12.055192]
[12.128352]
[12.094401]
[11.673219]
[11.668998]
[11.550188]
[11.346621]
[11.140862]
[11.170501]
[11.364854]
[11.377167]
[11.313707]
[11.079704]
[10.961899]
[10.996719]
[11.92747]
[12.742092]
[12.312249]
[12.05758]
[11.796118]
[11.620511]
[11.530281]
[11.411259]
[11.429094]
[11.43504]
[11.280827]
[11.33455]
[11.234908]
[11.021301]
[11.2116785]
[11.592275]
[11.520781]
[11.536686]
[11.7071295]
[11.226052]
[10.920968]
[10.706075]
[10.665715]
[10.579359]
[10.556907]
[10.672817]
[10.660044]
[10.524923]
[10.51736]
[10.556568]
[10.484703]
[10.494084]
[10.525953]
[10.464372]
[10.444596]
[10.499937]
[10.461485]
[10.437235]
[10.312675]
[10.453485]
[10.466834]
[10.304023]
[10.3473015]
[10.421208]
[10.399239]
[10.374376]
[10.362617]
[10.426829]
[10.577603]
[9.348795]
[9.016536]
[8.917084]
[8.387015]
[8.281992]
[8.21717]
[8.230763]
[8.264343]
[8.155093]
[8.231441]
[8.274725]
[8.207198]
[8.192979]
[8.199747]
[8.167388]
[8.1228]
[8.125163]
[8.038]
[8.089752]
[8.078394]
[8.084899]
[8.088774]
[8.035611]
[8.020354]
[8.022587]
[8.010183]
[7.9974203]
[7.983475]
[7.982142]
[7.9186535]
[7.9390426]
[7.867852]
[8.205554]
[8.155076]
[11.243691]
[8.756891]
[9.306573]
[9.692303]
[8.214502]
[7.884774]
[7.854831]
[7.798474]
[8.021859]
[7.8091264]
[7.96112]
[7.7915688]
[7.9286246]
[7.7645836]
[9.6198845]
[8.372054]
[7.888284]
[7.8669124]
[7.8460684]
[7.825448]
[7.804845]
[7.5868936]
[7.7265058]
[7.6622753]
[9.452081]
[8.083178]
[7.512601]
[7.673049]
[7.5399346]
[7.4771442]
[7.6240015]
[7.508694]
[7.5627418]
[7.5911503]
[7.454663]
[7.514794]
[7.473632]
[7.3853855]
[7.4084463]
[7.4767113]
[7.4190273]
[7.4193726]
[7.395049]
[7.34987]
[7.379959]
[7.391597]
[7.3198977]
[7.3135195]
[7.354685]
[7.324521]
[7.281441]
[7.307537]
[7.2963257]
[7.279915]
[7.2787604]
[7.2102137]
[9.978556]
[10.258403]
[10.532099]
[10.19792]
[10.466922]
[10.5797]
[10.49955]
[10.449245]
[11.006493]
[10.514609]
[10.952819]
[10.508648]
[10.959437]
[10.513791]
[10.969408]
[11.134784]
[10.54443]
[10.438131]
[10.535443]
[10.627363]
[10.63419]
[10.548952]
[10.51741]
[10.820446]
[10.598361]
[11.05135]
[10.843996]
[10.557632]
[11.221073]
[11.3692465]
[11.311853]
[12.865477]
[12.758956]
[12.680487]
[13.000832]
[12.510382]
[12.83979]
[13.151346]
[13.052899]
[15.237382]
[15.846665]
[13.984472]
[11.819847]
[12.210496]
[11.987711]
[12.138874]
[14.292174]
[11.375128]
[11.447843]
[11.36287]
[11.639954]
[10.918201]
[10.954148]
[11.188249]
[11.602371]
[11.855135]
[12.030203]
[11.566807]
[11.228055]
[11.398136]
[11.338306]
[12.364334]
[12.369049]
[11.982463]
[11.692987]
[11.1110525]
[11.010098]
[10.530538]
[10.666683]
[11.140504]
[11.988798]
[18.501883]
[24.311289]
[19.218431]
[16.081907]
[12.349125]
[15.118217]
[15.58605]
[15.380076]
[15.095591]
[14.936979]
[14.727608]
[14.49398]
[14.212868]
[13.846939]
[14.526632]
[15.134733]
[16.216103]
[15.954376]
[16.036058]
[16.320642]
[16.893118]
[17.812408]
[17.943933]
[18.009836]
[15.252307]
[18.017523]
[17.95028]
[17.943552]
[18.081581]
[19.18942]
[19.141365]
[17.646143]
[18.226358]
[18.17508]
[17.486408]
[18.536722]
[19.048153]
[18.644604]
[18.65111]
[18.770185]
[18.791769]
[18.598106]
[18.458729]
[18.475382]
[19.117743]
[19.434954]
[18.877178]
[18.888489]
[18.726944]
[18.255346]
[18.05587]
[18.015356]
[18.293253]
[18.414417]
[18.918112]
[19.030634]
[18.726597]
[18.41386]
[18.233969]
[18.328796]
[18.135767]
[18.593023]
[18.76039]
[24.446884]
[30.989357]
[22.04006]
[30.894539]
[31.789946]
[26.30856]
[26.297768]
[23.776548]
[10.11992]
[17.70327]
[20.775337]
[20.38654]
[23.746666]
[40.246914]
[46.15709]
[50.649254]
[55.478447]
[47.858215]
[44.26327]
[60.84189]
[68.88804]
[69.08624]
[68.23142]
[58.414715]
[74.53692]
[90.835724]
[97.29545]
[127.3541]
[113.4053]
[116.1159]
[104.08831]
[102.35258]
[101.086815]
[102.07581]
[97.97592]
[95.21768]
[92.169914]
[91.17895]
[74.434944]
[74.84203]
[91.139885]
[90.71914]
[91.931145]
[94.03101]
[86.58734]
[90.143936]
[114.8794]
[124.27224]
[137.14886]
[134.05548]
[133.2031]
[133.06482]
[134.70119]
[132.05588]
[104.77524]
[103.13141]
[99.886505]
[98.37065]
[96.54607]
[66.53398]
[56.523655]
[65.86701]
[61.40157]
[57.652187]
[46.08001]
[30.481806]
[25.541178]
[26.101465]
[38.692192]
[51.69017]
[46.25266]
[47.6589]
[39.783405]
[26.295212]
[20.30575]
[33.93204]
[25.46989]
[21.24819]
[20.714756]
[18.326387]
[17.670279]
[17.686165]
[20.038572]
[20.360443]
[19.364885]
[18.25371]
[18.984886]
[17.375431]
[16.56215]
[17.833994]
[17.847095]
[17.262537]
[17.7222]
[17.862688]
[18.191103]
[18.605844]
[20.749775]
[21.926952]
[18.364573]
[17.421265]
[17.978325]
[18.295002]
[18.439169]
[17.892723]
[17.860685]
[17.884575]
[17.155167]
[17.566284]
[16.03685]
[14.801686]
[15.775544]
[16.847172]
[19.115545]
[19.912321]
[22.918568]
[19.060986]
[17.856977]
[18.275932]
[17.114506]
[15.242065]
[16.54097]
[24.593115]
[17.347147]
[14.008055]
[15.298998]
[15.758643]
[19.88859]
[20.338064]
[18.396645]
[15.529391]
[15.676722]
[30.88336]
[34.523685]
[32.98126]
[32.383472]
[25.581928]
[17.748964]
[13.721131]
[14.557388]
[12.009842]
[11.331924]
[10.8546295]
[10.573491]
[9.974057]
[10.100177]
[9.908486]
[10.318069]
[9.866467]
[10.04997]
[9.766859]
[9.753316]
[9.7354][10.25]
[9.45]
[13.02]
[10.69]
[5.31]
[5.25]
[5.26]
[5.31]
[5.31]
[5.3]
[5.29]
[5.3]
[9.25]
[9.31]
[9.28]
[9.29]
[9.27]
[9.26]
[9.25]
[9.26]
[9.26]
[9.27]
[9.25]
[9.25]
[9.32]
[9.28]
[9.26]
[9.22]
[9.21]
[9.23]
[9.23]
[9.06]
[9.24]
[9.25]
[9.24]
[9.29]
[9.55]
[9.28]
[9.27]
[9.27]
[9.25]
[9.24]
[9.28]
[12.21]
[12.29]
[12.32]
[12.27]
[12.3]
[12.29]
[12.25]
[12.25]
[12.25]
[12.29]
[12.3]
[12.3]
[12.31]
[12.36]
[12.34]
[12.35]
[12.36]
[12.37]
[12.39]
[12.39]
[12.4]
[12.36]
[12.39]
[12.4]
[12.41]
[12.52]
[12.25]
[12.25]
[12.03]
[12.31]
[26.75]
[15.2]
[15.05]
[15.12]
[15.03]
[15.09]
[15.17]
[15.22]
[15.41]
[15.4]
[15.43]
[15.24]
[15.14]
[15.08]
[15.29]
[15.3]
[15.23]
[15.22]
[15.17]
[15.21]
[15.24]
[15.21]
[15.26]
[15.09]
[15.03]
[14.94]
[15.09]
[15.28]
[15.3]
[15.52]
[15.38]
[15.46]
[15.26]
[15.55]
[15.54]
[15.27]
[22.36]
[17.87]
[15.85]
[42.75]
[82.22]
[94.05]
[93.25]
[90.97]
[55.68]
[49.63]
[58.09]
[56.67]
[54.59]
[53.59]
[58.05]
[53.08]
[41.74]
[57.88]
[58.89]
[56.17]
[56.45]
[59.98]
[24.57]
[23.68]
[48.95]
[58.59]
[52.66]
[61.65]
[55.39]
[15.63]
[15.57]
[49.45]
[48.02]
[57.5]
[95.04]
[91.35]
[127.12]
[159.08]
[215.85]
[192.9]
[144.63]
[136.75]
[131.02]
[99.64]
[86.83]
[129.19]
[131.03]
[129.73]
[130.49]
[130.52]
[92.3]
[87.76]
[90.33]
[91.84]
[90.24]
[92.4]
[96.82]
[52.74]
[45.22]
[55.96]
[60.38]
[51.61]
[55.5]
[62.81]
[54.04]
[56.12]
[53.08]
[60.33]
[38.11]
[64.66]
[62.07]
[50.21]
[45.53]
[67.12]
[58.52]
[53.52]
[50.52]
[53.77]
[41.06]
[38.17]
[35.45]
[50.08]
[57.71]
[43.73]
[61.41]
[54.5]
[42.43]
[96.98]
[93.31]
[95.73]
[93.08]
[91.61]
[94.94]
[85.74]
[88.4]
[98.74]
[90.94]
[95.37]
[98.5]
[45.13]
[47.61]
[67.66]
[39.1]
[71.69]
[37.29]
[69.59]
[19.53]
[12.7]
[49.99]
[27.12]
[31.05]
[19.21]
[28.46]
[14.31]
[9.94]
[17.83]
[28.86]
[44.83]
[46.46]
[52.06]
[24.01]
[9.42]
[50.97]
[57.23]
[44.2]
[37.8]
[12.15]
[9.41]
[10.47]
[20.43]
[33.31]
[48.25]
[44.01]
[55.45]
[12.7]
[10.36]
[51.64]
[50.92]
[50.38]
[49.93]
[49.1]
[13.79]
[10.13]
[29.22]
[34.2]
[23.2]
[39.35]
[38.77]
[14.08]
[10.2]
[32.49]
[35.58]
[33.86]
[32.24]
[29.9]
[23.23]
[16.87]
[24.9]
[28.37]
[17.49]
[16.74]
[47.53]
[16.06]
[15.03]
[32.65]
[36.66]
[33.79]
[32.62]
[31.6]
[12.79]
[8.68]
[29.3]
[28.48]
[33.01]
[32.79]
[29.71]
[12.11]
[7.79]
[7.39]
[5.3]
[5.33]
[5.36]
[5.41]
[5.44]
[5.46]
[5.48]
[5.51]
[5.52]
[5.54]
[5.55]
[5.56]
[5.57]
[5.58]
[5.41]
[5.59]
[5.59]
[5.59]
[5.59]
[5.59]
[5.59]
[5.52]
[9.82]
[15.53]
[16.95]
[20.82]
[11.7]
[14.18]
[15.4]
[23.39]
[19.41]
[16.47]
[11.42]
[6.71]
[12.54]
[12.67]
[10.63]
[11.37]
[12.05]
[14.44]
[14.47]
[12.32]
[14.46]
[13.82]
[14.57]
[14.58]
[8.47]
[14.78]
[14.81]
[14.47]
[5.31]
[5.31]
[5.29]
[6.65]
[12.03]
[10.97]
[11.68]
[7.09]
[5.32]
[5.32]
[5.33]
[5.32]
[5.32]
[7.66]
[5.32]
[5.32]
[5.32]
[5.29]
[5.21]
[5.09]
[5.1]
[5.1]
[5.1]
[5.11]
[5.11]
[5.1]
[5.12]
[5.22]
[5.48]
[5.49]
[5.27]
[5.12]
[5.13]
[5.12]
[5.12]
[5.11]
[5.16]
[8.76]
[8.76]
[8.94]
[8.95]
[8.95]
[10.8]
[10.34]
[8.93]
[12.82]
[12.41]
[9.78]
[12.71]
[13.05]
[9.78]
[9.61]
[13.47]
[13.71]
[13.82]
[13.8]
[20.11]
[12.1]
[10.21]
[15.44]
[19.36]
[24.22]
[16.35]
[13.82]
[12.91]
[11.05]
[11.21]
[12.63]
[12.73]
[13.93]
[14.]
[12.75]
[12.72]
[14.06]
[13.64]
[13.18]
[14.13]
[14.47]
[12.97]
[12.08]
[13.53]
[13.92]
[14.]
[14.03]
[13.47]
[12.53]
[12.61]
[12.89]
[13.87]
[13.64]
[12.29]
[13.75]
[12.77]
[12.77]
[13.97]
[13.97]
[12.95]
[15.58]
[14.78]
[14.97]
[14.82]
[14.67]
[14.69]
[14.7]
[14.81]
[14.7]
[17.5]
[18.04]
[19.37]
[14.58]
[14.62]
[14.69]
[14.75]
[14.6]
[14.39]
[14.42]
[14.49]
[14.55]
[14.59]
[14.62]
[14.6]
[14.31]
[14.23]
[14.12]
[14.15]
[14.3]
[14.52]
[14.49]
[14.43]
[14.23]
[14.17]
[14.28]
[14.37]
[14.29]
[14.2]
[14.09]
[14.11]
[14.23]
[14.04]
[14.13]
[14.15]
[14.07]
[14.02]
[13.88]
[13.88]
[13.78]
[13.82]
[13.92]
[14.08]
[13.97]
[13.86]
[13.82]
[13.83]
[13.99]
[14.01]
[13.84]
[13.78]
[13.71]
[13.96]
[14.1]
[13.99]
[13.72]
[16.98]
[13.92]
[13.67]
[13.53]
[13.42]
[13.41]
[13.36]
[14.17]
[14.52]
[14.48]
[14.44]
[14.41]
[14.38]
[14.37]
[14.35]
[14.34]
[14.31]
[15.25]
[14.32]
[14.31]
[14.29]
[14.29]
[14.58]
[14.56]
[12.15]
[11.95]
[11.88]
[11.87]
[11.82]
[13.39]
[11.95]
[11.94]
[11.89]
[11.86]
[11.86]
[11.84]
[11.83]
[11.81]
[11.86]
[11.86]
[11.8]
[11.8]
[11.79]
[11.78]
[11.77]
[11.96]
[11.94]
[11.9]
[11.85]
[11.35]
[11.83]
[11.8]
[12.]
[12.06]
[12.03]
[9.66]
[9.6]
[9.59]
[9.63]
[9.74]
[9.73]
[9.68]
[9.68]
[9.7]
[9.68]
[9.68]
[9.67]
[9.67]
[9.73]
[9.77]
[9.75]
[9.77]
[9.77]
[9.77]
[9.74]
[9.74]
[9.73]
[9.72]
[9.75]
[9.75]
[9.79]
[9.77]
[9.77]
[9.78]
[9.77]
[9.09]
[9.09]
[8.91]
[8.69]
[8.69]
[8.66]
[8.69]
[8.7]
[8.7]
[8.66]
[8.67]
[8.77]
[8.78]
[8.78]
[8.77]
[8.78]
[8.77]
[8.74]
[8.74]
[8.77]
[8.77]
[8.77]
[8.76]
[8.77]
[8.76]
[8.77]
[8.77]
[8.76]
[8.76]
[8.77]
[8.71]
[8.26]
[8.23]
[8.06]
[8.02]
[8.01]
[8.04]
[8.06]
[8.04]
[8.05]
[8.06]
[8.05]
[8.05]
[8.07]
[8.07]
[8.06]
[8.04]
[8.08]
[8.07]
[8.07]
[8.03]
[8.1]
[8.09]
[8.1]
[8.11]
[8.1]
[8.11]
[8.12]
[8.11]
[8.11]
[8.13]
[6.13]
[6.11]
[5.91]
[5.29]
[5.35]
[5.29]
[5.31]
[5.3]
[5.3]
[5.3]
[5.31]
[5.3]
[5.27]
[5.29]
[5.29]
[5.29]
[5.3]
[5.3]
[5.34]
[5.31]
[5.31]
[5.32]
[5.32]
[5.31]
[5.33]
[5.32]
[5.32]
[5.31]
[5.33]
[5.32]
[5.34]
[5.34]
[5.89]
[5.74]
[5.51]
[5.5]
[7.49]
[7.16]
[5.55]
[5.56]
[5.48]
[5.43]
[5.41]
[5.42]
[5.48]
[5.44]
[5.44]
[5.44]
[7.99]
[5.37]
[5.4]
[5.41]
[5.38]
[5.38]
[5.39]
[5.38]
[5.38]
[5.43]
[5.4]
[5.41]
[5.42]
[5.41]
[5.41]
[5.41]
[5.41]
[5.42]
[5.44]
[5.44]
[5.45]
[5.47]
[5.47]
[5.4]
[5.42]
[5.44]
[5.46]
[5.47]
[5.46]
[5.46]
[5.47]
[5.47]
[5.42]
[5.48]
[5.49]
[5.48]
[5.46]
[5.46]
[5.5]
[5.51]
[5.48]
[5.46]
[9.04]
[9.13]
[9.13]
[9.16]
[9.17]
[9.17]
[9.19]
[9.21]
[9.24]
[9.24]
[9.22]
[9.2]
[9.27]
[9.28]
[9.28]
[9.29]
[9.32]
[9.33]
[9.33]
[9.34]
[9.36]
[9.37]
[9.38]
[9.41]
[9.41]
[9.41]
[9.41]
[9.42]
[9.83]
[9.49]
[9.52]
[12.18]
[12.29]
[12.29]
[12.33]
[12.37]
[12.42]
[12.45]
[12.39]
[15.27]
[16.55]
[14.11]
[12.06]
[12.15]
[12.22]
[12.2]
[14.89]
[12.24]
[12.29]
[12.3]
[12.82]
[12.19]
[12.16]
[12.29]
[12.32]
[12.3]
[12.41]
[12.47]
[12.46]
[12.66]
[12.65]
[14.68]
[15.59]
[15.66]
[15.62]
[15.61]
[15.62]
[15.55]
[15.55]
[15.53]
[15.48]
[15.58]
[15.63]
[15.67]
[15.73]
[15.76]
[15.69]
[15.74]
[15.74]
[15.7]
[15.75]
[15.81]
[15.74]
[15.69]
[15.67]
[15.67]
[15.69]
[15.71]
[15.78]
[15.82]
[15.85]
[15.84]
[15.82]
[15.81]
[15.68]
[15.65]
[15.45]
[15.76]
[15.72]
[15.72]
[15.72]
[15.86]
[15.62]
[15.55]
[15.84]
[15.47]
[15.85]
[15.91]
[15.89]
[15.6]
[15.96]
[15.99]
[15.84]
[15.77]
[15.99]
[15.57]
[15.56]
[15.78]
[15.69]
[15.67]
[15.63]
[15.75]
[15.5]
[15.92]
[15.96]
[15.99]
[16.2]
[15.99]
[15.99]
[15.96]
[15.93]
[15.94]
[15.96]
[15.89]
[15.75]
[15.57]
[14.85]
[16.98]
[17.18]
[17.15]
[16.64]
[16.94]
[16.89]
[16.85]
[16.85]
[16.82]
[22.09]
[48.14]
[54.09]
[52.25]
[50.82]
[26.21]
[24.32]
[46.38]
[54.6]
[55.32]
[58.59]
[42.22]
[59.61]
[52.27]
[91.07]
[134.99]
[99.13]
[93.08]
[89.49]
[90.15]
[90.7]
[92.91]
[90.54]
[92.41]
[91.17]
[89.85]
[54.37]
[55.31]
[91.98]
[89.63]
[92.51]
[92.65]
[53.92]
[58.15]
[118.86]
[121.02]
[128.01]
[129.11]
[130.04]
[130.07]
[129.96]
[130.52]
[93.73]
[94.19]
[93.43]
[94.32]
[94.03]
[49.04]
[42.92]
[63.69]
[56.03]
[54.7]
[38.34]
[11.79]
[11.72]
[12.96]
[33.11]
[57.23]
[47.44]
[52.93]
[38.46]
[13.38]
[10.84]
[32.12]
[12.86]
[13.04]
[11.96]
[9.06]
[9.09]
[9.87]
[13.99]
[13.87]
[12.77]
[11.54]
[13.62]
[10.08]
[9.89]
[11.66]
[11.41]
[10.97]
[12.27]
[12.58]
[13.52]
[14.11]
[18.19]
[19.12]
[13.6]
[13.55]
[13.48]
[13.43]
[13.64]
[13.07]
[13.76]
[13.75]
[12.85]
[13.71]
[11.22]
[9.92]
[11.7]
[12.05]
[15.5]
[15.5]
[20.41]
[11.86]
[11.21]
[12.16]
[10.03]
[8.58]
[11.93]
[24.96]
[9.81]
[9.12]
[11.89]
[11.97]
[19.72]
[18.14]
[16.04]
[11.71]
[13.74]
[39.18]
[46.43]
[42.22]
[40.7]
[29.17]
[11.6]
[7.7]
[7.77]
[5.18]
[5.21]
[5.24]
[5.27]
[5.28]
[5.29]
[5.31]
[5.33]
[5.34]
[5.35]
[5.36]
[5.37]
[5.38]
[5.39]