0.900682916322098, 0.9024834176476171, -1.081766647135827, 191.83786215179714[12.759501]
[10.207748]
[9.154738]
[10.848592]
[10.037356]
[6.703558]
[6.208912]
[6.237249]
[6.24148]
[6.240755]
[6.2178407]
[6.19787]
[6.212046]
[8.480424]
[8.921769]
[8.898979]
[8.974018]
[9.390103]
[9.541443]
[10.963171]
[10.160313]
[9.582629]
[9.400807]
[9.319991]
[9.260539]
[9.281801]
[9.270929]
[9.23482]
[9.143505]
[9.093999]
[9.066876]
[9.129359]
[9.156227]
[9.226155]
[9.185724]
[9.215217]
[9.204934]
[9.324168]
[13.104122]
[10.069969]
[9.509968]
[9.862794]
[10.068569]
[9.935416]
[11.6733675]
[11.872015]
[11.806245]
[11.812438]
[11.82047]
[12.147065]
[12.32461]
[12.176381]
[11.912878]
[11.912583]
[11.812125]
[11.756731]
[11.764488]
[11.799507]
[11.727333]
[11.706954]
[11.722717]
[11.731259]
[11.681658]
[11.729614]
[11.760679]
[11.763438]
[12.128938]
[12.325354]
[12.050089]
[12.164943]
[14.8055525]
[9.455998]
[11.189245]
[11.763525]
[33.91358]
[16.888386]
[13.605106]
[13.464963]
[13.445315]
[13.605255]
[13.846732]
[13.690799]
[13.634032]
[13.857658]
[13.790243]
[13.757438]
[13.887497]
[14.006402]
[14.260845]
[14.124308]
[14.146578]
[14.076793]
[14.541681]
[14.564979]
[14.258014]
[14.365425]
[14.447685]
[14.264179]
[14.233917]
[13.860666]
[14.159269]
[14.713116]
[14.503961]
[14.719565]
[14.792074]
[14.459699]
[15.9149475]
[21.111206]
[18.356373]
[31.597038]
[50.041046]
[36.821545]
[65.81735]
[72.060326]
[82.32432]
[91.41973]
[125.87157]
[94.32811]
[70.01412]
[58.7069]
[60.000763]
[58.45887]
[54.58859]
[50.927242]
[51.507465]
[48.24021]
[40.50924]
[47.598545]
[50.12558]
[48.520874]
[48.309376]
[51.523834]
[31.688961]
[28.378313]
[41.822548]
[47.942425]
[44.27119]
[46.99785]
[42.772408]
[23.66357]
[23.140657]
[45.092926]
[47.80659]
[71.273834]
[100.11758]
[135.11368]
[152.95053]
[164.69702]
[198.82031]
[168.284]
[139.78139]
[138.94133]
[125.0723]
[103.82957]
[86.43573]
[107.36953]
[110.85426]
[112.47213]
[116.34285]
[124.61011]
[104.14315]
[95.96558]
[91.45003]
[92.33473]
[88.29762]
[87.86038]
[90.89325]
[67.66761]
[63.086895]
[71.94054]
[71.96211]
[68.35833]
[67.59222]
[68.841156]
[60.021183]
[57.178917]
[53.278263]
[55.380924]
[42.17507]
[53.527607]
[54.09692]
[47.24901]
[44.429516]
[56.289288]
[51.480167]
[45.926144]
[42.718895]
[43.80159]
[38.999744]
[40.01432]
[42.662838]
[58.087566]
[65.279724]
[56.80154]
[63.509533]
[57.691563]
[52.20661]
[92.63178]
[93.61219]
[90.09142]
[83.36198]
[78.80284]
[79.157616]
[76.79357]
[80.9726]
[90.92545]
[86.98532]
[93.536026]
[98.21618]
[70.17936]
[66.82547]
[74.64807]
[57.834312]
[70.21698]
[50.734226]
[63.631603]
[36.751034]
[27.465303]
[46.3364]
[35.96537]
[34.52366]
[27.974438]
[30.76914]
[23.699083]
[18.954573]
[22.815228]
[28.13986]
[35.26842]
[36.18361]
[39.402573]
[28.470594]
[20.577204]
[40.80162]
[46.962944]
[39.42582]
[35.96156]
[24.57671]
[22.067453]
[22.519106]
[27.16049]
[31.637293]
[37.632793]
[35.55249]
[39.771572]
[21.139551]
[17.446985]
[37.687675]
[37.87149]
[36.980064]
[37.05194]
[35.44743]
[21.13075]
[18.623875]
[29.747572]
[32.005806]
[25.475832]
[31.117317]
[30.799696]
[18.791407]
[14.331478]
[25.373241]
[27.934109]
[26.720388]
[25.272732]
[23.982801]
[20.64871]
[17.0727]
[20.89312]
[23.40715]
[19.05904]
[19.72885]
[36.671947]
[22.419147]
[17.741343]
[25.99128]
[27.826584]
[26.264624]
[25.085358]
[23.61834]
[14.974676]
[10.763734]
[21.40116]
[20.724394]
[22.693033]
[23.532888]
[22.042883]
[13.841965]
[9.459054]
[8.793259]
[7.396439]
[7.1135693]
[7.3312263]
[7.5014033]
[7.367065]
[7.232786]
[7.1052704]
[7.148564]
[7.124014]
[7.0948753]
[6.9804335]
[6.9232125]
[6.908666]
[6.9165535]
[6.7983813]
[6.7932734]
[6.7499046]
[6.7300487]
[6.7300487]
[6.7300487]
[6.7300487]
[6.5824447]
[8.8804]
[13.181418]
[13.100013]
[14.650989]
[11.375959]
[11.982101]
[12.296758]
[15.61763]
[14.603557]
[13.353341]
[10.82436]
[7.5379705]
[10.52528]
[10.681054]
[9.820107]
[9.98732]
[10.448317]
[11.801648]
[11.823389]
[10.658492]
[11.536466]
[17.325195]
[13.117567]
[12.084768]
[8.911733]
[11.884816]
[11.98585]
[12.040608]
[7.076988]
[6.266922]
[6.27813]
[6.9918504]
[10.054591]
[10.096374]
[10.147701]
[7.771162]
[6.3807383]
[6.2573757]
[6.275004]
[6.2580357]
[6.2376976]
[7.5691757]
[6.45451]
[6.243027]
[6.275965]
[6.2516985]
[6.218812]
[6.198297]
[6.068793]
[6.491865]
[6.4024315]
[6.342115]
[6.269284]
[6.2384686]
[6.250026]
[6.2940626]
[6.418106]
[6.4439855]
[6.358636]
[6.3441014]
[6.2736673]
[6.263208]
[6.279862]
[6.2780385]
[6.2936387]
[8.315377]
[8.680964]
[12.965532]
[9.646801]
[8.820981]
[9.997586]
[9.737364]
[8.955876]
[11.487352]
[10.953946]
[9.668428]
[11.12404]
[11.406836]
[9.81689]
[9.468413]
[12.025946]
[12.558115]
[12.217082]
[12.01146]
[15.838355]
[11.790581]
[10.012853]
[13.415965]
[15.742461]
[18.73078]
[14.237093]
[12.066115]
[11.456826]
[10.498864]
[10.499885]
[11.110032]
[11.393474]
[12.160004]
[12.238879]
[11.826465]
[11.974646]
[12.425659]
[12.395226]
[12.560041]
[13.228368]
[13.02564]
[12.403665]
[11.8514805]
[12.900344]
[12.776272]
[12.657662]
[12.642131]
[12.352006]
[12.077575]
[12.04384]
[11.979275]
[13.742438]
[13.942423]
[12.002535]
[12.604271]
[13.235497]
[13.243307]
[13.749307]
[13.71582]
[12.861446]
[14.550481]
[13.938843]
[14.018161]
[13.9929495]
[13.843191]
[13.667269]
[13.622338]
[13.817361]
[13.6898985]
[15.261832]
[17.7958]
[17.117674]
[13.950705]
[13.810574]
[14.251876]
[14.082712]
[14.571222]
[14.538381]
[14.249055]
[14.179823]
[14.14722]
[14.15667]
[13.922607]
[13.940805]
[13.745833]
[13.511284]
[13.472513]
[13.458358]
[13.469472]
[13.549579]
[13.483763]
[13.4663515]
[13.468726]
[13.37777]
[13.353893]
[13.473818]
[13.348948]
[13.194042]
[13.139563]
[13.156608]
[13.270618]
[13.185543]
[13.234672]
[13.387762]
[13.531033]
[13.4015255]
[13.210605]
[13.317592]
[13.125898]
[13.0529585]
[13.256693]
[13.322132]
[13.225446]
[13.171592]
[13.152833]
[13.131093]
[13.244802]
[13.386908]
[13.33651]
[13.316825]
[13.2183895]
[13.276582]
[13.7424135]
[13.553242]
[10.994889]
[6.7709785]
[9.133394]
[18.178064]
[12.598744]
[10.43915]
[13.717222]
[13.294865]
[13.963106]
[14.12595]
[13.707777]
[13.517399]
[13.5489435]
[13.997434]
[13.939159]
[13.6602335]
[13.7877865]
[14.101308]
[14.7614975]
[14.045564]
[13.996525]
[13.939348]
[14.102673]
[13.522924]
[13.685215]
[11.842952]
[11.698662]
[11.111901]
[10.65059]
[11.283827]
[12.598787]
[11.880084]
[11.962925]
[11.862657]
[11.911426]
[11.898059]
[11.5177555]
[11.7776165]
[11.876664]
[11.972637]
[11.873245]
[11.857362]
[11.883226]
[11.880167]
[11.723645]
[11.493723]
[11.019692]
[10.73345]
[11.282814]
[12.307704]
[12.899447]
[11.978881]
[12.194164]
[12.256647]
[12.180336]
[11.662581]
[10.05287]
[10.462967]
[10.394432]
[10.201815]
[10.273986]
[10.176262]
[10.196911]
[10.112675]
[10.171345]
[10.082559]
[10.038888]
[10.112788]
[9.987856]
[10.09749]
[10.031904]
[10.062719]
[10.048768]
[10.063388]
[10.01896]
[10.000724]
[9.946043]
[9.948029]
[9.888125]
[9.8853855]
[9.890414]
[9.940872]
[9.885494]
[9.830073]
[9.9160185]
[9.82621]
[9.476186]
[9.4161625]
[9.31877]
[9.114586]
[8.999851]
[9.062425]
[9.150267]
[9.139142]
[9.104964]
[8.937808]
[8.924247]
[8.869865]
[9.666323]
[9.798401]
[9.634456]
[9.49163]
[9.361786]
[9.274147]
[9.220397]
[9.150243]
[9.219553]
[9.146584]
[9.1014]
[9.136311]
[9.025831]
[8.94826]
[9.13294]
[9.313227]
[9.170348]
[9.32578]
[9.291724]
[8.884468]
[8.720179]
[8.584723]
[8.550007]
[8.476365]
[8.519027]
[8.572369]
[8.538129]
[8.462034]
[8.511327]
[8.487949]
[8.472362]
[8.483139]
[8.503193]
[8.446086]
[8.48076]
[8.47608]
[8.479026]
[8.448096]
[8.392758]
[8.517019]
[8.46193]
[8.417868]
[8.47178]
[8.518429]
[8.464621]
[8.503236]
[8.46707]
[8.550103]
[8.598723]
[7.4900794]
[7.32919]
[7.2231655]
[6.8571773]
[6.7468753]
[6.7827754]
[6.70923]
[6.6532407]
[6.755626]
[6.6926527]
[6.646877]
[6.6197534]
[6.5970755]
[6.600993]
[6.4821467]
[6.4110155]
[6.5148907]
[6.343315]
[6.3645377]
[6.5040026]
[6.461294]
[6.411418]
[6.392401]
[6.382855]
[6.3918657]
[6.38508]
[6.3779144]
[6.3703375]
[6.375676]
[6.2623267]
[6.311804]
[6.2525625]
[6.5550957]
[6.523623]
[9.504369]
[6.8779154]
[7.7951756]
[7.946615]
[6.5045295]
[6.318799]
[6.2773085]
[6.225957]
[6.4504147]
[6.2172575]
[6.421536]
[6.217784]
[6.4074097]
[6.2077146]
[8.2769165]
[6.711583]
[6.3757906]
[6.365218]
[6.355263]
[6.345515]
[6.335758]
[6.1219134]
[6.3118343]
[6.2657623]
[8.387166]
[6.493691]
[6.1329055]
[6.296158]
[6.1337657]
[6.1254416]
[6.2765245]
[6.132931]
[6.2488074]
[6.2445464]
[6.1259174]
[6.2329946]
[6.155022]
[6.113266]
[6.1345944]
[6.2223573]
[6.1411586]
[6.1992593]
[6.1383224]
[6.145894]
[6.1743755]
[6.1991267]
[6.1003404]
[6.154606]
[6.197007]
[6.1453643]
[6.153401]
[6.181282]
[6.152942]
[6.1979647]
[6.1652513]
[6.1103334]
[9.331914]
[9.238328]
[9.619813]
[9.293153]
[9.633075]
[9.695648]
[9.665133]
[9.645862]
[10.2122755]
[9.73309]
[10.201034]
[9.722001]
[10.189923]
[9.711259]
[10.180707]
[10.271246]
[9.755115]
[9.806436]
[9.837871]
[9.869084]
[9.900879]
[9.723839]
[9.595087]
[9.840765]
[9.652149]
[10.104391]
[9.844209]
[9.672833]
[10.237488]
[10.224693]
[10.201721]
[11.545453]
[11.693102]
[11.6543865]
[12.051502]
[11.637518]
[11.972119]
[12.420648]
[12.4338455]
[14.783466]
[16.131592]
[14.729945]
[12.087842]
[12.1143465]
[12.129605]
[12.500086]
[15.219995]
[12.839374]
[12.405092]
[12.3606205]
[12.718811]
[11.917372]
[11.761659]
[11.8321905]
[11.996445]
[12.064684]
[12.126227]
[11.844965]
[11.509688]
[11.568595]
[11.596088]
[12.4354315]
[12.745015]
[12.831379]
[12.908208]
[12.558842]
[12.544153]
[12.266154]
[12.510731]
[12.936593]
[11.992874]
[10.898287]
[18.803232]
[18.01379]
[14.928522]
[12.1080675]
[15.416959]
[15.798905]
[15.72436]
[15.59258]
[15.459627]
[15.319697]
[15.253055]
[15.2118635]
[15.058162]
[15.134112]
[13.117001]
[13.487635]
[13.532955]
[14.41797]
[14.250238]
[13.046856]
[12.109916]
[11.997737]
[12.228808]
[12.453577]
[15.067834]
[15.122854]
[15.462543]
[16.062334]
[16.619509]
[16.495073]
[15.959152]
[17.178638]
[16.986567]
[17.13692]
[16.783344]
[16.666573]
[16.613409]
[16.232498]
[16.336565]
[16.267704]
[15.971086]
[15.778863]
[15.934169]
[15.362504]
[15.336901]
[15.875824]
[15.547879]
[15.110714]
[15.063915]
[15.151782]
[14.61264]
[14.908245]
[15.096765]
[14.122345]
[15.359923]
[15.769121]
[15.48735]
[15.437318]
[14.827094]
[15.381132]
[14.715916]
[14.803007]
[18.69346]
[19.780096]
[15.439894]
[24.067654]
[21.243067]
[21.467974]
[21.702133]
[19.830198]
[6.1947246]
[15.884123]
[18.11927]
[17.830452]
[21.254988]
[36.2321]
[42.052856]
[47.140755]
[53.547302]
[43.32723]
[38.324646]
[55.6213]
[63.687164]
[62.4049]
[63.016655]
[52.82712]
[69.86278]
[81.219734]
[91.96131]
[120.493195]
[109.67314]
[111.79967]
[99.59807]
[98.542984]
[95.149536]
[97.07196]
[93.10355]
[91.69376]
[87.22336]
[84.27843]
[66.61233]
[69.47778]
[87.749]
[86.13302]
[85.31852]
[86.08681]
[78.58653]
[81.392715]
[108.65636]
[118.30498]
[133.1236]
[131.22252]
[125.98974]
[126.46241]
[128.71196]
[125.30446]
[99.534386]
[97.69408]
[94.80069]
[94.70693]
[91.8626]
[60.037254]
[50.68668]
[60.45572]
[55.94852]
[52.780106]
[41.97566]
[25.07747]
[21.943981]
[22.556932]
[33.438488]
[46.132393]
[41.458775]
[42.824036]
[35.444202]
[21.340942]
[17.357998]
[29.5085]
[20.802677]
[18.375996]
[17.642254]
[15.277179]
[14.625984]
[14.748787]
[17.150978]
[17.101177]
[16.068779]
[15.001843]
[15.883118]
[13.945876]
[13.535927]
[14.761095]
[14.658233]
[14.006869]
[14.451308]
[14.538081]
[14.794458]
[14.995801]
[16.886965]
[17.351982]
[14.383407]
[13.946753]
[14.494392]
[14.974698]
[15.051702]
[14.390447]
[14.438059]
[14.382159]
[13.753219]
[14.129923]
[12.731593]
[11.633389]
[12.708401]
[13.624713]
[15.7951145]
[16.07391]
[18.473516]
[15.024735]
[14.673726]
[15.237428]
[13.6270485]
[12.005455]
[13.47829]
[19.813028]
[12.869893]
[10.979444]
[12.354455]
[12.439185]
[16.059887]
[15.673798]
[14.405971]
[12.035985]
[12.625705]
[22.008867]
[25.37096]
[24.844536]
[24.096882]
[19.661964]
[14.43714]
[8.525232]
[11.24599]
[8.871625]
[8.223838]
[7.947416]
[7.722078]
[7.179746]
[7.3334427]
[7.392966]
[7.5731583]
[7.207049]
[7.2894926]
[7.246546]
[7.07706]
[7.12078][10.25]
[9.45]
[13.02]
[10.69]
[5.31]
[5.25]
[5.26]
[5.31]
[5.31]
[5.3]
[5.29]
[5.3]
[9.25]
[9.31]
[9.28]
[9.29]
[9.27]
[9.26]
[9.25]
[9.26]
[9.26]
[9.27]
[9.25]
[9.25]
[9.32]
[9.28]
[9.26]
[9.22]
[9.21]
[9.23]
[9.23]
[9.06]
[9.24]
[9.25]
[9.24]
[9.29]
[9.55]
[9.28]
[9.27]
[9.27]
[9.25]
[9.24]
[9.28]
[12.21]
[12.29]
[12.32]
[12.27]
[12.3]
[12.29]
[12.25]
[12.25]
[12.25]
[12.29]
[12.3]
[12.3]
[12.31]
[12.36]
[12.34]
[12.35]
[12.36]
[12.37]
[12.39]
[12.39]
[12.4]
[12.36]
[12.39]
[12.4]
[12.41]
[12.52]
[12.25]
[12.25]
[12.03]
[12.31]
[26.75]
[15.2]
[15.05]
[15.12]
[15.03]
[15.09]
[15.17]
[15.22]
[15.41]
[15.4]
[15.43]
[15.24]
[15.14]
[15.08]
[15.29]
[15.3]
[15.23]
[15.22]
[15.17]
[15.21]
[15.24]
[15.21]
[15.26]
[15.09]
[15.03]
[14.94]
[15.09]
[15.28]
[15.3]
[15.52]
[15.38]
[15.46]
[15.26]
[15.55]
[15.54]
[15.27]
[22.36]
[17.87]
[15.85]
[42.75]
[82.22]
[94.05]
[93.25]
[90.97]
[55.68]
[49.63]
[58.09]
[56.67]
[54.59]
[53.59]
[58.05]
[53.08]
[41.74]
[57.88]
[58.89]
[56.17]
[56.45]
[59.98]
[24.57]
[23.68]
[48.95]
[58.59]
[52.66]
[61.65]
[55.39]
[15.63]
[15.57]
[49.45]
[48.02]
[57.5]
[95.04]
[91.35]
[127.12]
[159.08]
[215.85]
[192.9]
[144.63]
[136.75]
[131.02]
[99.64]
[86.83]
[129.19]
[131.03]
[129.73]
[130.49]
[130.52]
[92.3]
[87.76]
[90.33]
[91.84]
[90.24]
[92.4]
[96.82]
[52.74]
[45.22]
[55.96]
[60.38]
[51.61]
[55.5]
[62.81]
[54.04]
[56.12]
[53.08]
[60.33]
[38.11]
[64.66]
[62.07]
[50.21]
[45.53]
[67.12]
[58.52]
[53.52]
[50.52]
[53.77]
[41.06]
[38.17]
[35.45]
[50.08]
[57.71]
[43.73]
[61.41]
[54.5]
[42.43]
[96.98]
[93.31]
[95.73]
[93.08]
[91.61]
[94.94]
[85.74]
[88.4]
[98.74]
[90.94]
[95.37]
[98.5]
[45.13]
[47.61]
[67.66]
[39.1]
[71.69]
[37.29]
[69.59]
[19.53]
[12.7]
[49.99]
[27.12]
[31.05]
[19.21]
[28.46]
[14.31]
[9.94]
[17.83]
[28.86]
[44.83]
[46.46]
[52.06]
[24.01]
[9.42]
[50.97]
[57.23]
[44.2]
[37.8]
[12.15]
[9.41]
[10.47]
[20.43]
[33.31]
[48.25]
[44.01]
[55.45]
[12.7]
[10.36]
[51.64]
[50.92]
[50.38]
[49.93]
[49.1]
[13.79]
[10.13]
[29.22]
[34.2]
[23.2]
[39.35]
[38.77]
[14.08]
[10.2]
[32.49]
[35.58]
[33.86]
[32.24]
[29.9]
[23.23]
[16.87]
[24.9]
[28.37]
[17.49]
[16.74]
[47.53]
[16.06]
[15.03]
[32.65]
[36.66]
[33.79]
[32.62]
[31.6]
[12.79]
[8.68]
[29.3]
[28.48]
[33.01]
[32.79]
[29.71]
[12.11]
[7.79]
[7.39]
[5.3]
[5.33]
[5.36]
[5.41]
[5.44]
[5.46]
[5.48]
[5.51]
[5.52]
[5.54]
[5.55]
[5.56]
[5.57]
[5.58]
[5.41]
[5.59]
[5.59]
[5.59]
[5.59]
[5.59]
[5.59]
[5.52]
[9.82]
[15.53]
[16.95]
[20.82]
[11.7]
[14.18]
[15.4]
[23.39]
[19.41]
[16.47]
[11.42]
[6.71]
[12.54]
[12.67]
[10.63]
[11.37]
[12.05]
[14.44]
[14.47]
[12.32]
[14.46]
[13.82]
[14.57]
[14.58]
[8.47]
[14.78]
[14.81]
[14.47]
[5.31]
[5.31]
[5.29]
[6.65]
[12.03]
[10.97]
[11.68]
[7.09]
[5.32]
[5.32]
[5.33]
[5.32]
[5.32]
[7.66]
[5.32]
[5.32]
[5.32]
[5.29]
[5.21]
[5.09]
[5.1]
[5.1]
[5.1]
[5.11]
[5.11]
[5.1]
[5.12]
[5.22]
[5.48]
[5.49]
[5.27]
[5.12]
[5.13]
[5.12]
[5.12]
[5.11]
[5.16]
[8.76]
[8.76]
[8.94]
[8.95]
[8.95]
[10.8]
[10.34]
[8.93]
[12.82]
[12.41]
[9.78]
[12.71]
[13.05]
[9.78]
[9.61]
[13.47]
[13.71]
[13.82]
[13.8]
[20.11]
[12.1]
[10.21]
[15.44]
[19.36]
[24.22]
[16.35]
[13.82]
[12.91]
[11.05]
[11.21]
[12.63]
[12.73]
[13.93]
[14.]
[12.75]
[12.72]
[14.06]
[13.64]
[13.18]
[14.13]
[14.47]
[12.97]
[12.08]
[13.53]
[13.92]
[14.]
[14.03]
[13.47]
[12.53]
[12.61]
[12.89]
[13.87]
[13.64]
[12.29]
[13.75]
[12.77]
[12.77]
[13.97]
[13.97]
[12.95]
[15.58]
[14.78]
[14.97]
[14.82]
[14.67]
[14.69]
[14.7]
[14.81]
[14.7]
[17.5]
[18.04]
[19.37]
[14.58]
[14.62]
[14.69]
[14.75]
[14.6]
[14.39]
[14.42]
[14.49]
[14.55]
[14.59]
[14.62]
[14.6]
[14.31]
[14.23]
[14.12]
[14.15]
[14.3]
[14.52]
[14.49]
[14.43]
[14.23]
[14.17]
[14.28]
[14.37]
[14.29]
[14.2]
[14.09]
[14.11]
[14.23]
[14.04]
[14.13]
[14.15]
[14.07]
[14.02]
[13.88]
[13.88]
[13.78]
[13.82]
[13.92]
[14.08]
[13.97]
[13.86]
[13.82]
[13.83]
[13.99]
[14.01]
[13.84]
[13.78]
[13.71]
[13.96]
[14.1]
[13.99]
[13.72]
[16.98]
[13.92]
[13.67]
[13.53]
[13.42]
[13.41]
[13.36]
[14.17]
[14.52]
[14.48]
[14.44]
[14.41]
[14.38]
[14.37]
[14.35]
[14.34]
[14.31]
[15.25]
[14.32]
[14.31]
[14.29]
[14.29]
[14.58]
[14.56]
[12.15]
[11.95]
[11.88]
[11.87]
[11.82]
[13.39]
[11.95]
[11.94]
[11.89]
[11.86]
[11.86]
[11.84]
[11.83]
[11.81]
[11.86]
[11.86]
[11.8]
[11.8]
[11.79]
[11.78]
[11.77]
[11.96]
[11.94]
[11.9]
[11.85]
[11.35]
[11.83]
[11.8]
[12.]
[12.06]
[12.03]
[9.66]
[9.6]
[9.59]
[9.63]
[9.74]
[9.73]
[9.68]
[9.68]
[9.7]
[9.68]
[9.68]
[9.67]
[9.67]
[9.73]
[9.77]
[9.75]
[9.77]
[9.77]
[9.77]
[9.74]
[9.74]
[9.73]
[9.72]
[9.75]
[9.75]
[9.79]
[9.77]
[9.77]
[9.78]
[9.77]
[9.09]
[9.09]
[8.91]
[8.69]
[8.69]
[8.66]
[8.69]
[8.7]
[8.7]
[8.66]
[8.67]
[8.77]
[8.78]
[8.78]
[8.77]
[8.78]
[8.77]
[8.74]
[8.74]
[8.77]
[8.77]
[8.77]
[8.76]
[8.77]
[8.76]
[8.77]
[8.77]
[8.76]
[8.76]
[8.77]
[8.71]
[8.26]
[8.23]
[8.06]
[8.02]
[8.01]
[8.04]
[8.06]
[8.04]
[8.05]
[8.06]
[8.05]
[8.05]
[8.07]
[8.07]
[8.06]
[8.04]
[8.08]
[8.07]
[8.07]
[8.03]
[8.1]
[8.09]
[8.1]
[8.11]
[8.1]
[8.11]
[8.12]
[8.11]
[8.11]
[8.13]
[6.13]
[6.11]
[5.91]
[5.29]
[5.35]
[5.29]
[5.31]
[5.3]
[5.3]
[5.3]
[5.31]
[5.3]
[5.27]
[5.29]
[5.29]
[5.29]
[5.3]
[5.3]
[5.34]
[5.31]
[5.31]
[5.32]
[5.32]
[5.31]
[5.33]
[5.32]
[5.32]
[5.31]
[5.33]
[5.32]
[5.34]
[5.34]
[5.89]
[5.74]
[5.51]
[5.5]
[7.49]
[7.16]
[5.55]
[5.56]
[5.48]
[5.43]
[5.41]
[5.42]
[5.48]
[5.44]
[5.44]
[5.44]
[7.99]
[5.37]
[5.4]
[5.41]
[5.38]
[5.38]
[5.39]
[5.38]
[5.38]
[5.43]
[5.4]
[5.41]
[5.42]
[5.41]
[5.41]
[5.41]
[5.41]
[5.42]
[5.44]
[5.44]
[5.45]
[5.47]
[5.47]
[5.4]
[5.42]
[5.44]
[5.46]
[5.47]
[5.46]
[5.46]
[5.47]
[5.47]
[5.42]
[5.48]
[5.49]
[5.48]
[5.46]
[5.46]
[5.5]
[5.51]
[5.48]
[5.46]
[9.04]
[9.13]
[9.13]
[9.16]
[9.17]
[9.17]
[9.19]
[9.21]
[9.24]
[9.24]
[9.22]
[9.2]
[9.27]
[9.28]
[9.28]
[9.29]
[9.32]
[9.33]
[9.33]
[9.34]
[9.36]
[9.37]
[9.38]
[9.41]
[9.41]
[9.41]
[9.41]
[9.42]
[9.83]
[9.49]
[9.52]
[12.18]
[12.29]
[12.29]
[12.33]
[12.37]
[12.42]
[12.45]
[12.39]
[15.27]
[16.55]
[14.11]
[12.06]
[12.15]
[12.22]
[12.2]
[14.89]
[12.24]
[12.29]
[12.3]
[12.82]
[12.19]
[12.16]
[12.29]
[12.32]
[12.3]
[12.41]
[12.47]
[12.46]
[12.66]
[12.65]
[14.68]
[15.59]
[15.66]
[15.62]
[15.61]
[15.62]
[15.55]
[15.55]
[15.53]
[15.48]
[15.58]
[15.63]
[15.67]
[15.73]
[15.76]
[15.69]
[15.74]
[15.74]
[15.7]
[15.75]
[15.81]
[15.74]
[15.69]
[15.67]
[15.67]
[15.69]
[15.71]
[15.78]
[15.82]
[15.85]
[15.84]
[15.82]
[15.81]
[15.68]
[15.65]
[15.45]
[15.76]
[15.72]
[15.72]
[15.72]
[15.86]
[15.62]
[15.55]
[15.84]
[15.47]
[15.85]
[15.91]
[15.89]
[15.6]
[15.96]
[15.99]
[15.84]
[15.77]
[15.99]
[15.57]
[15.56]
[15.78]
[15.69]
[15.67]
[15.63]
[15.75]
[15.5]
[15.92]
[15.96]
[15.99]
[16.2]
[15.99]
[15.99]
[15.96]
[15.93]
[15.94]
[15.96]
[15.89]
[15.75]
[15.57]
[14.85]
[16.98]
[17.18]
[17.15]
[16.64]
[16.94]
[16.89]
[16.85]
[16.85]
[16.82]
[22.09]
[48.14]
[54.09]
[52.25]
[50.82]
[26.21]
[24.32]
[46.38]
[54.6]
[55.32]
[58.59]
[42.22]
[59.61]
[52.27]
[91.07]
[134.99]
[99.13]
[93.08]
[89.49]
[90.15]
[90.7]
[92.91]
[90.54]
[92.41]
[91.17]
[89.85]
[54.37]
[55.31]
[91.98]
[89.63]
[92.51]
[92.65]
[53.92]
[58.15]
[118.86]
[121.02]
[128.01]
[129.11]
[130.04]
[130.07]
[129.96]
[130.52]
[93.73]
[94.19]
[93.43]
[94.32]
[94.03]
[49.04]
[42.92]
[63.69]
[56.03]
[54.7]
[38.34]
[11.79]
[11.72]
[12.96]
[33.11]
[57.23]
[47.44]
[52.93]
[38.46]
[13.38]
[10.84]
[32.12]
[12.86]
[13.04]
[11.96]
[9.06]
[9.09]
[9.87]
[13.99]
[13.87]
[12.77]
[11.54]
[13.62]
[10.08]
[9.89]
[11.66]
[11.41]
[10.97]
[12.27]
[12.58]
[13.52]
[14.11]
[18.19]
[19.12]
[13.6]
[13.55]
[13.48]
[13.43]
[13.64]
[13.07]
[13.76]
[13.75]
[12.85]
[13.71]
[11.22]
[9.92]
[11.7]
[12.05]
[15.5]
[15.5]
[20.41]
[11.86]
[11.21]
[12.16]
[10.03]
[8.58]
[11.93]
[24.96]
[9.81]
[9.12]
[11.89]
[11.97]
[19.72]
[18.14]
[16.04]
[11.71]
[13.74]
[39.18]
[46.43]
[42.22]
[40.7]
[29.17]
[11.6]
[7.7]
[7.77]
[5.18]
[5.21]
[5.24]
[5.27]
[5.28]
[5.29]
[5.31]
[5.33]
[5.34]
[5.35]
[5.36]
[5.37]
[5.38]
[5.39]