0.8984215837205948, 0.9022960553662183, -0.06752635578159444, 194.00953082781518[12.853892]
[9.685957]
[8.462138]
[10.664454]
[9.441965]
[5.7999134]
[5.2818937]
[5.3271713]
[5.368651]
[5.3243933]
[5.3168826]
[5.276364]
[5.263168]
[7.736971]
[8.191328]
[8.159583]
[8.127075]
[8.445155]
[9.390631]
[10.428026]
[10.436613]
[9.122969]
[8.796526]
[8.647877]
[8.5983305]
[8.564831]
[8.554673]
[8.558696]
[8.473379]
[8.406789]
[8.348027]
[8.308354]
[8.384999]
[8.596086]
[8.470573]
[8.48239]
[8.564301]
[8.503846]
[12.337662]
[9.455793]
[8.690827]
[9.0515175]
[9.445514]
[9.512401]
[11.201075]
[11.3201275]
[11.146966]
[11.13573]
[11.011688]
[11.161838]
[11.631983]
[11.731925]
[11.357578]
[11.272242]
[11.257515]
[11.097361]
[11.105839]
[11.184934]
[11.127197]
[11.056996]
[11.071394]
[11.124994]
[11.042843]
[11.028816]
[11.069741]
[10.899581]
[11.222271]
[11.807655]
[11.509302]
[11.473131]
[14.321209]
[8.797063]
[10.556823]
[11.159764]
[36.320732]
[17.535557]
[13.105697]
[13.229044]
[13.115207]
[13.0962105]
[13.226289]
[13.500469]
[13.44242]
[13.41061]
[13.602025]
[13.302202]
[13.1324005]
[13.325413]
[13.748565]
[13.515573]
[13.392167]
[13.16024]
[13.772435]
[14.127722]
[13.573851]
[13.628244]
[13.834128]
[13.615471]
[13.584307]
[12.929483]
[13.0523405]
[13.8317]
[13.543368]
[13.801907]
[14.050534]
[14.129139]
[21.681625]
[22.964174]
[20.217129]
[32.281666]
[50.719826]
[28.520926]
[71.10897]
[69.70272]
[79.21303]
[95.991554]
[130.64136]
[90.48289]
[71.5468]
[59.920444]
[61.46882]
[58.59431]
[53.5375]
[49.563236]
[50.37683]
[47.210598]
[39.829605]
[46.693684]
[48.88072]
[46.853596]
[47.167267]
[50.009247]
[31.528307]
[27.553957]
[41.00746]
[46.734886]
[42.9988]
[46.414185]
[42.670536]
[22.391409]
[23.20591]
[43.83264]
[48.30524]
[72.41836]
[101.564285]
[135.14697]
[150.20815]
[170.17462]
[200.76363]
[179.79387]
[148.504]
[136.6958]
[126.075714]
[105.9543]
[88.30993]
[112.40299]
[116.12051]
[117.94556]
[121.20124]
[125.39107]
[105.07682]
[94.60146]
[92.46578]
[93.995155]
[90.26573]
[89.39669]
[93.2457]
[68.84638]
[63.415222]
[71.31823]
[71.774635]
[69.03039]
[67.65356]
[70.38858]
[60.67284]
[57.104828]
[52.88612]
[54.555225]
[41.97505]
[52.781105]
[53.155323]
[47.059464]
[44.46668]
[54.851715]
[49.833275]
[44.79377]
[41.8559]
[43.048763]
[39.182224]
[40.469208]
[45.230896]
[60.079235]
[66.13406]
[59.052723]
[64.44916]
[57.225235]
[54.39251]
[93.18875]
[94.074905]
[90.513855]
[83.351814]
[78.513214]
[79.29831]
[77.031075]
[82.657074]
[92.277985]
[89.24746]
[95.15077]
[98.52068]
[69.22326]
[67.05283]
[74.59555]
[59.515778]
[72.208405]
[51.176872]
[63.50897]
[36.881706]
[25.933287]
[45.872555]
[35.86273]
[34.699818]
[27.884972]
[31.19162]
[23.385786]
[18.110416]
[22.726597]
[28.931105]
[35.875584]
[36.687317]
[39.843372]
[29.345509]
[18.940395]
[41.35984]
[46.32228]
[39.724453]
[36.910152]
[23.528706]
[20.437325]
[21.048862]
[27.268559]
[32.465874]
[38.11929]
[36.409367]
[40.540516]
[21.489218]
[16.089476]
[38.15223]
[38.532692]
[37.91823]
[37.652966]
[36.303783]
[20.877142]
[16.226692]
[29.756721]
[32.30707]
[25.849403]
[31.590403]
[31.359926]
[18.520908]
[13.336704]
[26.040722]
[28.643]
[27.385126]
[26.081417]
[24.507057]
[20.769585]
[16.488853]
[20.88706]
[23.647503]
[18.489697]
[18.441906]
[36.831528]
[22.666798]
[17.288374]
[26.217083]
[28.558409]
[26.942652]
[25.855959]
[24.732983]
[14.384409]
[9.537099]
[21.902235]
[22.294682]
[23.969467]
[24.553473]
[23.209553]
[13.163731]
[8.518658]
[7.969461]
[6.66377]
[6.3899612]
[6.5825214]
[6.637238]
[6.750705]
[6.5928874]
[6.3881803]
[6.417511]
[6.3450565]
[6.392174]
[6.2606387]
[6.219287]
[6.1439743]
[6.151761]
[6.0418663]
[6.0734277]
[6.034503]
[5.962006]
[5.962006]
[5.962006]
[5.962006]
[5.859712]
[8.352894]
[14.034364]
[13.816368]
[15.557824]
[10.674021]
[11.418907]
[12.503818]
[16.99082]
[15.474587]
[13.473892]
[10.182683]
[6.7485003]
[9.925268]
[10.61399]
[9.1546135]
[9.4292345]
[9.964045]
[11.569161]
[11.907766]
[10.5035305]
[11.5530205]
[18.836704]
[13.235194]
[12.071723]
[8.179377]
[11.781091]
[12.455892]
[11.91084]
[6.18723]
[5.364608]
[5.412657]
[6.2253056]
[9.743378]
[9.789668]
[9.8455]
[6.9296646]
[5.428262]
[5.319231]
[5.35227]
[5.348704]
[5.308235]
[6.7296553]
[5.563385]
[5.271709]
[5.3112617]
[5.3066173]
[5.242092]
[5.2693005]
[5.4861875]
[5.7433043]
[5.6109314]
[5.4969263]
[5.4151998]
[5.303474]
[5.31479]
[5.374386]
[5.5092506]
[5.5023966]
[5.411561]
[5.398113]
[5.4071083]
[5.2849197]
[5.332385]
[5.3281655]
[5.355393]
[7.5605984]
[7.939519]
[13.019343]
[8.928169]
[8.066741]
[9.439301]
[9.171771]
[8.135482]
[11.527966]
[10.877808]
[8.864521]
[10.668766]
[11.264218]
[9.017321]
[8.632816]
[11.314715]
[12.184789]
[12.163539]
[12.082473]
[17.104282]
[11.587631]
[9.121988]
[12.952596]
[17.01398]
[20.403572]
[14.995969]
[12.27877]
[11.446971]
[10.036717]
[10.108841]
[11.181674]
[11.265993]
[12.18394]
[12.350941]
[11.415566]
[11.368905]
[12.45981]
[12.064387]
[11.617214]
[12.767222]
[12.964613]
[11.699189]
[10.952667]
[12.180901]
[12.528039]
[12.354099]
[12.326573]
[11.820217]
[11.11586]
[10.881809]
[11.288758]
[12.818432]
[13.268148]
[11.172914]
[12.195969]
[12.4335785]
[12.557107]
[12.969743]
[12.798933]
[11.871576]
[13.768323]
[13.299026]
[13.195994]
[13.1481285]
[13.084225]
[13.048506]
[12.895818]
[13.072322]
[13.015195]
[15.081431]
[17.972265]
[17.00464]
[13.300712]
[12.988893]
[13.405507]
[13.808252]
[13.96346]
[13.591656]
[13.377411]
[13.312433]
[13.36997]
[13.435418]
[13.445352]
[13.447489]
[13.241987]
[13.109395]
[13.01253]
[13.045133]
[13.138078]
[13.304567]
[13.279061]
[13.244861]
[13.138434]
[13.107276]
[13.1435175]
[13.236034]
[13.185982]
[13.058419]
[12.974997]
[12.981061]
[13.082026]
[12.977881]
[13.021311]
[13.069333]
[13.092066]
[13.097153]
[12.885184]
[12.913834]
[12.844331]
[12.72901]
[12.855021]
[12.97536]
[12.860272]
[12.763585]
[12.710384]
[12.700292]
[12.721676]
[12.809286]
[12.750261]
[12.72245]
[12.729649]
[12.847724]
[13.145282]
[13.421124]
[14.847003]
[5.6887226]
[5.9125485]
[14.050698]
[8.457005]
[10.4580345]
[13.370483]
[13.660434]
[14.529015]
[14.850649]
[14.575819]
[14.525195]
[14.551282]
[14.6678095]
[14.593108]
[14.378267]
[14.384121]
[14.463725]
[15.149416]
[14.36684]
[14.210642]
[14.123631]
[14.167417]
[13.529895]
[13.859999]
[12.097388]
[11.844331]
[11.508139]
[11.327843]
[11.721969]
[13.080461]
[12.07752]
[11.87161]
[11.631535]
[11.506786]
[11.428408]
[11.143137]
[11.273791]
[11.367014]
[11.330016]
[11.199772]
[11.091161]
[11.055791]
[10.975835]
[10.83798]
[10.759721]
[10.822236]
[11.795672]
[11.835448]
[12.524827]
[13.068918]
[11.949544]
[11.806498]
[11.822451]
[11.564815]
[11.470417]
[10.075525]
[10.183884]
[10.029674]
[9.702409]
[9.7711315]
[9.695702]
[9.676252]
[9.617362]
[9.624181]
[9.55764]
[9.451965]
[9.544049]
[9.428387]
[9.478408]
[9.456542]
[9.419021]
[9.452636]
[9.444022]
[9.410501]
[9.372547]
[9.3267145]
[9.308349]
[9.2554865]
[9.214306]
[9.218506]
[9.290537]
[9.241024]
[9.1312]
[9.224756]
[9.149008]
[8.751682]
[8.761287]
[8.655772]
[8.45244]
[8.277283]
[8.323518]
[8.4850645]
[8.496369]
[8.4480095]
[8.2118435]
[8.181262]
[8.533738]
[8.996261]
[9.526188]
[9.220185]
[9.030115]
[8.815331]
[8.674916]
[8.608207]
[8.490385]
[8.545415]
[8.526034]
[8.400838]
[8.478779]
[8.351113]
[8.170611]
[8.3618]
[8.666281]
[8.550469]
[8.6213045]
[8.759357]
[8.301098]
[8.050611]
[7.8577433]
[7.8373065]
[7.7442355]
[7.7479215]
[7.8505917]
[7.8402257]
[7.7072334]
[7.7299066]
[7.7463317]
[7.691196]
[7.7012115]
[7.73949]
[7.6637015]
[7.6739373]
[7.707767]
[7.689629]
[7.6562495]
[7.542285]
[7.7056527]
[7.6839237]
[7.5414696]
[7.5949874]
[7.697209]
[7.6180115]
[7.621056]
[7.5931287]
[7.6781054]
[7.791103]
[6.536587]
[6.345734]
[6.227846]
[5.731524]
[5.693459]
[5.6260066]
[5.656787]
[5.6592913]
[5.5969057]
[5.6581526]
[5.6704803]
[5.629064]
[5.615078]
[5.6246796]
[5.661461]
[5.6286345]
[5.572549]
[5.673507]
[5.6337776]
[5.569775]
[5.670425]
[5.678077]
[5.6472273]
[5.647407]
[5.6639667]
[5.6664133]
[5.669]
[5.670519]
[5.683809]
[5.724489]
[5.6679645]
[5.713377]
[6.031188]
[5.9959292]
[9.358561]
[6.3539653]
[7.320471]
[7.504714]
[5.94689]
[5.7545094]
[5.7069173]
[5.646352]
[5.8782644]
[5.6166606]
[5.825833]
[5.600439]
[5.7919955]
[5.573062]
[7.637562]
[6.0436964]
[5.7059755]
[5.6839333]
[5.6624775]
[5.6411552]
[5.6197996]
[5.4047227]
[5.58251]
[5.5525427]
[7.5543785]
[5.716979]
[5.376613]
[5.5126133]
[5.346819]
[5.341479]
[5.460517]
[5.316327]
[5.4112773]
[5.382598]
[5.2806873]
[5.360874]
[5.284006]
[5.2499332]
[5.2558208]
[5.304218]
[5.229104]
[5.2607946]
[5.20386]
[5.2201495]
[5.2308116]
[5.211502]
[5.12433]
[5.186719]
[5.173575]
[5.1336603]
[5.153238]
[5.1217666]
[5.106802]
[5.1205683]
[5.055235]
[5.0673795]
[8.149021]
[8.115829]
[8.51429]
[8.117289]
[8.49447]
[8.579088]
[8.521411]
[8.491803]
[9.120665]
[8.55403]
[9.073172]
[8.507741]
[9.024476]
[8.46053]
[8.972141]
[9.038262]
[8.461394]
[8.447812]
[8.48859]
[8.519596]
[8.562234]
[8.569338]
[8.550514]
[8.925739]
[8.65394]
[9.213895]
[9.000012]
[8.724383]
[9.516067]
[9.592239]
[9.564835]
[11.302822]
[11.503064]
[11.463493]
[11.968201]
[11.453398]
[11.873735]
[12.414508]
[12.416837]
[15.169498]
[16.573004]
[14.876299]
[11.901053]
[11.967295]
[11.957411]
[12.352408]
[15.2889805]
[12.540678]
[12.132032]
[12.048554]
[12.392285]
[11.487897]
[11.314198]
[11.330359]
[11.467028]
[11.474441]
[11.693894]
[11.70179]
[11.521477]
[11.687537]
[11.701224]
[12.557349]
[12.264819]
[11.9653015]
[11.712498]
[11.160318]
[10.932051]
[10.427952]
[10.393494]
[10.910242]
[15.779109]
[11.609706]
[17.595203]
[14.825928]
[15.179848]
[12.188269]
[15.110856]
[15.356137]
[15.229926]
[15.06017]
[15.015604]
[14.924553]
[14.829132]
[14.803728]
[14.4016]
[14.587807]
[15.625802]
[15.058517]
[15.4727745]
[15.1951]
[15.695295]
[15.390456]
[14.52128]
[13.968733]
[14.066082]
[12.535367]
[12.507411]
[14.099515]
[15.158153]
[15.014874]
[15.535364]
[15.830718]
[14.079413]
[14.491074]
[15.401132]
[15.394915]
[15.897388]
[15.752291]
[16.173912]
[15.9271965]
[16.238544]
[16.303125]
[16.103422]
[15.994196]
[16.261192]
[16.095842]
[17.796204]
[16.261703]
[16.506994]
[16.258512]
[16.03299]
[15.989723]
[15.578504]
[15.846368]
[16.014776]
[16.006546]
[16.394722]
[16.615656]
[16.236763]
[16.043259]
[15.633348]
[15.942392]
[15.749834]
[15.741493]
[23.808992]
[24.974169]
[17.036194]
[29.098812]
[28.36545]
[23.144983]
[25.164305]
[21.563774]
[5.3030014]
[15.708202]
[17.45]
[17.148258]
[20.609093]
[36.242435]
[41.865547]
[50.52166]
[56.64612]
[46.303696]
[40.82512]
[56.147842]
[64.30669]
[63.04789]
[63.94347]
[55.25571]
[70.495804]
[82.2494]
[90.6368]
[125.60058]
[107.76328]
[111.77354]
[100.35287]
[96.97608]
[95.86828]
[98.120605]
[94.289185]
[92.386635]
[88.04031]
[85.51502]
[67.73366]
[69.84533]
[87.87765]
[86.68709]
[85.972946]
[87.93225]
[79.302475]
[84.29487]
[108.48737]
[122.910675]
[132.34784]
[130.08604]
[125.95594]
[127.903175]
[127.464516]
[125.21553]
[101.22762]
[97.74971]
[94.99864]
[95.91314]
[93.84639]
[61.412594]
[51.220898]
[60.453392]
[55.398594]
[51.573135]
[41.12961]
[23.73512]
[20.38125]
[21.308376]
[33.22239]
[45.036392]
[40.596096]
[42.018875]
[35.216415]
[20.514935]
[15.991799]
[29.562645]
[20.081371]
[17.376406]
[16.701033]
[14.206466]
[13.812626]
[13.8699465]
[16.466356]
[16.460875]
[15.384297]
[14.209947]
[15.1897545]
[13.118705]
[12.51413]
[13.934204]
[13.862382]
[13.305286]
[13.806324]
[13.870321]
[14.255533]
[14.536125]
[16.749098]
[17.455322]
[13.885407]
[13.295533]
[13.741713]
[14.163842]
[14.471125]
[13.849861]
[13.8559265]
[13.804372]
[13.07261]
[13.528321]
[11.894029]
[10.789414]
[11.83932]
[12.714889]
[15.239433]
[15.754823]
[18.637552]
[14.281501]
[13.609074]
[14.400651]
[13.051214]
[11.165019]
[12.823603]
[20.378963]
[12.315283]
[9.977324]
[11.613213]
[11.879466]
[16.140345]
[15.824499]
[14.190694]
[11.440842]
[12.092007]
[24.541706]
[28.24393]
[27.408123]
[26.51669]
[21.634237]
[13.032395]
[9.582994]
[10.800692]
[8.050102]
[7.5877194]
[7.1708856]
[6.967262]
[6.5778813]
[6.5767236]
[6.4015846]
[6.739214]
[6.450514]
[6.5622997]
[6.3148794]
[6.369825]
[6.311206][10.25]
[9.45]
[13.02]
[10.69]
[5.31]
[5.25]
[5.26]
[5.31]
[5.31]
[5.3]
[5.29]
[5.3]
[9.25]
[9.31]
[9.28]
[9.29]
[9.27]
[9.26]
[9.25]
[9.26]
[9.26]
[9.27]
[9.25]
[9.25]
[9.32]
[9.28]
[9.26]
[9.22]
[9.21]
[9.23]
[9.23]
[9.06]
[9.24]
[9.25]
[9.24]
[9.29]
[9.55]
[9.28]
[9.27]
[9.27]
[9.25]
[9.24]
[9.28]
[12.21]
[12.29]
[12.32]
[12.27]
[12.3]
[12.29]
[12.25]
[12.25]
[12.25]
[12.29]
[12.3]
[12.3]
[12.31]
[12.36]
[12.34]
[12.35]
[12.36]
[12.37]
[12.39]
[12.39]
[12.4]
[12.36]
[12.39]
[12.4]
[12.41]
[12.52]
[12.25]
[12.25]
[12.03]
[12.31]
[26.75]
[15.2]
[15.05]
[15.12]
[15.03]
[15.09]
[15.17]
[15.22]
[15.41]
[15.4]
[15.43]
[15.24]
[15.14]
[15.08]
[15.29]
[15.3]
[15.23]
[15.22]
[15.17]
[15.21]
[15.24]
[15.21]
[15.26]
[15.09]
[15.03]
[14.94]
[15.09]
[15.28]
[15.3]
[15.52]
[15.38]
[15.46]
[15.26]
[15.55]
[15.54]
[15.27]
[22.36]
[17.87]
[15.85]
[42.75]
[82.22]
[94.05]
[93.25]
[90.97]
[55.68]
[49.63]
[58.09]
[56.67]
[54.59]
[53.59]
[58.05]
[53.08]
[41.74]
[57.88]
[58.89]
[56.17]
[56.45]
[59.98]
[24.57]
[23.68]
[48.95]
[58.59]
[52.66]
[61.65]
[55.39]
[15.63]
[15.57]
[49.45]
[48.02]
[57.5]
[95.04]
[91.35]
[127.12]
[159.08]
[215.85]
[192.9]
[144.63]
[136.75]
[131.02]
[99.64]
[86.83]
[129.19]
[131.03]
[129.73]
[130.49]
[130.52]
[92.3]
[87.76]
[90.33]
[91.84]
[90.24]
[92.4]
[96.82]
[52.74]
[45.22]
[55.96]
[60.38]
[51.61]
[55.5]
[62.81]
[54.04]
[56.12]
[53.08]
[60.33]
[38.11]
[64.66]
[62.07]
[50.21]
[45.53]
[67.12]
[58.52]
[53.52]
[50.52]
[53.77]
[41.06]
[38.17]
[35.45]
[50.08]
[57.71]
[43.73]
[61.41]
[54.5]
[42.43]
[96.98]
[93.31]
[95.73]
[93.08]
[91.61]
[94.94]
[85.74]
[88.4]
[98.74]
[90.94]
[95.37]
[98.5]
[45.13]
[47.61]
[67.66]
[39.1]
[71.69]
[37.29]
[69.59]
[19.53]
[12.7]
[49.99]
[27.12]
[31.05]
[19.21]
[28.46]
[14.31]
[9.94]
[17.83]
[28.86]
[44.83]
[46.46]
[52.06]
[24.01]
[9.42]
[50.97]
[57.23]
[44.2]
[37.8]
[12.15]
[9.41]
[10.47]
[20.43]
[33.31]
[48.25]
[44.01]
[55.45]
[12.7]
[10.36]
[51.64]
[50.92]
[50.38]
[49.93]
[49.1]
[13.79]
[10.13]
[29.22]
[34.2]
[23.2]
[39.35]
[38.77]
[14.08]
[10.2]
[32.49]
[35.58]
[33.86]
[32.24]
[29.9]
[23.23]
[16.87]
[24.9]
[28.37]
[17.49]
[16.74]
[47.53]
[16.06]
[15.03]
[32.65]
[36.66]
[33.79]
[32.62]
[31.6]
[12.79]
[8.68]
[29.3]
[28.48]
[33.01]
[32.79]
[29.71]
[12.11]
[7.79]
[7.39]
[5.3]
[5.33]
[5.36]
[5.41]
[5.44]
[5.46]
[5.48]
[5.51]
[5.52]
[5.54]
[5.55]
[5.56]
[5.57]
[5.58]
[5.41]
[5.59]
[5.59]
[5.59]
[5.59]
[5.59]
[5.59]
[5.52]
[9.82]
[15.53]
[16.95]
[20.82]
[11.7]
[14.18]
[15.4]
[23.39]
[19.41]
[16.47]
[11.42]
[6.71]
[12.54]
[12.67]
[10.63]
[11.37]
[12.05]
[14.44]
[14.47]
[12.32]
[14.46]
[13.82]
[14.57]
[14.58]
[8.47]
[14.78]
[14.81]
[14.47]
[5.31]
[5.31]
[5.29]
[6.65]
[12.03]
[10.97]
[11.68]
[7.09]
[5.32]
[5.32]
[5.33]
[5.32]
[5.32]
[7.66]
[5.32]
[5.32]
[5.32]
[5.29]
[5.21]
[5.09]
[5.1]
[5.1]
[5.1]
[5.11]
[5.11]
[5.1]
[5.12]
[5.22]
[5.48]
[5.49]
[5.27]
[5.12]
[5.13]
[5.12]
[5.12]
[5.11]
[5.16]
[8.76]
[8.76]
[8.94]
[8.95]
[8.95]
[10.8]
[10.34]
[8.93]
[12.82]
[12.41]
[9.78]
[12.71]
[13.05]
[9.78]
[9.61]
[13.47]
[13.71]
[13.82]
[13.8]
[20.11]
[12.1]
[10.21]
[15.44]
[19.36]
[24.22]
[16.35]
[13.82]
[12.91]
[11.05]
[11.21]
[12.63]
[12.73]
[13.93]
[14.]
[12.75]
[12.72]
[14.06]
[13.64]
[13.18]
[14.13]
[14.47]
[12.97]
[12.08]
[13.53]
[13.92]
[14.]
[14.03]
[13.47]
[12.53]
[12.61]
[12.89]
[13.87]
[13.64]
[12.29]
[13.75]
[12.77]
[12.77]
[13.97]
[13.97]
[12.95]
[15.58]
[14.78]
[14.97]
[14.82]
[14.67]
[14.69]
[14.7]
[14.81]
[14.7]
[17.5]
[18.04]
[19.37]
[14.58]
[14.62]
[14.69]
[14.75]
[14.6]
[14.39]
[14.42]
[14.49]
[14.55]
[14.59]
[14.62]
[14.6]
[14.31]
[14.23]
[14.12]
[14.15]
[14.3]
[14.52]
[14.49]
[14.43]
[14.23]
[14.17]
[14.28]
[14.37]
[14.29]
[14.2]
[14.09]
[14.11]
[14.23]
[14.04]
[14.13]
[14.15]
[14.07]
[14.02]
[13.88]
[13.88]
[13.78]
[13.82]
[13.92]
[14.08]
[13.97]
[13.86]
[13.82]
[13.83]
[13.99]
[14.01]
[13.84]
[13.78]
[13.71]
[13.96]
[14.1]
[13.99]
[13.72]
[16.98]
[13.92]
[13.67]
[13.53]
[13.42]
[13.41]
[13.36]
[14.17]
[14.52]
[14.48]
[14.44]
[14.41]
[14.38]
[14.37]
[14.35]
[14.34]
[14.31]
[15.25]
[14.32]
[14.31]
[14.29]
[14.29]
[14.58]
[14.56]
[12.15]
[11.95]
[11.88]
[11.87]
[11.82]
[13.39]
[11.95]
[11.94]
[11.89]
[11.86]
[11.86]
[11.84]
[11.83]
[11.81]
[11.86]
[11.86]
[11.8]
[11.8]
[11.79]
[11.78]
[11.77]
[11.96]
[11.94]
[11.9]
[11.85]
[11.35]
[11.83]
[11.8]
[12.]
[12.06]
[12.03]
[9.66]
[9.6]
[9.59]
[9.63]
[9.74]
[9.73]
[9.68]
[9.68]
[9.7]
[9.68]
[9.68]
[9.67]
[9.67]
[9.73]
[9.77]
[9.75]
[9.77]
[9.77]
[9.77]
[9.74]
[9.74]
[9.73]
[9.72]
[9.75]
[9.75]
[9.79]
[9.77]
[9.77]
[9.78]
[9.77]
[9.09]
[9.09]
[8.91]
[8.69]
[8.69]
[8.66]
[8.69]
[8.7]
[8.7]
[8.66]
[8.67]
[8.77]
[8.78]
[8.78]
[8.77]
[8.78]
[8.77]
[8.74]
[8.74]
[8.77]
[8.77]
[8.77]
[8.76]
[8.77]
[8.76]
[8.77]
[8.77]
[8.76]
[8.76]
[8.77]
[8.71]
[8.26]
[8.23]
[8.06]
[8.02]
[8.01]
[8.04]
[8.06]
[8.04]
[8.05]
[8.06]
[8.05]
[8.05]
[8.07]
[8.07]
[8.06]
[8.04]
[8.08]
[8.07]
[8.07]
[8.03]
[8.1]
[8.09]
[8.1]
[8.11]
[8.1]
[8.11]
[8.12]
[8.11]
[8.11]
[8.13]
[6.13]
[6.11]
[5.91]
[5.29]
[5.35]
[5.29]
[5.31]
[5.3]
[5.3]
[5.3]
[5.31]
[5.3]
[5.27]
[5.29]
[5.29]
[5.29]
[5.3]
[5.3]
[5.34]
[5.31]
[5.31]
[5.32]
[5.32]
[5.31]
[5.33]
[5.32]
[5.32]
[5.31]
[5.33]
[5.32]
[5.34]
[5.34]
[5.89]
[5.74]
[5.51]
[5.5]
[7.49]
[7.16]
[5.55]
[5.56]
[5.48]
[5.43]
[5.41]
[5.42]
[5.48]
[5.44]
[5.44]
[5.44]
[7.99]
[5.37]
[5.4]
[5.41]
[5.38]
[5.38]
[5.39]
[5.38]
[5.38]
[5.43]
[5.4]
[5.41]
[5.42]
[5.41]
[5.41]
[5.41]
[5.41]
[5.42]
[5.44]
[5.44]
[5.45]
[5.47]
[5.47]
[5.4]
[5.42]
[5.44]
[5.46]
[5.47]
[5.46]
[5.46]
[5.47]
[5.47]
[5.42]
[5.48]
[5.49]
[5.48]
[5.46]
[5.46]
[5.5]
[5.51]
[5.48]
[5.46]
[9.04]
[9.13]
[9.13]
[9.16]
[9.17]
[9.17]
[9.19]
[9.21]
[9.24]
[9.24]
[9.22]
[9.2]
[9.27]
[9.28]
[9.28]
[9.29]
[9.32]
[9.33]
[9.33]
[9.34]
[9.36]
[9.37]
[9.38]
[9.41]
[9.41]
[9.41]
[9.41]
[9.42]
[9.83]
[9.49]
[9.52]
[12.18]
[12.29]
[12.29]
[12.33]
[12.37]
[12.42]
[12.45]
[12.39]
[15.27]
[16.55]
[14.11]
[12.06]
[12.15]
[12.22]
[12.2]
[14.89]
[12.24]
[12.29]
[12.3]
[12.82]
[12.19]
[12.16]
[12.29]
[12.32]
[12.3]
[12.41]
[12.47]
[12.46]
[12.66]
[12.65]
[14.68]
[15.59]
[15.66]
[15.62]
[15.61]
[15.62]
[15.55]
[15.55]
[15.53]
[15.48]
[15.58]
[15.63]
[15.67]
[15.73]
[15.76]
[15.69]
[15.74]
[15.74]
[15.7]
[15.75]
[15.81]
[15.74]
[15.69]
[15.67]
[15.67]
[15.69]
[15.71]
[15.78]
[15.82]
[15.85]
[15.84]
[15.82]
[15.81]
[15.68]
[15.65]
[15.45]
[15.76]
[15.72]
[15.72]
[15.72]
[15.86]
[15.62]
[15.55]
[15.84]
[15.47]
[15.85]
[15.91]
[15.89]
[15.6]
[15.96]
[15.99]
[15.84]
[15.77]
[15.99]
[15.57]
[15.56]
[15.78]
[15.69]
[15.67]
[15.63]
[15.75]
[15.5]
[15.92]
[15.96]
[15.99]
[16.2]
[15.99]
[15.99]
[15.96]
[15.93]
[15.94]
[15.96]
[15.89]
[15.75]
[15.57]
[14.85]
[16.98]
[17.18]
[17.15]
[16.64]
[16.94]
[16.89]
[16.85]
[16.85]
[16.82]
[22.09]
[48.14]
[54.09]
[52.25]
[50.82]
[26.21]
[24.32]
[46.38]
[54.6]
[55.32]
[58.59]
[42.22]
[59.61]
[52.27]
[91.07]
[134.99]
[99.13]
[93.08]
[89.49]
[90.15]
[90.7]
[92.91]
[90.54]
[92.41]
[91.17]
[89.85]
[54.37]
[55.31]
[91.98]
[89.63]
[92.51]
[92.65]
[53.92]
[58.15]
[118.86]
[121.02]
[128.01]
[129.11]
[130.04]
[130.07]
[129.96]
[130.52]
[93.73]
[94.19]
[93.43]
[94.32]
[94.03]
[49.04]
[42.92]
[63.69]
[56.03]
[54.7]
[38.34]
[11.79]
[11.72]
[12.96]
[33.11]
[57.23]
[47.44]
[52.93]
[38.46]
[13.38]
[10.84]
[32.12]
[12.86]
[13.04]
[11.96]
[9.06]
[9.09]
[9.87]
[13.99]
[13.87]
[12.77]
[11.54]
[13.62]
[10.08]
[9.89]
[11.66]
[11.41]
[10.97]
[12.27]
[12.58]
[13.52]
[14.11]
[18.19]
[19.12]
[13.6]
[13.55]
[13.48]
[13.43]
[13.64]
[13.07]
[13.76]
[13.75]
[12.85]
[13.71]
[11.22]
[9.92]
[11.7]
[12.05]
[15.5]
[15.5]
[20.41]
[11.86]
[11.21]
[12.16]
[10.03]
[8.58]
[11.93]
[24.96]
[9.81]
[9.12]
[11.89]
[11.97]
[19.72]
[18.14]
[16.04]
[11.71]
[13.74]
[39.18]
[46.43]
[42.22]
[40.7]
[29.17]
[11.6]
[7.7]
[7.77]
[5.18]
[5.21]
[5.24]
[5.27]
[5.28]
[5.29]
[5.31]
[5.33]
[5.34]
[5.35]
[5.36]
[5.37]
[5.38]
[5.39]