0.8973903845075617, 0.8996068763636884, -0.08152434797098684, 194.9918127806323[12.243147]
[9.688946]
[8.712095]
[10.776877]
[9.758175]
[6.2828712]
[5.621355]
[5.6368275]
[5.6555295]
[5.6766324]
[5.6784153]
[5.639284]
[5.6774397]
[8.067137]
[8.620999]
[8.588754]
[8.659342]
[8.629675]
[9.355555]
[9.977836]
[8.857908]
[8.856118]
[8.763506]
[8.793774]
[8.732677]
[8.802758]
[8.798813]
[8.786068]
[8.700087]
[8.717449]
[8.670704]
[8.740407]
[8.703715]
[8.787776]
[8.768092]
[8.829393]
[8.847652]
[8.8622]
[12.536977]
[9.505659]
[8.958326]
[9.156795]
[9.33119]
[9.180606]
[10.898773]
[11.28433]
[11.25124]
[11.312147]
[11.178611]
[11.4485855]
[11.592434]
[11.46933]
[11.224706]
[11.390192]
[11.269541]
[11.319361]
[11.333905]
[11.402313]
[11.327186]
[11.362043]
[11.38757]
[11.432015]
[11.35168]
[11.441297]
[11.434303]
[11.347798]
[11.566645]
[11.775571]
[11.405584]
[11.702928]
[14.258955]
[9.188332]
[10.770338]
[11.395608]
[38.228024]
[17.457523]
[13.747274]
[13.735739]
[13.75175]
[13.753163]
[13.900126]
[14.065142]
[14.015169]
[14.177998]
[14.272091]
[14.009023]
[13.9642725]
[13.997363]
[14.254222]
[14.050924]
[14.11309]
[13.812467]
[14.206452]
[14.167573]
[14.005056]
[14.212827]
[14.254532]
[14.125614]
[14.16933]
[13.591264]
[13.999233]
[14.322559]
[14.087984]
[14.615918]
[14.68896]
[14.710979]
[20.209602]
[21.0029]
[18.74509]
[33.495834]
[49.357143]
[24.731276]
[70.29334]
[62.795662]
[76.421486]
[89.51903]
[136.13072]
[92.59151]
[66.72077]
[56.794056]
[59.70963]
[57.673504]
[53.418797]
[50.2202]
[51.76577]
[48.56042]
[40.023884]
[48.493427]
[50.988827]
[48.518055]
[49.266087]
[51.854103]
[30.08733]
[25.751923]
[41.40943]
[48.343357]
[44.699898]
[48.740776]
[44.726845]
[21.865276]
[20.018747]
[43.207615]
[47.583866]
[73.994576]
[101.67119]
[144.45793]
[153.75996]
[167.12698]
[210.24585]
[170.19363]
[138.10362]
[135.48924]
[122.59006]
[99.116936]
[84.71229]
[107.8172]
[113.1413]
[114.83354]
[118.154]
[126.87865]
[106.358116]
[95.42599]
[89.042786]
[89.234146]
[87.56694]
[87.33715]
[91.32712]
[71.14682]
[62.67687]
[69.58332]
[69.120445]
[66.35649]
[65.38182]
[66.91591]
[58.445488]
[56.25261]
[52.892433]
[55.477287]
[41.621082]
[54.2644]
[55.018894]
[48.40674]
[45.185326]
[56.402393]
[51.38953]
[46.331043]
[43.25873]
[44.93623]
[40.394436]
[40.14465]
[43.195866]
[59.460293]
[64.358055]
[56.15257]
[62.373997]
[55.983727]
[54.24783]
[92.54267]
[90.6055]
[87.663216]
[82.240685]
[78.961044]
[80.23667]
[77.65397]
[82.48971]
[90.751045]
[87.93038]
[96.83957]
[98.37599]
[69.572266]
[65.1067]
[71.224686]
[53.864605]
[69.5549]
[48.99787]
[62.413063]
[34.20662]
[23.334602]
[45.326015]
[33.980026]
[32.959564]
[25.088383]
[28.911531]
[20.580873]
[15.498668]
[19.507992]
[26.741283]
[36.075897]
[37.738136]
[41.856106]
[28.771753]
[17.373726]
[41.554142]
[47.910984]
[40.554367]
[37.158203]
[21.960478]
[18.15605]
[18.318382]
[22.985044]
[30.345507]
[38.72559]
[37.205086]
[42.526447]
[19.605843]
[14.480424]
[38.252174]
[39.909126]
[39.946297]
[39.267612]
[37.890766]
[19.905375]
[15.435509]
[27.10028]
[30.880524]
[23.993296]
[31.18238]
[31.500872]
[17.061037]
[11.787016]
[24.639185]
[28.40719]
[27.115181]
[25.7018]
[24.034023]
[19.768932]
[15.405596]
[19.832682]
[22.97262]
[17.450918]
[17.650522]
[37.178406]
[20.379538]
[14.942743]
[25.2738]
[28.61132]
[26.96179]
[25.775229]
[24.545212]
[13.428079]
[9.010054]
[20.863564]
[21.749352]
[24.420109]
[24.945707]
[23.211437]
[12.741748]
[8.134423]
[7.416334]
[6.1066713]
[5.8036118]
[5.948368]
[6.0964885]
[6.014757]
[5.8247576]
[5.7764373]
[5.779419]
[5.770923]
[5.7378592]
[5.662628]
[5.5980897]
[5.6006436]
[5.6057363]
[5.4939427]
[5.5012784]
[5.462858]
[5.454322]
[5.454322]
[5.454322]
[5.454322]
[5.3326044]
[7.5814095]
[13.091883]
[13.376172]
[15.3430395]
[10.572955]
[11.000032]
[11.954924]
[16.799746]
[15.461038]
[13.40222]
[10.092224]
[6.749407]
[9.600429]
[10.271885]
[9.1664505]
[9.378181]
[9.917521]
[11.500139]
[11.818878]
[10.494052]
[11.57758]
[19.337317]
[13.582018]
[12.157777]
[8.438811]
[11.766587]
[12.441612]
[12.227265]
[6.6959696]
[5.623361]
[5.6343217]
[6.438554]
[9.798247]
[10.112116]
[10.200648]
[7.4948726]
[5.8944654]
[5.7071004]
[5.7278934]
[5.7360363]
[5.695932]
[7.1528864]
[6.015044]
[5.748078]
[5.770973]
[5.7264075]
[5.7133327]
[5.487423]
[5.654573]
[5.784758]
[5.67]
[5.714911]
[5.6290007]
[5.658285]
[5.672624]
[5.7469454]
[5.896301]
[5.9462194]
[5.784283]
[5.7437034]
[5.616856]
[5.698607]
[5.7153068]
[5.7142224]
[5.7577205]
[7.9505553]
[8.432282]
[13.3097925]
[9.588436]
[8.580989]
[9.92445]
[9.669812]
[8.842357]
[11.966148]
[11.480296]
[9.676395]
[11.271224]
[11.818089]
[9.82044]
[9.343045]
[11.823668]
[12.600563]
[12.54347]
[12.714948]
[17.787416]
[12.61726]
[10.099506]
[13.479611]
[17.373096]
[21.26331]
[15.810524]
[13.344994]
[12.519857]
[11.119914]
[11.128791]
[12.109546]
[12.297649]
[13.220756]
[13.405265]
[12.53336]
[12.4357815]
[13.253788]
[13.043766]
[12.763787]
[13.474904]
[13.529919]
[12.752104]
[12.057607]
[12.812949]
[12.975962]
[13.016757]
[13.030314]
[12.609126]
[12.027131]
[12.37124]
[12.610985]
[13.853762]
[13.300138]
[12.088675]
[13.2427435]
[13.303097]
[12.591287]
[13.228363]
[13.320219]
[12.674607]
[14.216703]
[13.74553]
[13.950607]
[13.885713]
[13.67366]
[13.515481]
[13.584551]
[13.711201]
[13.569874]
[15.331872]
[18.371044]
[17.568613]
[14.017214]
[13.851115]
[14.057502]
[14.26458]
[14.447818]
[13.921286]
[13.857073]
[13.880211]
[13.959508]
[14.0866]
[14.051636]
[14.099661]
[13.914745]
[13.809654]
[13.715037]
[13.82378]
[13.764927]
[13.927018]
[13.801622]
[13.759069]
[13.622841]
[13.590381]
[13.479726]
[13.585341]
[13.49144]
[13.258827]
[13.178772]
[13.139697]
[13.200454]
[13.066847]
[13.045765]
[13.057919]
[13.080094]
[13.06709]
[12.6765]
[12.783962]
[12.651291]
[12.418546]
[12.640114]
[12.675435]
[12.581646]
[12.508587]
[12.4677515]
[12.383639]
[12.5769825]
[12.809906]
[12.917237]
[13.052881]
[13.046763]
[13.3586]
[13.982294]
[14.622647]
[15.74885]
[34.145382]
[24.908726]
[29.311258]
[13.339946]
[12.024136]
[12.993234]
[13.608575]
[14.405491]
[14.795167]
[14.883859]
[14.867984]
[14.75753]
[14.881629]
[14.57251]
[14.514678]
[14.657465]
[14.654442]
[15.129297]
[14.599443]
[14.529442]
[14.417492]
[14.544957]
[13.915824]
[14.332872]
[12.863627]
[12.458427]
[11.967076]
[12.178148]
[12.383309]
[13.160787]
[12.555895]
[12.216151]
[12.002974]
[12.039557]
[11.903925]
[11.71782]
[11.995153]
[11.797435]
[11.843193]
[11.685137]
[11.725795]
[11.636529]
[11.59473]
[11.483897]
[11.488193]
[11.56669]
[12.184325]
[12.610116]
[12.941278]
[12.524759]
[11.934174]
[12.040954]
[11.599988]
[11.702027]
[11.58122]
[10.498621]
[10.20688]
[9.353593]
[9.418704]
[9.60276]
[9.493758]
[9.624726]
[9.464485]
[9.632713]
[9.475926]
[9.511532]
[9.615962]
[9.410974]
[9.620226]
[9.482521]
[9.60607]
[9.550766]
[9.6260395]
[9.5548115]
[9.599938]
[9.519063]
[9.588289]
[9.506488]
[9.549141]
[9.557543]
[9.628525]
[9.555443]
[9.525437]
[9.613238]
[9.461022]
[9.129825]
[9.027012]
[8.980505]
[8.748213]
[8.63042]
[8.676255]
[8.7676525]
[8.762186]
[8.773414]
[8.556938]
[8.503761]
[8.21701]
[8.89003]
[8.947924]
[8.933818]
[8.837221]
[8.7817955]
[8.767827]
[8.750375]
[8.676978]
[8.801692]
[8.694144]
[8.736599]
[8.806508]
[8.646917]
[8.5956745]
[8.667562]
[8.8245]
[8.577998]
[8.797146]
[8.765816]
[8.41334]
[8.289276]
[8.213624]
[8.1979265]
[8.085851]
[8.159476]
[8.224831]
[8.209256]
[8.128695]
[8.217999]
[8.1867695]
[8.216655]
[8.230708]
[8.270702]
[8.182408]
[8.256228]
[8.246366]
[8.313893]
[8.2839575]
[8.248069]
[8.388587]
[8.331863]
[8.346854]
[8.377997]
[8.443522]
[8.362769]
[8.423583]
[8.3283825]
[8.368494]
[8.408272]
[7.124803]
[6.9146967]
[6.8308806]
[6.3621297]
[6.3995333]
[6.297996]
[6.3829293]
[6.376315]
[6.3371024]
[6.393536]
[6.395369]
[6.411376]
[6.4002976]
[6.414018]
[6.483396]
[6.4717364]
[6.4413567]
[6.562882]
[6.4875355]
[6.475009]
[6.542877]
[6.5447664]
[6.5720086]
[6.5761695]
[6.597182]
[6.6034956]
[6.6097856]
[6.615703]
[6.633336]
[6.7087073]
[6.6356473]
[6.7348733]
[7.0428615]
[7.0596395]
[10.450447]
[7.4908104]
[8.521994]
[8.808758]
[7.297637]
[7.02202]
[6.9962044]
[6.9694324]
[7.1941447]
[6.9602323]
[7.1221323]
[6.907769]
[7.0516763]
[6.8423185]
[8.787764]
[7.3075447]
[6.9284616]
[6.8872614]
[6.846511]
[6.805765]
[6.764948]
[6.542393]
[6.6422615]
[6.6287003]
[8.409516]
[6.6747694]
[6.3715744]
[6.460388]
[6.313227]
[6.2817044]
[6.353878]
[6.228007]
[6.283564]
[6.2479596]
[6.177535]
[6.174031]
[6.0976715]
[6.0362253]
[6.0113854]
[6.0293765]
[5.971065]
[5.963217]
[5.904691]
[5.8983617]
[5.8763375]
[5.8223944]
[5.749745]
[5.7947545]
[5.72954]
[5.703972]
[5.70241]
[5.620884]
[5.6400056]
[5.635294]
[5.5392904]
[5.6671143]
[8.684086]
[8.719948]
[9.156913]
[8.80088]
[9.145461]
[9.227449]
[9.205812]
[9.182949]
[9.8045]
[9.295238]
[9.788727]
[9.280546]
[9.77344]
[9.266603]
[9.7606535]
[9.877233]
[9.305741]
[9.276971]
[9.269109]
[9.298936]
[9.341143]
[9.362639]
[9.327857]
[9.762877]
[9.499778]
[10.063594]
[9.811989]
[9.482875]
[10.25984]
[10.2509165]
[10.231823]
[11.827288]
[11.97253]
[11.889828]
[12.310264]
[11.789666]
[12.125424]
[12.586486]
[12.543324]
[15.253789]
[16.389193]
[14.924951]
[11.828326]
[11.825501]
[11.7758]
[12.12118]
[14.475712]
[12.267478]
[11.768437]
[11.682261]
[11.866728]
[11.149102]
[10.923819]
[11.19304]
[11.642362]
[11.89876]
[12.013233]
[11.792834]
[11.232037]
[11.422392]
[11.302773]
[12.11698]
[12.416036]
[12.607475]
[12.779787]
[12.445168]
[12.552491]
[12.304597]
[12.556288]
[13.1573715]
[14.821557]
[18.788958]
[23.696938]
[6.6309366]
[15.88775]
[13.233861]
[15.224167]
[15.8082905]
[15.7729645]
[15.65076]
[15.609835]
[15.528376]
[15.35824]
[15.223661]
[14.947472]
[15.376361]
[16.275293]
[16.604403]
[16.756763]
[16.622131]
[16.480873]
[16.731817]
[16.676321]
[16.949394]
[16.349743]
[20.330553]
[14.753352]
[16.618063]
[16.06331]
[15.882315]
[16.59028]
[16.538689]
[15.423854]
[15.732897]
[16.251284]
[15.701639]
[16.325516]
[16.773354]
[16.514093]
[16.253437]
[16.51877]
[16.483078]
[16.364567]
[16.2633]
[16.411274]
[17.308413]
[17.666304]
[16.366514]
[15.853706]
[15.978494]
[15.8811245]
[15.876904]
[15.511887]
[15.965969]
[16.026201]
[16.77923]
[16.73359]
[16.016167]
[15.873228]
[15.860048]
[15.599229]
[16.056488]
[15.932472]
[16.347778]
[22.460558]
[23.574623]
[16.854094]
[23.811327]
[24.232265]
[20.953178]
[20.414465]
[19.151611]
[4.0782456]
[14.034656]
[16.53653]
[16.361755]
[19.716309]
[37.308865]
[43.468014]
[51.762405]
[53.842216]
[43.481125]
[35.97527]
[52.880005]
[63.080833]
[61.193607]
[61.464314]
[52.942207]
[70.97149]
[84.21419]
[91.45044]
[119.391014]
[108.0007]
[115.24274]
[100.16856]
[94.07348]
[92.50221]
[94.48482]
[91.22061]
[88.709465]
[85.84502]
[83.98163]
[70.21379]
[69.829185]
[84.63531]
[84.46114]
[84.494286]
[86.856964]
[80.002815]
[81.382744]
[105.37389]
[115.65257]
[132.36879]
[131.54024]
[124.68122]
[124.374855]
[127.41409]
[124.0025]
[97.02575]
[97.868904]
[93.727715]
[91.80917]
[90.611626]
[60.05252]
[49.323475]
[59.47334]
[55.15863]
[52.067875]
[40.874825]
[21.869892]
[18.32568]
[18.808138]
[30.989492]
[46.373413]
[41.71686]
[43.763344]
[35.585888]
[18.917307]
[14.508068]
[27.913513]
[17.966059]
[15.345528]
[14.543537]
[12.471588]
[11.689389]
[11.862834]
[14.181336]
[14.326533]
[13.332613]
[12.313792]
[13.240639]
[11.298245]
[10.901419]
[12.046164]
[11.985398]
[11.302335]
[11.805665]
[12.03948]
[12.312995]
[12.630778]
[14.8756275]
[15.582322]
[12.372076]
[11.814589]
[12.367604]
[12.644064]
[12.605113]
[11.921514]
[12.141563]
[12.1389]
[11.511613]
[11.902748]
[10.4727]
[9.306594]
[10.409534]
[11.337347]
[13.492202]
[13.794642]
[16.879381]
[12.832458]
[12.119513]
[12.445347]
[10.790424]
[9.423627]
[10.841954]
[18.405373]
[10.709988]
[8.681401]
[9.977736]
[10.125107]
[14.335544]
[14.160494]
[12.798162]
[10.093328]
[10.616732]
[24.775433]
[30.466053]
[29.386814]
[27.98773]
[21.853004]
[13.130937]
[9.274138]
[8.765949]
[7.0081863]
[6.280758]
[6.1070037]
[5.906825]
[5.475024]
[5.4417377]
[5.577465]
[5.724436]
[5.437172]
[5.3823185]
[5.4365454]
[5.326875]
[5.3292055][10.25]
[9.45]
[13.02]
[10.69]
[5.31]
[5.25]
[5.26]
[5.31]
[5.31]
[5.3]
[5.29]
[5.3]
[9.25]
[9.31]
[9.28]
[9.29]
[9.27]
[9.26]
[9.25]
[9.26]
[9.26]
[9.27]
[9.25]
[9.25]
[9.32]
[9.28]
[9.26]
[9.22]
[9.21]
[9.23]
[9.23]
[9.06]
[9.24]
[9.25]
[9.24]
[9.29]
[9.55]
[9.28]
[9.27]
[9.27]
[9.25]
[9.24]
[9.28]
[12.21]
[12.29]
[12.32]
[12.27]
[12.3]
[12.29]
[12.25]
[12.25]
[12.25]
[12.29]
[12.3]
[12.3]
[12.31]
[12.36]
[12.34]
[12.35]
[12.36]
[12.37]
[12.39]
[12.39]
[12.4]
[12.36]
[12.39]
[12.4]
[12.41]
[12.52]
[12.25]
[12.25]
[12.03]
[12.31]
[26.75]
[15.2]
[15.05]
[15.12]
[15.03]
[15.09]
[15.17]
[15.22]
[15.41]
[15.4]
[15.43]
[15.24]
[15.14]
[15.08]
[15.29]
[15.3]
[15.23]
[15.22]
[15.17]
[15.21]
[15.24]
[15.21]
[15.26]
[15.09]
[15.03]
[14.94]
[15.09]
[15.28]
[15.3]
[15.52]
[15.38]
[15.46]
[15.26]
[15.55]
[15.54]
[15.27]
[22.36]
[17.87]
[15.85]
[42.75]
[82.22]
[94.05]
[93.25]
[90.97]
[55.68]
[49.63]
[58.09]
[56.67]
[54.59]
[53.59]
[58.05]
[53.08]
[41.74]
[57.88]
[58.89]
[56.17]
[56.45]
[59.98]
[24.57]
[23.68]
[48.95]
[58.59]
[52.66]
[61.65]
[55.39]
[15.63]
[15.57]
[49.45]
[48.02]
[57.5]
[95.04]
[91.35]
[127.12]
[159.08]
[215.85]
[192.9]
[144.63]
[136.75]
[131.02]
[99.64]
[86.83]
[129.19]
[131.03]
[129.73]
[130.49]
[130.52]
[92.3]
[87.76]
[90.33]
[91.84]
[90.24]
[92.4]
[96.82]
[52.74]
[45.22]
[55.96]
[60.38]
[51.61]
[55.5]
[62.81]
[54.04]
[56.12]
[53.08]
[60.33]
[38.11]
[64.66]
[62.07]
[50.21]
[45.53]
[67.12]
[58.52]
[53.52]
[50.52]
[53.77]
[41.06]
[38.17]
[35.45]
[50.08]
[57.71]
[43.73]
[61.41]
[54.5]
[42.43]
[96.98]
[93.31]
[95.73]
[93.08]
[91.61]
[94.94]
[85.74]
[88.4]
[98.74]
[90.94]
[95.37]
[98.5]
[45.13]
[47.61]
[67.66]
[39.1]
[71.69]
[37.29]
[69.59]
[19.53]
[12.7]
[49.99]
[27.12]
[31.05]
[19.21]
[28.46]
[14.31]
[9.94]
[17.83]
[28.86]
[44.83]
[46.46]
[52.06]
[24.01]
[9.42]
[50.97]
[57.23]
[44.2]
[37.8]
[12.15]
[9.41]
[10.47]
[20.43]
[33.31]
[48.25]
[44.01]
[55.45]
[12.7]
[10.36]
[51.64]
[50.92]
[50.38]
[49.93]
[49.1]
[13.79]
[10.13]
[29.22]
[34.2]
[23.2]
[39.35]
[38.77]
[14.08]
[10.2]
[32.49]
[35.58]
[33.86]
[32.24]
[29.9]
[23.23]
[16.87]
[24.9]
[28.37]
[17.49]
[16.74]
[47.53]
[16.06]
[15.03]
[32.65]
[36.66]
[33.79]
[32.62]
[31.6]
[12.79]
[8.68]
[29.3]
[28.48]
[33.01]
[32.79]
[29.71]
[12.11]
[7.79]
[7.39]
[5.3]
[5.33]
[5.36]
[5.41]
[5.44]
[5.46]
[5.48]
[5.51]
[5.52]
[5.54]
[5.55]
[5.56]
[5.57]
[5.58]
[5.41]
[5.59]
[5.59]
[5.59]
[5.59]
[5.59]
[5.59]
[5.52]
[9.82]
[15.53]
[16.95]
[20.82]
[11.7]
[14.18]
[15.4]
[23.39]
[19.41]
[16.47]
[11.42]
[6.71]
[12.54]
[12.67]
[10.63]
[11.37]
[12.05]
[14.44]
[14.47]
[12.32]
[14.46]
[13.82]
[14.57]
[14.58]
[8.47]
[14.78]
[14.81]
[14.47]
[5.31]
[5.31]
[5.29]
[6.65]
[12.03]
[10.97]
[11.68]
[7.09]
[5.32]
[5.32]
[5.33]
[5.32]
[5.32]
[7.66]
[5.32]
[5.32]
[5.32]
[5.29]
[5.21]
[5.09]
[5.1]
[5.1]
[5.1]
[5.11]
[5.11]
[5.1]
[5.12]
[5.22]
[5.48]
[5.49]
[5.27]
[5.12]
[5.13]
[5.12]
[5.12]
[5.11]
[5.16]
[8.76]
[8.76]
[8.94]
[8.95]
[8.95]
[10.8]
[10.34]
[8.93]
[12.82]
[12.41]
[9.78]
[12.71]
[13.05]
[9.78]
[9.61]
[13.47]
[13.71]
[13.82]
[13.8]
[20.11]
[12.1]
[10.21]
[15.44]
[19.36]
[24.22]
[16.35]
[13.82]
[12.91]
[11.05]
[11.21]
[12.63]
[12.73]
[13.93]
[14.]
[12.75]
[12.72]
[14.06]
[13.64]
[13.18]
[14.13]
[14.47]
[12.97]
[12.08]
[13.53]
[13.92]
[14.]
[14.03]
[13.47]
[12.53]
[12.61]
[12.89]
[13.87]
[13.64]
[12.29]
[13.75]
[12.77]
[12.77]
[13.97]
[13.97]
[12.95]
[15.58]
[14.78]
[14.97]
[14.82]
[14.67]
[14.69]
[14.7]
[14.81]
[14.7]
[17.5]
[18.04]
[19.37]
[14.58]
[14.62]
[14.69]
[14.75]
[14.6]
[14.39]
[14.42]
[14.49]
[14.55]
[14.59]
[14.62]
[14.6]
[14.31]
[14.23]
[14.12]
[14.15]
[14.3]
[14.52]
[14.49]
[14.43]
[14.23]
[14.17]
[14.28]
[14.37]
[14.29]
[14.2]
[14.09]
[14.11]
[14.23]
[14.04]
[14.13]
[14.15]
[14.07]
[14.02]
[13.88]
[13.88]
[13.78]
[13.82]
[13.92]
[14.08]
[13.97]
[13.86]
[13.82]
[13.83]
[13.99]
[14.01]
[13.84]
[13.78]
[13.71]
[13.96]
[14.1]
[13.99]
[13.72]
[16.98]
[13.92]
[13.67]
[13.53]
[13.42]
[13.41]
[13.36]
[14.17]
[14.52]
[14.48]
[14.44]
[14.41]
[14.38]
[14.37]
[14.35]
[14.34]
[14.31]
[15.25]
[14.32]
[14.31]
[14.29]
[14.29]
[14.58]
[14.56]
[12.15]
[11.95]
[11.88]
[11.87]
[11.82]
[13.39]
[11.95]
[11.94]
[11.89]
[11.86]
[11.86]
[11.84]
[11.83]
[11.81]
[11.86]
[11.86]
[11.8]
[11.8]
[11.79]
[11.78]
[11.77]
[11.96]
[11.94]
[11.9]
[11.85]
[11.35]
[11.83]
[11.8]
[12.]
[12.06]
[12.03]
[9.66]
[9.6]
[9.59]
[9.63]
[9.74]
[9.73]
[9.68]
[9.68]
[9.7]
[9.68]
[9.68]
[9.67]
[9.67]
[9.73]
[9.77]
[9.75]
[9.77]
[9.77]
[9.77]
[9.74]
[9.74]
[9.73]
[9.72]
[9.75]
[9.75]
[9.79]
[9.77]
[9.77]
[9.78]
[9.77]
[9.09]
[9.09]
[8.91]
[8.69]
[8.69]
[8.66]
[8.69]
[8.7]
[8.7]
[8.66]
[8.67]
[8.77]
[8.78]
[8.78]
[8.77]
[8.78]
[8.77]
[8.74]
[8.74]
[8.77]
[8.77]
[8.77]
[8.76]
[8.77]
[8.76]
[8.77]
[8.77]
[8.76]
[8.76]
[8.77]
[8.71]
[8.26]
[8.23]
[8.06]
[8.02]
[8.01]
[8.04]
[8.06]
[8.04]
[8.05]
[8.06]
[8.05]
[8.05]
[8.07]
[8.07]
[8.06]
[8.04]
[8.08]
[8.07]
[8.07]
[8.03]
[8.1]
[8.09]
[8.1]
[8.11]
[8.1]
[8.11]
[8.12]
[8.11]
[8.11]
[8.13]
[6.13]
[6.11]
[5.91]
[5.29]
[5.35]
[5.29]
[5.31]
[5.3]
[5.3]
[5.3]
[5.31]
[5.3]
[5.27]
[5.29]
[5.29]
[5.29]
[5.3]
[5.3]
[5.34]
[5.31]
[5.31]
[5.32]
[5.32]
[5.31]
[5.33]
[5.32]
[5.32]
[5.31]
[5.33]
[5.32]
[5.34]
[5.34]
[5.89]
[5.74]
[5.51]
[5.5]
[7.49]
[7.16]
[5.55]
[5.56]
[5.48]
[5.43]
[5.41]
[5.42]
[5.48]
[5.44]
[5.44]
[5.44]
[7.99]
[5.37]
[5.4]
[5.41]
[5.38]
[5.38]
[5.39]
[5.38]
[5.38]
[5.43]
[5.4]
[5.41]
[5.42]
[5.41]
[5.41]
[5.41]
[5.41]
[5.42]
[5.44]
[5.44]
[5.45]
[5.47]
[5.47]
[5.4]
[5.42]
[5.44]
[5.46]
[5.47]
[5.46]
[5.46]
[5.47]
[5.47]
[5.42]
[5.48]
[5.49]
[5.48]
[5.46]
[5.46]
[5.5]
[5.51]
[5.48]
[5.46]
[9.04]
[9.13]
[9.13]
[9.16]
[9.17]
[9.17]
[9.19]
[9.21]
[9.24]
[9.24]
[9.22]
[9.2]
[9.27]
[9.28]
[9.28]
[9.29]
[9.32]
[9.33]
[9.33]
[9.34]
[9.36]
[9.37]
[9.38]
[9.41]
[9.41]
[9.41]
[9.41]
[9.42]
[9.83]
[9.49]
[9.52]
[12.18]
[12.29]
[12.29]
[12.33]
[12.37]
[12.42]
[12.45]
[12.39]
[15.27]
[16.55]
[14.11]
[12.06]
[12.15]
[12.22]
[12.2]
[14.89]
[12.24]
[12.29]
[12.3]
[12.82]
[12.19]
[12.16]
[12.29]
[12.32]
[12.3]
[12.41]
[12.47]
[12.46]
[12.66]
[12.65]
[14.68]
[15.59]
[15.66]
[15.62]
[15.61]
[15.62]
[15.55]
[15.55]
[15.53]
[15.48]
[15.58]
[15.63]
[15.67]
[15.73]
[15.76]
[15.69]
[15.74]
[15.74]
[15.7]
[15.75]
[15.81]
[15.74]
[15.69]
[15.67]
[15.67]
[15.69]
[15.71]
[15.78]
[15.82]
[15.85]
[15.84]
[15.82]
[15.81]
[15.68]
[15.65]
[15.45]
[15.76]
[15.72]
[15.72]
[15.72]
[15.86]
[15.62]
[15.55]
[15.84]
[15.47]
[15.85]
[15.91]
[15.89]
[15.6]
[15.96]
[15.99]
[15.84]
[15.77]
[15.99]
[15.57]
[15.56]
[15.78]
[15.69]
[15.67]
[15.63]
[15.75]
[15.5]
[15.92]
[15.96]
[15.99]
[16.2]
[15.99]
[15.99]
[15.96]
[15.93]
[15.94]
[15.96]
[15.89]
[15.75]
[15.57]
[14.85]
[16.98]
[17.18]
[17.15]
[16.64]
[16.94]
[16.89]
[16.85]
[16.85]
[16.82]
[22.09]
[48.14]
[54.09]
[52.25]
[50.82]
[26.21]
[24.32]
[46.38]
[54.6]
[55.32]
[58.59]
[42.22]
[59.61]
[52.27]
[91.07]
[134.99]
[99.13]
[93.08]
[89.49]
[90.15]
[90.7]
[92.91]
[90.54]
[92.41]
[91.17]
[89.85]
[54.37]
[55.31]
[91.98]
[89.63]
[92.51]
[92.65]
[53.92]
[58.15]
[118.86]
[121.02]
[128.01]
[129.11]
[130.04]
[130.07]
[129.96]
[130.52]
[93.73]
[94.19]
[93.43]
[94.32]
[94.03]
[49.04]
[42.92]
[63.69]
[56.03]
[54.7]
[38.34]
[11.79]
[11.72]
[12.96]
[33.11]
[57.23]
[47.44]
[52.93]
[38.46]
[13.38]
[10.84]
[32.12]
[12.86]
[13.04]
[11.96]
[9.06]
[9.09]
[9.87]
[13.99]
[13.87]
[12.77]
[11.54]
[13.62]
[10.08]
[9.89]
[11.66]
[11.41]
[10.97]
[12.27]
[12.58]
[13.52]
[14.11]
[18.19]
[19.12]
[13.6]
[13.55]
[13.48]
[13.43]
[13.64]
[13.07]
[13.76]
[13.75]
[12.85]
[13.71]
[11.22]
[9.92]
[11.7]
[12.05]
[15.5]
[15.5]
[20.41]
[11.86]
[11.21]
[12.16]
[10.03]
[8.58]
[11.93]
[24.96]
[9.81]
[9.12]
[11.89]
[11.97]
[19.72]
[18.14]
[16.04]
[11.71]
[13.74]
[39.18]
[46.43]
[42.22]
[40.7]
[29.17]
[11.6]
[7.7]
[7.77]
[5.18]
[5.21]
[5.24]
[5.27]
[5.28]
[5.29]
[5.31]
[5.33]
[5.34]
[5.35]
[5.36]
[5.37]
[5.38]
[5.39]