0.890458681801917, 0.9032520519993931, -9.146404232028834, 201.47043685380808[14.788493]
[11.223796]
[9.864903]
[12.533399]
[11.068605]
[6.7479134]
[6.2384553]
[6.3102994]
[6.4085402]
[6.3273425]
[6.3484774]
[6.3015575]
[6.2607045]
[9.176953]
[9.616356]
[9.620231]
[9.514689]
[9.229576]
[9.449127]
[12.414043]
[12.094894]
[10.499931]
[10.184467]
[9.998939]
[9.984389]
[9.937139]
[9.92311]
[9.935719]
[9.878978]
[9.799713]
[9.76987]
[9.647607]
[9.686447]
[10.0060625]
[9.875857]
[9.848445]
[9.993885]
[9.879818]
[14.240237]
[10.87059]
[9.767936]
[10.153752]
[10.8638315]
[10.950401]
[12.879016]
[13.020609]
[12.883971]
[12.814004]
[12.744516]
[12.681023]
[13.327507]
[13.353763]
[13.085591]
[12.929182]
[12.993273]
[12.817212]
[12.827738]
[12.904711]
[12.878284]
[12.802936]
[12.81875]
[12.861747]
[12.82693]
[12.767509]
[12.82338]
[12.587439]
[12.770825]
[13.416976]
[13.266473]
[13.1296015]
[16.451252]
[10.016296]
[12.220776]
[12.890705]
[38.968563]
[19.267914]
[15.09799]
[15.246621]
[15.119474]
[15.131554]
[15.225136]
[15.419665]
[15.47419]
[15.405321]
[15.544384]
[15.310328]
[15.1131]
[15.224305]
[15.594494]
[15.471078]
[15.299975]
[15.095666]
[15.509009]
[15.882224]
[15.471127]
[15.441169]
[15.634288]
[15.4226]
[15.334699]
[14.82663]
[14.788151]
[15.561576]
[15.36657]
[15.3377285]
[15.590044]
[15.917755]
[21.009624]
[24.491173]
[23.482584]
[39.431732]
[52.161514]
[39.54729]
[69.74019]
[71.01243]
[87.22208]
[100.74538]
[131.85376]
[92.94084]
[77.2678]
[64.56642]
[66.514465]
[63.97445]
[59.79476]
[55.99975]
[57.065605]
[53.55114]
[45.68568]
[53.405445]
[55.308628]
[52.95165]
[53.907463]
[56.337444]
[36.7868]
[33.73582]
[47.187477]
[52.892567]
[48.861294]
[52.434864]
[48.322025]
[26.905365]
[28.87041]
[50.174133]
[53.99057]
[74.226555]
[100.665665]
[137.94324]
[154.5031]
[166.89322]
[201.45613]
[170.61606]
[151.69423]
[138.25333]
[126.875175]
[108.16751]
[91.86076]
[115.91025]
[119.526436]
[120.8278]
[123.208084]
[127.52575]
[104.157585]
[96.69219]
[94.51845]
[96.72987]
[93.19314]
[92.82484]
[96.35243]
[72.29329]
[66.7401]
[74.68736]
[74.90005]
[73.25504]
[71.33261]
[74.49135]
[65.94089]
[63.164577]
[59.48203]
[61.360718]
[48.332912]
[59.753635]
[59.912605]
[53.80195]
[51.227886]
[61.488827]
[56.21167]
[50.936756]
[47.87597]
[49.304665]
[45.855946]
[47.138855]
[51.11646]
[65.19222]
[69.73055]
[64.167595]
[69.39877]
[63.16938]
[60.522236]
[96.35175]
[96.0854]
[95.402115]
[88.58056]
[84.520325]
[85.48209]
[82.25749]
[86.62529]
[95.523735]
[92.50178]
[97.54863]
[99.56116]
[71.41982]
[69.44939]
[77.26605]
[62.46256]
[76.47264]
[56.2511]
[69.23962]
[42.914284]
[32.8216]
[52.916447]
[42.22939]
[41.23792]
[33.959324]
[37.57564]
[28.644566]
[22.011038]
[28.10304]
[34.76526]
[41.879715]
[42.58748]
[46.23033]
[35.42763]
[23.351645]
[48.180264]
[52.779453]
[45.88763]
[43.478893]
[29.211525]
[25.87741]
[26.585888]
[33.305584]
[38.53035]
[44.275852]
[42.4062]
[46.676632]
[25.593014]
[19.468815]
[44.26651]
[44.50633]
[44.02725]
[43.309273]
[41.918808]
[25.347569]
[19.813232]
[35.817833]
[38.031372]
[30.892637]
[37.042904]
[36.63193]
[21.917147]
[15.495459]
[31.145973]
[33.687714]
[32.03324]
[30.695675]
[28.83661]
[24.585505]
[19.588089]
[25.098799]
[28.052269]
[22.205954]
[22.765696]
[42.809784]
[26.551111]
[20.691765]
[30.997656]
[33.332703]
[31.337603]
[30.192865]
[28.681921]
[16.553535]
[10.5174885]
[25.894508]
[25.78347]
[27.975975]
[28.397425]
[26.821444]
[14.849702]
[9.352197]
[8.837077]
[7.3247705]
[7.056564]
[7.208541]
[7.188862]
[7.4979053]
[7.319208]
[7.047177]
[7.076795]
[6.9600244]
[7.063877]
[6.9087]
[6.889102]
[6.778528]
[6.7850347]
[6.6672244]
[6.725456]
[6.703397]
[6.6017747]
[6.6017747]
[6.6017747]
[6.6017747]
[6.5128784]
[9.422073]
[16.457794]
[16.213293]
[18.424828]
[12.290326]
[13.2109375]
[14.518323]
[20.029966]
[18.198755]
[15.8020525]
[11.706168]
[7.6740437]
[11.5339]
[12.376652]
[10.624817]
[10.987548]
[11.656387]
[13.58125]
[13.9102955]
[12.276378]
[13.601228]
[22.138876]
[15.391312]
[14.115631]
[9.478771]
[13.826327]
[14.61288]
[14.059535]
[7.0760746]
[6.303781]
[6.3939023]
[7.348967]
[11.5149555]
[11.487345]
[11.603568]
[8.090649]
[6.3874826]
[6.312563]
[6.364539]
[6.388371]
[6.340892]
[7.9447317]
[6.619027]
[6.2717795]
[6.3209825]
[6.344209]
[6.2495117]
[6.065082]
[6.1834164]
[6.843529]
[6.696187]
[6.552681]
[6.5008965]
[6.308645]
[6.3214407]
[6.4133916]
[6.5760665]
[6.530365]
[6.3399186]
[6.3798633]
[6.5202274]
[6.2541428]
[6.344555]
[6.3404365]
[6.3988147]
[8.9482565]
[9.313247]
[15.364942]
[10.31468]
[9.488849]
[11.056529]
[10.808319]
[9.517004]
[13.522607]
[12.742778]
[10.384354]
[12.488194]
[13.17425]
[10.519704]
[10.035117]
[13.206187]
[14.022543]
[14.106019]
[13.965786]
[19.573719]
[13.40412]
[10.584522]
[14.879254]
[19.133135]
[22.5751]
[16.934149]
[14.118315]
[13.210832]
[11.609632]
[11.663857]
[12.8269825]
[12.988841]
[13.872499]
[14.0755625]
[13.088672]
[12.965709]
[14.079082]
[13.793728]
[13.254888]
[14.226065]
[14.597049]
[13.265512]
[12.397298]
[13.61666]
[14.111367]
[14.05109]
[14.036532]
[13.53538]
[12.672473]
[12.278181]
[12.059676]
[13.950357]
[14.3134]
[12.302541]
[12.877379]
[13.386496]
[13.62198]
[14.195501]
[14.1350155]
[13.181552]
[15.245869]
[14.864511]
[14.768995]
[14.674151]
[14.60696]
[14.627625]
[14.493579]
[14.611793]
[14.566105]
[16.74994]
[19.627272]
[18.706074]
[14.693354]
[14.076051]
[14.233206]
[14.485074]
[14.420446]
[14.603331]
[14.651526]
[14.674351]
[14.724648]
[14.730696]
[14.75277]
[14.723922]
[14.490951]
[14.366581]
[14.268024]
[14.258537]
[14.368349]
[14.523955]
[14.4282255]
[14.361965]
[14.2178545]
[14.225351]
[14.168324]
[14.231476]
[14.18666]
[13.980417]
[13.867186]
[13.842472]
[13.916673]
[13.809916]
[13.817566]
[13.929564]
[14.0632515]
[13.993524]
[13.740269]
[13.857344]
[13.696203]
[13.56889]
[13.794565]
[13.896467]
[13.773678]
[13.702348]
[13.635943]
[13.56591]
[13.546031]
[13.667655]
[13.613485]
[13.581746]
[13.608079]
[13.750313]
[14.240754]
[14.424197]
[14.023913]
[4.941992]
[6.176912]
[11.803283]
[14.041776]
[11.596652]
[14.980098]
[15.570278]
[15.767233]
[15.711662]
[15.423976]
[15.114311]
[14.919574]
[14.486705]
[14.366113]
[14.168385]
[14.179955]
[14.323982]
[15.062394]
[14.143202]
[14.087455]
[14.067333]
[14.231145]
[13.689996]
[13.943113]
[12.112922]
[11.826925]
[11.784621]
[11.717305]
[12.006121]
[13.659918]
[12.490795]
[12.52166]
[12.367027]
[12.355372]
[12.351704]
[11.826472]
[12.081586]
[12.397199]
[12.469597]
[12.343314]
[12.263723]
[12.3417845]
[12.355915]
[12.161818]
[11.785537]
[11.852269]
[12.40734]
[13.169715]
[13.583019]
[14.655923]
[13.046499]
[13.33172]
[13.5784645]
[13.248798]
[12.740347]
[10.893686]
[11.52353]
[11.844625]
[11.220638]
[11.298591]
[11.172121]
[11.136003]
[11.071639]
[11.050879]
[10.978044]
[10.796047]
[10.929345]
[10.796329]
[10.811394]
[10.837775]
[10.742243]
[10.827156]
[10.808362]
[10.796929]
[10.745784]
[10.723]
[10.693394]
[10.661752]
[10.60012]
[10.602719]
[10.692534]
[10.663668]
[10.515438]
[10.601659]
[10.539604]
[10.006578]
[10.088119]
[9.968139]
[9.771426]
[9.517949]
[9.5149765]
[9.76914]
[9.816295]
[9.778027]
[9.463472]
[9.180592]
[9.145581]
[9.861573]
[11.25864]
[10.726125]
[10.441083]
[10.151542]
[9.987844]
[9.929866]
[9.786454]
[9.829114]
[9.879927]
[9.699687]
[9.809118]
[9.712853]
[9.339572]
[9.448791]
[9.932597]
[9.81759]
[9.816098]
[10.108832]
[9.623347]
[9.345118]
[9.096579]
[9.095886]
[8.998099]
[8.949533]
[9.106362]
[9.133307]
[8.975343]
[8.966658]
[9.03339]
[8.9490595]
[8.959677]
[9.015713]
[8.943117]
[8.919324]
[9.005887]
[8.974469]
[8.964563]
[8.797747]
[8.981878]
[9.025009]
[8.814422]
[8.843089]
[8.988339]
[8.913515]
[8.864682]
[8.815302]
[8.857213]
[9.033271]
[7.591142]
[7.4291534]
[7.344659]
[6.7676377]
[6.70846]
[6.6319823]
[6.644874]
[6.6966834]
[6.5556536]
[6.6400704]
[6.704441]
[6.618715]
[6.6026573]
[6.6110053]
[6.6773386]
[6.654899]
[6.5207405]
[6.674041]
[6.66804]
[6.4656725]
[6.634759]
[6.6922584]
[6.617643]
[6.614867]
[6.6298604]
[6.628358]
[6.6288853]
[6.6268606]
[6.637822]
[6.706982]
[6.6282673]
[6.650077]
[7.048043]
[6.9550233]
[10.96186]
[7.3025765]
[8.584183]
[8.933289]
[7.029778]
[6.799199]
[6.7997565]
[6.7603254]
[7.1188426]
[6.783255]
[7.069495]
[6.795422]
[7.063753]
[6.798388]
[9.148945]
[7.3740435]
[7.073201]
[7.0520706]
[7.0311465]
[7.0104156]
[6.9896297]
[6.7315135]
[6.926739]
[6.6322474]
[8.952478]
[7.0638456]
[6.6736608]
[6.8720922]
[6.695916]
[6.6363525]
[6.820817]
[6.666367]
[6.7501025]
[6.7788525]
[6.6080837]
[6.6968126]
[6.6359253]
[6.5354905]
[6.5729094]
[6.6638665]
[6.5808296]
[6.5933437]
[6.557145]
[6.5010448]
[6.5404315]
[6.569095]
[6.4785185]
[6.467072]
[6.528451]
[6.4862475]
[6.4270697]
[6.479399]
[6.4583244]
[6.441716]
[6.453587]
[6.357998]
[9.715283]
[9.596249]
[10.016362]
[9.541842]
[9.943892]
[10.017553]
[9.927687]
[9.880346]
[10.54758]
[9.881258]
[10.45465]
[9.789821]
[10.361784]
[9.698401]
[10.270619]
[10.461383]
[9.838329]
[9.837832]
[9.989509]
[10.004888]
[10.0172615]
[10.014771]
[10.008378]
[10.366276]
[10.045343]
[10.588835]
[10.333631]
[10.031967]
[10.82648]
[10.859514]
[10.790918]
[12.373538]
[12.507416]
[12.435046]
[12.881776]
[12.353962]
[12.729155]
[13.223582]
[13.202821]
[15.901046]
[17.421076]
[15.749538]
[12.60579]
[12.6181755]
[12.606048]
[13.022638]
[16.03341]
[13.40984]
[12.896638]
[12.837184]
[13.139203]
[12.217234]
[11.972202]
[11.997132]
[12.180273]
[12.205384]
[12.512514]
[12.393639]
[12.162654]
[12.363702]
[12.398858]
[13.760922]
[14.600599]
[15.029911]
[15.22001]
[14.845654]
[14.830164]
[14.530837]
[14.52464]
[14.87946]
[13.677354]
[14.982042]
[18.51139]
[15.877626]
[14.956703]
[11.60277]
[14.852772]
[15.725941]
[15.86265]
[15.923709]
[15.915482]
[15.88844]
[15.819147]
[15.728518]
[15.656877]
[15.664616]
[14.585615]
[14.064755]
[14.081539]
[14.178814]
[14.353]
[14.578932]
[14.281444]
[14.61198]
[16.002636]
[15.356151]
[15.41725]
[16.303873]
[16.3166]
[17.195196]
[18.682304]
[19.200918]
[17.398088]
[18.710526]
[18.731472]
[18.107115]
[19.218676]
[18.889004]
[18.581509]
[18.021994]
[17.918852]
[17.757845]
[17.43789]
[17.226501]
[17.206743]
[17.719791]
[19.292166]
[18.17956]
[17.888891]
[16.986197]
[16.30173]
[15.9718485]
[15.67192]
[15.926822]
[16.150087]
[16.908445]
[16.943996]
[17.082146]
[16.65682]
[16.474133]
[16.445936]
[16.641361]
[16.914412]
[17.141075]
[25.392675]
[26.442232]
[19.932178]
[30.930664]
[30.24171]
[25.709106]
[28.298212]
[24.676825]
[5.1423426]
[19.665464]
[21.111095]
[20.592056]
[24.439632]
[40.804688]
[46.62632]
[51.425793]
[56.868725]
[46.777565]
[44.038544]
[58.174202]
[65.46743]
[65.06782]
[66.563156]
[57.823277]
[71.38436]
[82.28016]
[94.51032]
[127.6622]
[109.68496]
[110.82711]
[101.99279]
[101.08535]
[98.369865]
[100.30038]
[95.885445]
[95.138245]
[92.20055]
[89.397194]
[71.57271]
[73.13219]
[90.81739]
[91.81715]
[90.11328]
[91.611275]
[81.60888]
[83.562004]
[111.682304]
[125.73195]
[131.69504]
[130.93935]
[127.85127]
[129.83444]
[128.7638]
[126.090256]
[102.66843]
[99.94711]
[96.42331]
[97.98294]
[96.30619]
[65.46]
[56.32929]
[65.86769]
[61.029713]
[57.74251]
[47.390408]
[29.346745]
[25.811613]
[26.816244]
[39.540062]
[51.4354]
[46.452515]
[48.153515]
[40.660107]
[24.685452]
[19.310339]
[35.482285]
[24.203478]
[21.087095]
[20.16689]
[16.748358]
[16.269115]
[16.32446]
[19.784225]
[19.680738]
[18.23345]
[16.684128]
[18.015896]
[15.18716]
[14.400969]
[16.361572]
[16.19837]
[15.423355]
[16.153961]
[16.221548]
[16.717163]
[17.12363]
[19.975182]
[20.807463]
[16.148195]
[15.522513]
[16.15946]
[16.669777]
[16.99053]
[16.175146]
[16.222355]
[16.156961]
[15.172261]
[15.8259735]
[13.594417]
[12.1490755]
[13.622283]
[14.767735]
[18.100452]
[18.692484]
[22.469648]
[16.72643]
[15.938056]
[16.91751]
[15.034491]
[12.534561]
[14.838634]
[24.475286]
[13.927662]
[11.08192]
[13.210058]
[13.510862]
[19.011524]
[18.509596]
[16.36557]
[12.806283]
[13.661691]
[28.878105]
[32.61834]
[31.75868]
[30.661983]
[25.349106]
[15.205119]
[10.214042]
[12.396709]
[8.746478]
[8.351371]
[7.7680564]
[7.505866]
[7.065339]
[7.0364523]
[6.6866403]
[7.1747394]
[6.840745]
[7.017656]
[6.6140757]
[6.7729263]
[6.6811104][10.25]
[9.45]
[13.02]
[10.69]
[5.31]
[5.25]
[5.26]
[5.31]
[5.31]
[5.3]
[5.29]
[5.3]
[9.25]
[9.31]
[9.28]
[9.29]
[9.27]
[9.26]
[9.25]
[9.26]
[9.26]
[9.27]
[9.25]
[9.25]
[9.32]
[9.28]
[9.26]
[9.22]
[9.21]
[9.23]
[9.23]
[9.06]
[9.24]
[9.25]
[9.24]
[9.29]
[9.55]
[9.28]
[9.27]
[9.27]
[9.25]
[9.24]
[9.28]
[12.21]
[12.29]
[12.32]
[12.27]
[12.3]
[12.29]
[12.25]
[12.25]
[12.25]
[12.29]
[12.3]
[12.3]
[12.31]
[12.36]
[12.34]
[12.35]
[12.36]
[12.37]
[12.39]
[12.39]
[12.4]
[12.36]
[12.39]
[12.4]
[12.41]
[12.52]
[12.25]
[12.25]
[12.03]
[12.31]
[26.75]
[15.2]
[15.05]
[15.12]
[15.03]
[15.09]
[15.17]
[15.22]
[15.41]
[15.4]
[15.43]
[15.24]
[15.14]
[15.08]
[15.29]
[15.3]
[15.23]
[15.22]
[15.17]
[15.21]
[15.24]
[15.21]
[15.26]
[15.09]
[15.03]
[14.94]
[15.09]
[15.28]
[15.3]
[15.52]
[15.38]
[15.46]
[15.26]
[15.55]
[15.54]
[15.27]
[22.36]
[17.87]
[15.85]
[42.75]
[82.22]
[94.05]
[93.25]
[90.97]
[55.68]
[49.63]
[58.09]
[56.67]
[54.59]
[53.59]
[58.05]
[53.08]
[41.74]
[57.88]
[58.89]
[56.17]
[56.45]
[59.98]
[24.57]
[23.68]
[48.95]
[58.59]
[52.66]
[61.65]
[55.39]
[15.63]
[15.57]
[49.45]
[48.02]
[57.5]
[95.04]
[91.35]
[127.12]
[159.08]
[215.85]
[192.9]
[144.63]
[136.75]
[131.02]
[99.64]
[86.83]
[129.19]
[131.03]
[129.73]
[130.49]
[130.52]
[92.3]
[87.76]
[90.33]
[91.84]
[90.24]
[92.4]
[96.82]
[52.74]
[45.22]
[55.96]
[60.38]
[51.61]
[55.5]
[62.81]
[54.04]
[56.12]
[53.08]
[60.33]
[38.11]
[64.66]
[62.07]
[50.21]
[45.53]
[67.12]
[58.52]
[53.52]
[50.52]
[53.77]
[41.06]
[38.17]
[35.45]
[50.08]
[57.71]
[43.73]
[61.41]
[54.5]
[42.43]
[96.98]
[93.31]
[95.73]
[93.08]
[91.61]
[94.94]
[85.74]
[88.4]
[98.74]
[90.94]
[95.37]
[98.5]
[45.13]
[47.61]
[67.66]
[39.1]
[71.69]
[37.29]
[69.59]
[19.53]
[12.7]
[49.99]
[27.12]
[31.05]
[19.21]
[28.46]
[14.31]
[9.94]
[17.83]
[28.86]
[44.83]
[46.46]
[52.06]
[24.01]
[9.42]
[50.97]
[57.23]
[44.2]
[37.8]
[12.15]
[9.41]
[10.47]
[20.43]
[33.31]
[48.25]
[44.01]
[55.45]
[12.7]
[10.36]
[51.64]
[50.92]
[50.38]
[49.93]
[49.1]
[13.79]
[10.13]
[29.22]
[34.2]
[23.2]
[39.35]
[38.77]
[14.08]
[10.2]
[32.49]
[35.58]
[33.86]
[32.24]
[29.9]
[23.23]
[16.87]
[24.9]
[28.37]
[17.49]
[16.74]
[47.53]
[16.06]
[15.03]
[32.65]
[36.66]
[33.79]
[32.62]
[31.6]
[12.79]
[8.68]
[29.3]
[28.48]
[33.01]
[32.79]
[29.71]
[12.11]
[7.79]
[7.39]
[5.3]
[5.33]
[5.36]
[5.41]
[5.44]
[5.46]
[5.48]
[5.51]
[5.52]
[5.54]
[5.55]
[5.56]
[5.57]
[5.58]
[5.41]
[5.59]
[5.59]
[5.59]
[5.59]
[5.59]
[5.59]
[5.52]
[9.82]
[15.53]
[16.95]
[20.82]
[11.7]
[14.18]
[15.4]
[23.39]
[19.41]
[16.47]
[11.42]
[6.71]
[12.54]
[12.67]
[10.63]
[11.37]
[12.05]
[14.44]
[14.47]
[12.32]
[14.46]
[13.82]
[14.57]
[14.58]
[8.47]
[14.78]
[14.81]
[14.47]
[5.31]
[5.31]
[5.29]
[6.65]
[12.03]
[10.97]
[11.68]
[7.09]
[5.32]
[5.32]
[5.33]
[5.32]
[5.32]
[7.66]
[5.32]
[5.32]
[5.32]
[5.29]
[5.21]
[5.09]
[5.1]
[5.1]
[5.1]
[5.11]
[5.11]
[5.1]
[5.12]
[5.22]
[5.48]
[5.49]
[5.27]
[5.12]
[5.13]
[5.12]
[5.12]
[5.11]
[5.16]
[8.76]
[8.76]
[8.94]
[8.95]
[8.95]
[10.8]
[10.34]
[8.93]
[12.82]
[12.41]
[9.78]
[12.71]
[13.05]
[9.78]
[9.61]
[13.47]
[13.71]
[13.82]
[13.8]
[20.11]
[12.1]
[10.21]
[15.44]
[19.36]
[24.22]
[16.35]
[13.82]
[12.91]
[11.05]
[11.21]
[12.63]
[12.73]
[13.93]
[14.]
[12.75]
[12.72]
[14.06]
[13.64]
[13.18]
[14.13]
[14.47]
[12.97]
[12.08]
[13.53]
[13.92]
[14.]
[14.03]
[13.47]
[12.53]
[12.61]
[12.89]
[13.87]
[13.64]
[12.29]
[13.75]
[12.77]
[12.77]
[13.97]
[13.97]
[12.95]
[15.58]
[14.78]
[14.97]
[14.82]
[14.67]
[14.69]
[14.7]
[14.81]
[14.7]
[17.5]
[18.04]
[19.37]
[14.58]
[14.62]
[14.69]
[14.75]
[14.6]
[14.39]
[14.42]
[14.49]
[14.55]
[14.59]
[14.62]
[14.6]
[14.31]
[14.23]
[14.12]
[14.15]
[14.3]
[14.52]
[14.49]
[14.43]
[14.23]
[14.17]
[14.28]
[14.37]
[14.29]
[14.2]
[14.09]
[14.11]
[14.23]
[14.04]
[14.13]
[14.15]
[14.07]
[14.02]
[13.88]
[13.88]
[13.78]
[13.82]
[13.92]
[14.08]
[13.97]
[13.86]
[13.82]
[13.83]
[13.99]
[14.01]
[13.84]
[13.78]
[13.71]
[13.96]
[14.1]
[13.99]
[13.72]
[16.98]
[13.92]
[13.67]
[13.53]
[13.42]
[13.41]
[13.36]
[14.17]
[14.52]
[14.48]
[14.44]
[14.41]
[14.38]
[14.37]
[14.35]
[14.34]
[14.31]
[15.25]
[14.32]
[14.31]
[14.29]
[14.29]
[14.58]
[14.56]
[12.15]
[11.95]
[11.88]
[11.87]
[11.82]
[13.39]
[11.95]
[11.94]
[11.89]
[11.86]
[11.86]
[11.84]
[11.83]
[11.81]
[11.86]
[11.86]
[11.8]
[11.8]
[11.79]
[11.78]
[11.77]
[11.96]
[11.94]
[11.9]
[11.85]
[11.35]
[11.83]
[11.8]
[12.]
[12.06]
[12.03]
[9.66]
[9.6]
[9.59]
[9.63]
[9.74]
[9.73]
[9.68]
[9.68]
[9.7]
[9.68]
[9.68]
[9.67]
[9.67]
[9.73]
[9.77]
[9.75]
[9.77]
[9.77]
[9.77]
[9.74]
[9.74]
[9.73]
[9.72]
[9.75]
[9.75]
[9.79]
[9.77]
[9.77]
[9.78]
[9.77]
[9.09]
[9.09]
[8.91]
[8.69]
[8.69]
[8.66]
[8.69]
[8.7]
[8.7]
[8.66]
[8.67]
[8.77]
[8.78]
[8.78]
[8.77]
[8.78]
[8.77]
[8.74]
[8.74]
[8.77]
[8.77]
[8.77]
[8.76]
[8.77]
[8.76]
[8.77]
[8.77]
[8.76]
[8.76]
[8.77]
[8.71]
[8.26]
[8.23]
[8.06]
[8.02]
[8.01]
[8.04]
[8.06]
[8.04]
[8.05]
[8.06]
[8.05]
[8.05]
[8.07]
[8.07]
[8.06]
[8.04]
[8.08]
[8.07]
[8.07]
[8.03]
[8.1]
[8.09]
[8.1]
[8.11]
[8.1]
[8.11]
[8.12]
[8.11]
[8.11]
[8.13]
[6.13]
[6.11]
[5.91]
[5.29]
[5.35]
[5.29]
[5.31]
[5.3]
[5.3]
[5.3]
[5.31]
[5.3]
[5.27]
[5.29]
[5.29]
[5.29]
[5.3]
[5.3]
[5.34]
[5.31]
[5.31]
[5.32]
[5.32]
[5.31]
[5.33]
[5.32]
[5.32]
[5.31]
[5.33]
[5.32]
[5.34]
[5.34]
[5.89]
[5.74]
[5.51]
[5.5]
[7.49]
[7.16]
[5.55]
[5.56]
[5.48]
[5.43]
[5.41]
[5.42]
[5.48]
[5.44]
[5.44]
[5.44]
[7.99]
[5.37]
[5.4]
[5.41]
[5.38]
[5.38]
[5.39]
[5.38]
[5.38]
[5.43]
[5.4]
[5.41]
[5.42]
[5.41]
[5.41]
[5.41]
[5.41]
[5.42]
[5.44]
[5.44]
[5.45]
[5.47]
[5.47]
[5.4]
[5.42]
[5.44]
[5.46]
[5.47]
[5.46]
[5.46]
[5.47]
[5.47]
[5.42]
[5.48]
[5.49]
[5.48]
[5.46]
[5.46]
[5.5]
[5.51]
[5.48]
[5.46]
[9.04]
[9.13]
[9.13]
[9.16]
[9.17]
[9.17]
[9.19]
[9.21]
[9.24]
[9.24]
[9.22]
[9.2]
[9.27]
[9.28]
[9.28]
[9.29]
[9.32]
[9.33]
[9.33]
[9.34]
[9.36]
[9.37]
[9.38]
[9.41]
[9.41]
[9.41]
[9.41]
[9.42]
[9.83]
[9.49]
[9.52]
[12.18]
[12.29]
[12.29]
[12.33]
[12.37]
[12.42]
[12.45]
[12.39]
[15.27]
[16.55]
[14.11]
[12.06]
[12.15]
[12.22]
[12.2]
[14.89]
[12.24]
[12.29]
[12.3]
[12.82]
[12.19]
[12.16]
[12.29]
[12.32]
[12.3]
[12.41]
[12.47]
[12.46]
[12.66]
[12.65]
[14.68]
[15.59]
[15.66]
[15.62]
[15.61]
[15.62]
[15.55]
[15.55]
[15.53]
[15.48]
[15.58]
[15.63]
[15.67]
[15.73]
[15.76]
[15.69]
[15.74]
[15.74]
[15.7]
[15.75]
[15.81]
[15.74]
[15.69]
[15.67]
[15.67]
[15.69]
[15.71]
[15.78]
[15.82]
[15.85]
[15.84]
[15.82]
[15.81]
[15.68]
[15.65]
[15.45]
[15.76]
[15.72]
[15.72]
[15.72]
[15.86]
[15.62]
[15.55]
[15.84]
[15.47]
[15.85]
[15.91]
[15.89]
[15.6]
[15.96]
[15.99]
[15.84]
[15.77]
[15.99]
[15.57]
[15.56]
[15.78]
[15.69]
[15.67]
[15.63]
[15.75]
[15.5]
[15.92]
[15.96]
[15.99]
[16.2]
[15.99]
[15.99]
[15.96]
[15.93]
[15.94]
[15.96]
[15.89]
[15.75]
[15.57]
[14.85]
[16.98]
[17.18]
[17.15]
[16.64]
[16.94]
[16.89]
[16.85]
[16.85]
[16.82]
[22.09]
[48.14]
[54.09]
[52.25]
[50.82]
[26.21]
[24.32]
[46.38]
[54.6]
[55.32]
[58.59]
[42.22]
[59.61]
[52.27]
[91.07]
[134.99]
[99.13]
[93.08]
[89.49]
[90.15]
[90.7]
[92.91]
[90.54]
[92.41]
[91.17]
[89.85]
[54.37]
[55.31]
[91.98]
[89.63]
[92.51]
[92.65]
[53.92]
[58.15]
[118.86]
[121.02]
[128.01]
[129.11]
[130.04]
[130.07]
[129.96]
[130.52]
[93.73]
[94.19]
[93.43]
[94.32]
[94.03]
[49.04]
[42.92]
[63.69]
[56.03]
[54.7]
[38.34]
[11.79]
[11.72]
[12.96]
[33.11]
[57.23]
[47.44]
[52.93]
[38.46]
[13.38]
[10.84]
[32.12]
[12.86]
[13.04]
[11.96]
[9.06]
[9.09]
[9.87]
[13.99]
[13.87]
[12.77]
[11.54]
[13.62]
[10.08]
[9.89]
[11.66]
[11.41]
[10.97]
[12.27]
[12.58]
[13.52]
[14.11]
[18.19]
[19.12]
[13.6]
[13.55]
[13.48]
[13.43]
[13.64]
[13.07]
[13.76]
[13.75]
[12.85]
[13.71]
[11.22]
[9.92]
[11.7]
[12.05]
[15.5]
[15.5]
[20.41]
[11.86]
[11.21]
[12.16]
[10.03]
[8.58]
[11.93]
[24.96]
[9.81]
[9.12]
[11.89]
[11.97]
[19.72]
[18.14]
[16.04]
[11.71]
[13.74]
[39.18]
[46.43]
[42.22]
[40.7]
[29.17]
[11.6]
[7.7]
[7.77]
[5.18]
[5.21]
[5.24]
[5.27]
[5.28]
[5.29]
[5.31]
[5.33]
[5.34]
[5.35]
[5.36]
[5.37]
[5.38]
[5.39]