0.8962384310936466, 0.9011146204269587, 3.1087916136908844, 196.08330194386195[11.237087]
[8.887832]
[7.8915663]
[9.594409]
[8.774893]
[5.6751738]
[5.2001405]
[5.177974]
[5.1721964]
[5.1658278]
[5.084481]
[5.1043706]
[5.0690875]
[7.25392]
[7.6480064]
[7.681933]
[7.886313]
[9.21038]
[10.893867]
[10.286783]
[9.20724]
[8.574641]
[8.396682]
[8.269902]
[8.20849]
[8.233471]
[8.22646]
[8.138797]
[8.0474205]
[7.9496317]
[7.9763165]
[8.172944]
[8.143161]
[8.146036]
[8.16397]
[8.145841]
[8.07675]
[8.555057]
[11.76518]
[9.260924]
[9.11364]
[9.548247]
[9.502689]
[9.157236]
[10.493827]
[10.650653]
[10.655962]
[10.620814]
[10.8951025]
[11.277783]
[11.282355]
[10.974495]
[10.80111]
[10.720352]
[10.626671]
[10.593084]
[10.605611]
[10.593649]
[10.533466]
[10.526543]
[10.547847]
[10.513196]
[10.523227]
[10.57978]
[10.658038]
[10.933855]
[11.281566]
[11.204236]
[11.053952]
[11.0862]
[13.364351]
[8.740701]
[10.121356]
[10.67621]
[34.261265]
[16.015137]
[12.439793]
[12.431474]
[12.365102]
[12.476299]
[12.592646]
[12.478425]
[12.556911]
[12.616079]
[12.5671835]
[12.533564]
[12.691472]
[12.765096]
[12.765348]
[12.809003]
[12.9227915]
[13.139523]
[13.303965]
[13.007436]
[12.979094]
[12.994401]
[12.91519]
[12.73226]
[12.596414]
[12.78055]
[13.2225685]
[13.49945]
[13.502691]
[13.7980995]
[13.891367]
[13.9841]
[18.161959]
[21.325737]
[19.504744]
[32.668518]
[53.843063]
[34.32675]
[73.36469]
[76.85077]
[84.346634]
[93.23797]
[128.9602]
[96.206955]
[69.73416]
[57.497322]
[59.864918]
[57.875652]
[52.98335]
[49.229065]
[50.382977]
[47.255543]
[38.77182]
[46.552128]
[49.31023]
[46.81735]
[47.468838]
[50.650734]
[29.63265]
[26.103312]
[40.07801]
[46.34919]
[42.82786]
[46.497623]
[42.682068]
[21.779772]
[23.002045]
[43.160545]
[46.666016]
[68.13256]
[101.6406]
[140.34523]
[165.58217]
[176.47516]
[208.73807]
[177.35883]
[147.12622]
[141.13814]
[126.08271]
[102.91638]
[85.66946]
[105.40229]
[108.97687]
[109.80542]
[113.33222]
[120.90841]
[106.11831]
[98.29217]
[91.8451]
[91.17869]
[87.013176]
[85.71159]
[88.8247]
[68.42713]
[63.637005]
[72.059906]
[72.13808]
[69.431496]
[67.76596]
[68.222404]
[59.37955]
[56.505367]
[52.673477]
[54.720306]
[41.10161]
[52.708584]
[53.57092]
[47.39712]
[44.461536]
[54.853676]
[49.750103]
[44.55056]
[41.354317]
[42.86162]
[39.224987]
[40.265236]
[42.60313]
[58.680183]
[66.068275]
[57.09152]
[63.50693]
[56.158855]
[52.341278]
[93.35747]
[93.11574]
[87.35099]
[80.87368]
[76.9111]
[77.62202]
[75.104866]
[80.600296]
[88.37867]
[85.29278]
[93.98002]
[98.42591]
[70.399796]
[67.24226]
[74.4925]
[56.376457]
[69.82134]
[49.67126]
[62.243263]
[35.273685]
[25.936327]
[44.752823]
[33.991253]
[32.59487]
[25.71782]
[28.724333]
[21.595856]
[17.254862]
[20.55391]
[25.942211]
[33.911568]
[35.427574]
[39.389915]
[28.240301]
[19.371038]
[39.907707]
[45.981926]
[38.929516]
[36.044704]
[23.30644]
[20.975872]
[20.927095]
[23.978376]
[29.360647]
[36.520306]
[35.090157]
[39.921856]
[19.442638]
[16.194462]
[36.329437]
[37.405537]
[37.35039]
[36.951225]
[35.290016]
[19.967216]
[17.731558]
[26.87652]
[29.467806]
[23.062737]
[28.981544]
[29.222404]
[16.502512]
[12.630028]
[22.899548]
[26.097815]
[24.762562]
[23.524338]
[21.963129]
[18.244526]
[14.87586]
[18.587137]
[21.068796]
[16.983353]
[18.171059]
[35.570568]
[19.767859]
[15.175801]
[23.155642]
[26.156221]
[24.66465]
[23.598736]
[22.364239]
[13.101785]
[9.566909]
[19.116278]
[19.634546]
[22.268871]
[22.902433]
[21.230087]
[12.153858]
[8.48616]
[7.9005046]
[6.817072]
[6.4961314]
[6.9228783]
[7.0298734]
[6.7350216]
[6.5752335]
[6.388869]
[6.4857864]
[6.400562]
[6.356665]
[6.184019]
[6.1139264]
[6.0983396]
[6.104806]
[5.997928]
[5.9233537]
[5.868491]
[5.8484235]
[5.8484235]
[5.8484235]
[5.8484235]
[5.647935]
[7.312595]
[11.7513895]
[11.876201]
[13.619572]
[9.739484]
[10.179108]
[10.787158]
[14.757861]
[13.697474]
[12.071715]
[9.239326]
[6.4526067]
[8.804789]
[9.338017]
[8.344946]
[8.522278]
[9.024388]
[10.41714]
[10.516517]
[9.412683]
[10.304473]
[17.040167]
[12.10109]
[10.828886]
[7.738596]
[10.485139]
[11.007579]
[10.952787]
[6.138839]
[5.2875834]
[5.2971454]
[5.876233]
[8.79757]
[8.912132]
[9.022885]
[6.6611505]
[5.313907]
[5.1763563]
[5.1944423]
[5.1197877]
[5.138825]
[6.4044533]
[5.3237276]
[5.135658]
[5.121764]
[5.1396008]
[5.0508003]
[5.4358544]
[5.7254977]
[5.6662145]
[5.535385]
[5.3496275]
[5.2405624]
[5.1949706]
[5.2064705]
[5.201631]
[5.3297677]
[5.357273]
[5.440608]
[5.2731156]
[5.2179017]
[5.206367]
[5.2238264]
[5.2195697]
[5.1828713]
[7.1767325]
[7.5025024]
[11.999476]
[8.494175]
[7.7042584]
[8.721769]
[8.627019]
[7.8062844]
[10.4931135]
[10.092232]
[8.5468]
[9.989262]
[10.502205]
[8.764753]
[8.468682]
[10.816072]
[11.336135]
[11.316362]
[11.087853]
[15.358588]
[10.961042]
[9.112629]
[12.104759]
[14.938967]
[18.357391]
[13.38509]
[11.21487]
[10.533336]
[9.458235]
[9.420779]
[10.137192]
[10.40005]
[11.060858]
[11.180029]
[10.595349]
[10.547655]
[11.103203]
[11.114224]
[11.028132]
[11.51764]
[11.596089]
[10.817564]
[10.2970915]
[11.055948]
[11.197965]
[11.2035475]
[11.151837]
[10.88185]
[10.3518915]
[10.50617]
[11.15191]
[12.081424]
[11.733498]
[10.771383]
[11.892464]
[11.671954]
[11.188138]
[11.608343]
[11.573082]
[10.903426]
[12.359643]
[11.980416]
[11.997103]
[11.924464]
[11.801564]
[11.699317]
[11.687594]
[11.776908]
[11.685103]
[13.220433]
[15.906448]
[15.144365]
[11.871457]
[11.479533]
[11.683772]
[11.613632]
[11.821019]
[11.64558]
[11.551274]
[11.560889]
[11.524488]
[11.6128025]
[11.591028]
[11.503913]
[11.274206]
[11.109469]
[11.077127]
[11.114631]
[11.181232]
[11.310881]
[11.289554]
[11.297874]
[11.283967]
[11.252381]
[11.278626]
[11.419903]
[11.346815]
[11.236645]
[11.209036]
[11.256379]
[11.401809]
[11.348505]
[11.430977]
[11.578616]
[11.692667]
[11.670372]
[11.512341]
[11.621748]
[11.505956]
[11.467656]
[11.682104]
[11.8218355]
[11.763301]
[11.733848]
[11.7456875]
[11.779912]
[11.910863]
[12.107788]
[12.1163845]
[12.149299]
[12.213074]
[12.306024]
[12.556782]
[12.61176]
[12.596449]
[13.445235]
[1.9202672]
[6.947155]
[14.092157]
[13.112879]
[13.513917]
[13.372068]
[13.462319]
[13.260381]
[13.251443]
[13.142607]
[12.9594555]
[12.658794]
[12.544436]
[12.485249]
[12.554466]
[12.5455675]
[13.028901]
[12.476801]
[12.37796]
[12.334482]
[12.327644]
[11.860927]
[12.372599]
[11.120553]
[10.90351]
[10.639822]
[10.560502]
[10.991913]
[12.070654]
[11.429609]
[11.326909]
[11.209244]
[11.193855]
[11.146318]
[10.981397]
[11.157476]
[11.158616]
[11.179126]
[11.098167]
[11.065009]
[11.043089]
[11.001776]
[10.91698]
[10.864069]
[10.94373]
[11.71025]
[12.389876]
[12.643154]
[12.610693]
[11.936876]
[11.904628]
[11.840195]
[11.797904]
[11.805591]
[10.751947]
[10.701117]
[10.376636]
[10.194496]
[10.174635]
[10.085296]
[9.990941]
[9.886616]
[9.821557]
[9.713266]
[9.6799755]
[9.623554]
[9.545041]
[9.540758]
[9.519313]
[9.5016165]
[9.474531]
[9.430176]
[9.379226]
[9.304944]
[9.243485]
[9.191167]
[9.125032]
[9.127458]
[9.133144]
[9.125671]
[9.065079]
[9.074114]
[9.105557]
[9.126854]
[8.790353]
[8.716802]
[8.562161]
[8.343537]
[8.34587]
[8.425842]
[8.449064]
[8.374871]
[8.278439]
[8.274319]
[8.533487]
[9.284181]
[9.859661]
[9.675966]
[9.292627]
[8.997118]
[8.789542]
[8.635385]
[8.515221]
[8.499885]
[8.459476]
[8.36775]
[8.326756]
[8.249847]
[8.177956]
[8.35882]
[8.641353]
[8.685352]
[8.71374]
[8.770538]
[8.594073]
[8.111786]
[7.9302564]
[7.7918735]
[7.6978445]
[7.67064]
[7.7252145]
[7.7207546]
[7.6231627]
[7.591727]
[7.5938554]
[7.561573]
[7.5458713]
[7.557125]
[7.5247674]
[7.5115285]
[7.4999037]
[7.487641]
[7.439503]
[7.3993754]
[7.3937216]
[7.4280124]
[7.357759]
[7.3612905]
[7.42347]
[7.4221735]
[7.4074335]
[7.454469]
[7.517998]
[7.618158]
[7.6668406]
[6.4794827]
[6.2248816]
[6.038544]
[5.584164]
[5.5235987]
[5.483979]
[5.4950395]
[5.473309]
[5.469259]
[5.494986]
[5.4832687]
[5.4599695]
[5.443621]
[5.4532814]
[5.448293]
[5.410671]
[5.4125867]
[5.435201]
[5.4134765]
[5.423276]
[5.4726567]
[5.4587007]
[5.44582]
[5.4447656]
[5.461523]
[5.4632406]
[5.4644017]
[5.4650383]
[5.4721365]
[5.4099193]
[5.42791]
[5.3983502]
[5.7119374]
[5.677311]
[8.603222]
[6.0349193]
[6.8851633]
[7.0546813]
[5.6778693]
[5.4678016]
[5.423245]
[5.372651]
[5.611638]
[5.373779]
[5.579411]
[5.368495]
[5.557877]
[5.3526974]
[7.235076]
[5.836409]
[5.5186577]
[5.5038757]
[5.4895544]
[5.4753375]
[5.461069]
[5.244103]
[5.419215]
[5.3156323]
[7.164737]
[5.554997]
[5.221105]
[5.373083]
[5.2196226]
[5.201276]
[5.3387966]
[5.2045813]
[5.3076043]
[5.3007636]
[5.1882386]
[5.274954]
[5.1969028]
[5.1499867]
[5.157821]
[5.236058]
[5.1631784]
[5.2089005]
[5.148416]
[5.146291]
[5.1579633]
[5.1760893]
[5.091951]
[5.1312904]
[5.154019]
[5.111942]
[5.111144]
[5.1192575]
[5.099279]
[5.127153]
[5.0901017]
[5.050288]
[7.751826]
[7.7207894]
[8.0384]
[7.7201138]
[7.9930797]
[8.049201]
[7.9916816]
[7.954017]
[8.445976]
[7.977625]
[8.380817]
[7.914001]
[8.31575]
[7.8505993]
[8.252338]
[8.301508]
[7.776248]
[7.7181606]
[7.724904]
[7.6740923]
[7.630394]
[7.548018]
[7.4269185]
[7.6306677]
[7.397556]
[7.8355618]
[7.637434]
[7.4755645]
[8.045721]
[8.078078]
[8.0747595]
[9.424243]
[9.620495]
[9.612997]
[10.052228]
[9.664656]
[10.0360155]
[10.541449]
[10.595312]
[13.222673]
[14.870514]
[13.305522]
[10.429611]
[10.471798]
[10.527166]
[10.956973]
[14.054859]
[11.436729]
[10.985019]
[10.974314]
[11.399477]
[10.579565]
[10.442085]
[10.596136]
[10.831915]
[10.909961]
[11.169808]
[11.127498]
[11.009216]
[11.2244425]
[11.266827]
[12.734653]
[13.668791]
[14.174758]
[14.638453]
[14.250737]
[14.593763]
[13.994712]
[13.617373]
[13.427386]
[11.536483]
[10.365072]
[21.017597]
[13.533183]
[13.819916]
[11.039006]
[14.008194]
[14.45737]
[14.468702]
[14.404764]
[14.485198]
[14.488293]
[14.442446]
[14.478911]
[14.442355]
[13.965189]
[13.569775]
[13.792183]
[12.89495]
[13.223195]
[13.408557]
[13.467136]
[13.104022]
[12.95736]
[12.590181]
[12.678455]
[12.5117235]
[13.734696]
[14.698306]
[15.130906]
[15.588671]
[16.171118]
[15.417759]
[15.384464]
[16.002981]
[15.343091]
[15.17931]
[15.196201]
[14.920619]
[14.438081]
[14.43414]
[14.326557]
[14.167906]
[14.067214]
[14.056663]
[14.911756]
[16.376352]
[15.743304]
[15.049724]
[14.430797]
[13.836895]
[13.730801]
[13.525175]
[13.889186]
[14.055465]
[14.363287]
[14.702925]
[14.650421]
[14.375007]
[14.345593]
[14.070366]
[14.464725]
[14.181405]
[14.701799]
[20.716114]
[24.743458]
[18.935684]
[25.307293]
[26.462986]
[22.684858]
[21.484074]
[19.718752]
[6.923291]
[15.338769]
[16.902029]
[16.39257]
[19.158781]
[35.43733]
[41.640823]
[46.161396]
[53.606422]
[41.972725]
[37.26188]
[52.115444]
[63.082138]
[61.031395]
[61.692966]
[51.60435]
[68.558495]
[88.16305]
[94.81179]
[121.592224]
[109.48596]
[115.92224]
[103.91543]
[102.150246]
[97.17089]
[97.79845]
[93.45965]
[90.59388]
[84.793076]
[82.2245]
[67.04375]
[70.85727]
[86.73318]
[83.73098]
[82.579895]
[84.52489]
[75.63225]
[84.150925]
[110.46743]
[118.892494]
[132.71791]
[132.64206]
[127.35023]
[126.12166]
[128.51894]
[124.0544]
[98.859764]
[98.9698]
[95.26611]
[93.44009]
[90.38476]
[59.97971]
[49.447983]
[59.079502]
[54.76512]
[51.298767]
[40.33014]
[23.392057]
[20.782295]
[20.751253]
[30.564476]
[44.30702]
[39.939304]
[41.63956]
[33.987663]
[19.168676]
[16.022497]
[27.089474]
[18.555046]
[16.29884]
[15.787873]
[13.852911]
[13.129905]
[13.038647]
[14.789251]
[14.695374]
[13.813039]
[13.010354]
[13.602818]
[12.202144]
[11.88536]
[12.836595]
[12.654243]
[11.99719]
[12.402874]
[12.463012]
[12.5627985]
[12.862406]
[14.462321]
[14.9768305]
[12.3016205]
[11.981934]
[12.713129]
[13.037401]
[12.783968]
[12.217337]
[12.300359]
[12.287637]
[11.695414]
[12.096917]
[10.838926]
[9.912836]
[10.935098]
[11.917323]
[13.599345]
[13.784967]
[16.285896]
[13.246524]
[13.061271]
[13.076]
[11.684586]
[10.402385]
[11.40874]
[17.259853]
[11.003972]
[9.4582]
[10.353542]
[10.45277]
[13.642261]
[13.507523]
[12.295472]
[10.16314]
[10.504709]
[21.578579]
[27.07278]
[26.460306]
[24.977085]
[19.667244]
[13.579168]
[10.536152]
[10.13678]
[8.222043]
[7.560693]
[7.235494]
[6.952251]
[6.2608147]
[6.5656238]
[6.5878077]
[6.7858076]
[6.2698865]
[6.4292407]
[6.3512707]
[6.1168733]
[6.2090635][10.25]
[9.45]
[13.02]
[10.69]
[5.31]
[5.25]
[5.26]
[5.31]
[5.31]
[5.3]
[5.29]
[5.3]
[9.25]
[9.31]
[9.28]
[9.29]
[9.27]
[9.26]
[9.25]
[9.26]
[9.26]
[9.27]
[9.25]
[9.25]
[9.32]
[9.28]
[9.26]
[9.22]
[9.21]
[9.23]
[9.23]
[9.06]
[9.24]
[9.25]
[9.24]
[9.29]
[9.55]
[9.28]
[9.27]
[9.27]
[9.25]
[9.24]
[9.28]
[12.21]
[12.29]
[12.32]
[12.27]
[12.3]
[12.29]
[12.25]
[12.25]
[12.25]
[12.29]
[12.3]
[12.3]
[12.31]
[12.36]
[12.34]
[12.35]
[12.36]
[12.37]
[12.39]
[12.39]
[12.4]
[12.36]
[12.39]
[12.4]
[12.41]
[12.52]
[12.25]
[12.25]
[12.03]
[12.31]
[26.75]
[15.2]
[15.05]
[15.12]
[15.03]
[15.09]
[15.17]
[15.22]
[15.41]
[15.4]
[15.43]
[15.24]
[15.14]
[15.08]
[15.29]
[15.3]
[15.23]
[15.22]
[15.17]
[15.21]
[15.24]
[15.21]
[15.26]
[15.09]
[15.03]
[14.94]
[15.09]
[15.28]
[15.3]
[15.52]
[15.38]
[15.46]
[15.26]
[15.55]
[15.54]
[15.27]
[22.36]
[17.87]
[15.85]
[42.75]
[82.22]
[94.05]
[93.25]
[90.97]
[55.68]
[49.63]
[58.09]
[56.67]
[54.59]
[53.59]
[58.05]
[53.08]
[41.74]
[57.88]
[58.89]
[56.17]
[56.45]
[59.98]
[24.57]
[23.68]
[48.95]
[58.59]
[52.66]
[61.65]
[55.39]
[15.63]
[15.57]
[49.45]
[48.02]
[57.5]
[95.04]
[91.35]
[127.12]
[159.08]
[215.85]
[192.9]
[144.63]
[136.75]
[131.02]
[99.64]
[86.83]
[129.19]
[131.03]
[129.73]
[130.49]
[130.52]
[92.3]
[87.76]
[90.33]
[91.84]
[90.24]
[92.4]
[96.82]
[52.74]
[45.22]
[55.96]
[60.38]
[51.61]
[55.5]
[62.81]
[54.04]
[56.12]
[53.08]
[60.33]
[38.11]
[64.66]
[62.07]
[50.21]
[45.53]
[67.12]
[58.52]
[53.52]
[50.52]
[53.77]
[41.06]
[38.17]
[35.45]
[50.08]
[57.71]
[43.73]
[61.41]
[54.5]
[42.43]
[96.98]
[93.31]
[95.73]
[93.08]
[91.61]
[94.94]
[85.74]
[88.4]
[98.74]
[90.94]
[95.37]
[98.5]
[45.13]
[47.61]
[67.66]
[39.1]
[71.69]
[37.29]
[69.59]
[19.53]
[12.7]
[49.99]
[27.12]
[31.05]
[19.21]
[28.46]
[14.31]
[9.94]
[17.83]
[28.86]
[44.83]
[46.46]
[52.06]
[24.01]
[9.42]
[50.97]
[57.23]
[44.2]
[37.8]
[12.15]
[9.41]
[10.47]
[20.43]
[33.31]
[48.25]
[44.01]
[55.45]
[12.7]
[10.36]
[51.64]
[50.92]
[50.38]
[49.93]
[49.1]
[13.79]
[10.13]
[29.22]
[34.2]
[23.2]
[39.35]
[38.77]
[14.08]
[10.2]
[32.49]
[35.58]
[33.86]
[32.24]
[29.9]
[23.23]
[16.87]
[24.9]
[28.37]
[17.49]
[16.74]
[47.53]
[16.06]
[15.03]
[32.65]
[36.66]
[33.79]
[32.62]
[31.6]
[12.79]
[8.68]
[29.3]
[28.48]
[33.01]
[32.79]
[29.71]
[12.11]
[7.79]
[7.39]
[5.3]
[5.33]
[5.36]
[5.41]
[5.44]
[5.46]
[5.48]
[5.51]
[5.52]
[5.54]
[5.55]
[5.56]
[5.57]
[5.58]
[5.41]
[5.59]
[5.59]
[5.59]
[5.59]
[5.59]
[5.59]
[5.52]
[9.82]
[15.53]
[16.95]
[20.82]
[11.7]
[14.18]
[15.4]
[23.39]
[19.41]
[16.47]
[11.42]
[6.71]
[12.54]
[12.67]
[10.63]
[11.37]
[12.05]
[14.44]
[14.47]
[12.32]
[14.46]
[13.82]
[14.57]
[14.58]
[8.47]
[14.78]
[14.81]
[14.47]
[5.31]
[5.31]
[5.29]
[6.65]
[12.03]
[10.97]
[11.68]
[7.09]
[5.32]
[5.32]
[5.33]
[5.32]
[5.32]
[7.66]
[5.32]
[5.32]
[5.32]
[5.29]
[5.21]
[5.09]
[5.1]
[5.1]
[5.1]
[5.11]
[5.11]
[5.1]
[5.12]
[5.22]
[5.48]
[5.49]
[5.27]
[5.12]
[5.13]
[5.12]
[5.12]
[5.11]
[5.16]
[8.76]
[8.76]
[8.94]
[8.95]
[8.95]
[10.8]
[10.34]
[8.93]
[12.82]
[12.41]
[9.78]
[12.71]
[13.05]
[9.78]
[9.61]
[13.47]
[13.71]
[13.82]
[13.8]
[20.11]
[12.1]
[10.21]
[15.44]
[19.36]
[24.22]
[16.35]
[13.82]
[12.91]
[11.05]
[11.21]
[12.63]
[12.73]
[13.93]
[14.]
[12.75]
[12.72]
[14.06]
[13.64]
[13.18]
[14.13]
[14.47]
[12.97]
[12.08]
[13.53]
[13.92]
[14.]
[14.03]
[13.47]
[12.53]
[12.61]
[12.89]
[13.87]
[13.64]
[12.29]
[13.75]
[12.77]
[12.77]
[13.97]
[13.97]
[12.95]
[15.58]
[14.78]
[14.97]
[14.82]
[14.67]
[14.69]
[14.7]
[14.81]
[14.7]
[17.5]
[18.04]
[19.37]
[14.58]
[14.62]
[14.69]
[14.75]
[14.6]
[14.39]
[14.42]
[14.49]
[14.55]
[14.59]
[14.62]
[14.6]
[14.31]
[14.23]
[14.12]
[14.15]
[14.3]
[14.52]
[14.49]
[14.43]
[14.23]
[14.17]
[14.28]
[14.37]
[14.29]
[14.2]
[14.09]
[14.11]
[14.23]
[14.04]
[14.13]
[14.15]
[14.07]
[14.02]
[13.88]
[13.88]
[13.78]
[13.82]
[13.92]
[14.08]
[13.97]
[13.86]
[13.82]
[13.83]
[13.99]
[14.01]
[13.84]
[13.78]
[13.71]
[13.96]
[14.1]
[13.99]
[13.72]
[16.98]
[13.92]
[13.67]
[13.53]
[13.42]
[13.41]
[13.36]
[14.17]
[14.52]
[14.48]
[14.44]
[14.41]
[14.38]
[14.37]
[14.35]
[14.34]
[14.31]
[15.25]
[14.32]
[14.31]
[14.29]
[14.29]
[14.58]
[14.56]
[12.15]
[11.95]
[11.88]
[11.87]
[11.82]
[13.39]
[11.95]
[11.94]
[11.89]
[11.86]
[11.86]
[11.84]
[11.83]
[11.81]
[11.86]
[11.86]
[11.8]
[11.8]
[11.79]
[11.78]
[11.77]
[11.96]
[11.94]
[11.9]
[11.85]
[11.35]
[11.83]
[11.8]
[12.]
[12.06]
[12.03]
[9.66]
[9.6]
[9.59]
[9.63]
[9.74]
[9.73]
[9.68]
[9.68]
[9.7]
[9.68]
[9.68]
[9.67]
[9.67]
[9.73]
[9.77]
[9.75]
[9.77]
[9.77]
[9.77]
[9.74]
[9.74]
[9.73]
[9.72]
[9.75]
[9.75]
[9.79]
[9.77]
[9.77]
[9.78]
[9.77]
[9.09]
[9.09]
[8.91]
[8.69]
[8.69]
[8.66]
[8.69]
[8.7]
[8.7]
[8.66]
[8.67]
[8.77]
[8.78]
[8.78]
[8.77]
[8.78]
[8.77]
[8.74]
[8.74]
[8.77]
[8.77]
[8.77]
[8.76]
[8.77]
[8.76]
[8.77]
[8.77]
[8.76]
[8.76]
[8.77]
[8.71]
[8.26]
[8.23]
[8.06]
[8.02]
[8.01]
[8.04]
[8.06]
[8.04]
[8.05]
[8.06]
[8.05]
[8.05]
[8.07]
[8.07]
[8.06]
[8.04]
[8.08]
[8.07]
[8.07]
[8.03]
[8.1]
[8.09]
[8.1]
[8.11]
[8.1]
[8.11]
[8.12]
[8.11]
[8.11]
[8.13]
[6.13]
[6.11]
[5.91]
[5.29]
[5.35]
[5.29]
[5.31]
[5.3]
[5.3]
[5.3]
[5.31]
[5.3]
[5.27]
[5.29]
[5.29]
[5.29]
[5.3]
[5.3]
[5.34]
[5.31]
[5.31]
[5.32]
[5.32]
[5.31]
[5.33]
[5.32]
[5.32]
[5.31]
[5.33]
[5.32]
[5.34]
[5.34]
[5.89]
[5.74]
[5.51]
[5.5]
[7.49]
[7.16]
[5.55]
[5.56]
[5.48]
[5.43]
[5.41]
[5.42]
[5.48]
[5.44]
[5.44]
[5.44]
[7.99]
[5.37]
[5.4]
[5.41]
[5.38]
[5.38]
[5.39]
[5.38]
[5.38]
[5.43]
[5.4]
[5.41]
[5.42]
[5.41]
[5.41]
[5.41]
[5.41]
[5.42]
[5.44]
[5.44]
[5.45]
[5.47]
[5.47]
[5.4]
[5.42]
[5.44]
[5.46]
[5.47]
[5.46]
[5.46]
[5.47]
[5.47]
[5.42]
[5.48]
[5.49]
[5.48]
[5.46]
[5.46]
[5.5]
[5.51]
[5.48]
[5.46]
[9.04]
[9.13]
[9.13]
[9.16]
[9.17]
[9.17]
[9.19]
[9.21]
[9.24]
[9.24]
[9.22]
[9.2]
[9.27]
[9.28]
[9.28]
[9.29]
[9.32]
[9.33]
[9.33]
[9.34]
[9.36]
[9.37]
[9.38]
[9.41]
[9.41]
[9.41]
[9.41]
[9.42]
[9.83]
[9.49]
[9.52]
[12.18]
[12.29]
[12.29]
[12.33]
[12.37]
[12.42]
[12.45]
[12.39]
[15.27]
[16.55]
[14.11]
[12.06]
[12.15]
[12.22]
[12.2]
[14.89]
[12.24]
[12.29]
[12.3]
[12.82]
[12.19]
[12.16]
[12.29]
[12.32]
[12.3]
[12.41]
[12.47]
[12.46]
[12.66]
[12.65]
[14.68]
[15.59]
[15.66]
[15.62]
[15.61]
[15.62]
[15.55]
[15.55]
[15.53]
[15.48]
[15.58]
[15.63]
[15.67]
[15.73]
[15.76]
[15.69]
[15.74]
[15.74]
[15.7]
[15.75]
[15.81]
[15.74]
[15.69]
[15.67]
[15.67]
[15.69]
[15.71]
[15.78]
[15.82]
[15.85]
[15.84]
[15.82]
[15.81]
[15.68]
[15.65]
[15.45]
[15.76]
[15.72]
[15.72]
[15.72]
[15.86]
[15.62]
[15.55]
[15.84]
[15.47]
[15.85]
[15.91]
[15.89]
[15.6]
[15.96]
[15.99]
[15.84]
[15.77]
[15.99]
[15.57]
[15.56]
[15.78]
[15.69]
[15.67]
[15.63]
[15.75]
[15.5]
[15.92]
[15.96]
[15.99]
[16.2]
[15.99]
[15.99]
[15.96]
[15.93]
[15.94]
[15.96]
[15.89]
[15.75]
[15.57]
[14.85]
[16.98]
[17.18]
[17.15]
[16.64]
[16.94]
[16.89]
[16.85]
[16.85]
[16.82]
[22.09]
[48.14]
[54.09]
[52.25]
[50.82]
[26.21]
[24.32]
[46.38]
[54.6]
[55.32]
[58.59]
[42.22]
[59.61]
[52.27]
[91.07]
[134.99]
[99.13]
[93.08]
[89.49]
[90.15]
[90.7]
[92.91]
[90.54]
[92.41]
[91.17]
[89.85]
[54.37]
[55.31]
[91.98]
[89.63]
[92.51]
[92.65]
[53.92]
[58.15]
[118.86]
[121.02]
[128.01]
[129.11]
[130.04]
[130.07]
[129.96]
[130.52]
[93.73]
[94.19]
[93.43]
[94.32]
[94.03]
[49.04]
[42.92]
[63.69]
[56.03]
[54.7]
[38.34]
[11.79]
[11.72]
[12.96]
[33.11]
[57.23]
[47.44]
[52.93]
[38.46]
[13.38]
[10.84]
[32.12]
[12.86]
[13.04]
[11.96]
[9.06]
[9.09]
[9.87]
[13.99]
[13.87]
[12.77]
[11.54]
[13.62]
[10.08]
[9.89]
[11.66]
[11.41]
[10.97]
[12.27]
[12.58]
[13.52]
[14.11]
[18.19]
[19.12]
[13.6]
[13.55]
[13.48]
[13.43]
[13.64]
[13.07]
[13.76]
[13.75]
[12.85]
[13.71]
[11.22]
[9.92]
[11.7]
[12.05]
[15.5]
[15.5]
[20.41]
[11.86]
[11.21]
[12.16]
[10.03]
[8.58]
[11.93]
[24.96]
[9.81]
[9.12]
[11.89]
[11.97]
[19.72]
[18.14]
[16.04]
[11.71]
[13.74]
[39.18]
[46.43]
[42.22]
[40.7]
[29.17]
[11.6]
[7.7]
[7.77]
[5.18]
[5.21]
[5.24]
[5.27]
[5.28]
[5.29]
[5.31]
[5.33]
[5.34]
[5.35]
[5.36]
[5.37]
[5.38]
[5.39]