0.9015263855390498, 0.9018518125376628, -0.6187209243082322, 191.02151545135044[12.485015]
[10.145934]
[8.982012]
[10.723079]
[9.966117]
[6.918954]
[6.131093]
[6.2284975]
[6.1771193]
[6.1877537]
[6.204395]
[6.10443]
[6.2071943]
[8.120698]
[8.816716]
[8.750126]
[8.817806]
[8.861684]
[10.343775]
[11.142698]
[9.889561]
[9.451969]
[9.224978]
[9.188762]
[9.104112]
[9.128245]
[9.132519]
[9.130106]
[9.022265]
[9.011051]
[8.9342]
[8.996659]
[9.112577]
[9.141266]
[9.075419]
[9.1662445]
[9.1520195]
[9.109754]
[12.652015]
[10.228125]
[9.426155]
[9.889589]
[10.115176]
[9.916296]
[11.287205]
[11.653294]
[11.56809]
[11.624651]
[11.516857]
[11.897542]
[12.104617]
[11.973019]
[11.682399]
[11.743592]
[11.630409]
[11.590108]
[11.603824]
[11.664578]
[11.598917]
[11.588475]
[11.612046]
[11.653821]
[11.581079]
[11.650676]
[11.664031]
[11.598758]
[12.009092]
[12.24484]
[11.913869]
[12.078769]
[14.44062]
[10.028651]
[10.934027]
[11.697637]
[38.174297]
[17.011717]
[13.878907]
[13.904011]
[13.871355]
[13.875351]
[14.021737]
[14.222308]
[14.209508]
[14.289333]
[14.422168]
[14.189433]
[14.088025]
[14.201476]
[14.494062]
[14.341514]
[14.318615]
[14.090135]
[14.603267]
[14.628209]
[14.37717]
[14.497524]
[14.592271]
[14.453656]
[14.447963]
[13.907891]
[14.092325]
[14.630822]
[14.356282]
[14.488056]
[14.531987]
[14.600821]
[18.75353]
[20.193647]
[19.005634]
[33.270306]
[57.101948]
[32.86878]
[63.87933]
[73.0374]
[86.52297]
[90.226585]
[121.923294]
[95.42283]
[69.405396]
[58.6762]
[59.99416]
[58.12546]
[53.67263]
[50.234833]
[50.66278]
[47.8265]
[40.4002]
[47.094643]
[49.517117]
[47.69375]
[46.638756]
[50.830036]
[31.365322]
[27.373093]
[42.673176]
[47.665207]
[43.464294]
[47.70972]
[43.53689]
[21.315466]
[21.854359]
[44.49785]
[46.021557]
[71.82283]
[98.09261]
[129.27356]
[151.39491]
[163.39629]
[192.7217]
[159.74274]
[136.4762]
[132.8099]
[118.95201]
[98.065414]
[83.23414]
[103.50905]
[109.25165]
[111.11467]
[113.02535]
[120.64114]
[102.9602]
[94.77766]
[89.780334]
[87.56934]
[84.51584]
[83.811195]
[87.26339]
[67.31922]
[64.81928]
[72.93005]
[72.947754]
[68.695694]
[67.882576]
[68.11447]
[59.613266]
[56.843452]
[53.03776]
[55.16443]
[42.369896]
[53.705704]
[53.519836]
[47.012352]
[44.953808]
[55.965145]
[50.41482]
[45.64405]
[42.55995]
[43.627537]
[37.965126]
[40.88102]
[43.50939]
[59.43124]
[65.784805]
[57.702854]
[63.748734]
[56.81419]
[52.852562]
[89.5306]
[89.01256]
[85.33069]
[79.98181]
[76.57713]
[77.69201]
[74.99475]
[79.476494]
[86.560196]
[84.02604]
[91.190475]
[94.011604]
[68.887825]
[69.75518]
[75.92822]
[58.14547]
[69.34196]
[50.69348]
[62.414803]
[36.060593]
[25.55528]
[47.092606]
[36.273853]
[34.822186]
[27.281273]
[30.325354]
[22.654676]
[17.131468]
[20.711668]
[27.810017]
[37.11904]
[37.578465]
[40.403458]
[28.527357]
[19.53124]
[43.087036]
[47.647568]
[39.877823]
[36.58212]
[24.483528]
[20.201504]
[20.256826]
[24.447151]
[31.974585]
[39.59521]
[36.87205]
[42.39363]
[21.397753]
[15.788612]
[39.8437]
[39.626537]
[38.433163]
[39.226475]
[37.40102]
[19.766754]
[17.14504]
[27.924566]
[32.904175]
[25.710852]
[32.72315]
[31.781221]
[18.877083]
[12.858161]
[24.964762]
[28.994974]
[28.240738]
[26.256092]
[25.287756]
[20.851229]
[16.209753]
[20.208973]
[23.826574]
[18.600729]
[18.455471]
[38.792755]
[22.885206]
[16.03611]
[25.697586]
[28.916504]
[27.580767]
[26.169626]
[25.677927]
[14.7752695]
[9.944568]
[20.78739]
[23.047771]
[23.954548]
[25.245478]
[23.646261]
[13.825122]
[8.959012]
[8.188578]
[7.0604596]
[6.745331]
[6.8130026]
[7.1506395]
[7.001437]
[6.750552]
[6.6736307]
[6.617608]
[6.6839943]
[6.586246]
[6.522019]
[6.404253]
[6.3944173]
[6.399434]
[6.310476]
[6.3073006]
[6.2222314]
[6.2091546]
[6.2091546]
[6.2091546]
[6.2091546]
[6.1234727]
[7.9301243]
[12.9369335]
[13.520727]
[15.285893]
[11.030898]
[11.117566]
[12.06171]
[16.675615]
[15.735111]
[13.567344]
[10.457969]
[7.3321004]
[9.653236]
[10.443746]
[9.396063]
[9.514202]
[9.998371]
[11.479087]
[11.897173]
[10.677428]
[11.527094]
[19.188261]
[14.132264]
[12.229271]
[8.904275]
[11.632786]
[12.544591]
[12.237119]
[7.443736]
[6.2088776]
[6.21214]
[6.8892956]
[9.728932]
[10.211979]
[10.238244]
[7.8990736]
[6.4226613]
[6.217313]
[6.2321362]
[6.2543306]
[6.1553373]
[7.4173717]
[6.5416827]
[6.176568]
[6.288764]
[6.183437]
[6.240045]
[5.9603744]
[6.5490627]
[6.575732]
[6.391557]
[6.4061694]
[6.2382927]
[6.218123]
[6.2285438]
[6.303406]
[6.3731284]
[6.4314904]
[6.2762375]
[6.4744453]
[6.202433]
[6.25879]
[6.267555]
[6.2663636]
[6.3139095]
[8.071948]
[8.672487]
[13.011132]
[10.073404]
[8.78289]
[10.000451]
[9.823439]
[9.06944]
[11.779072]
[11.589804]
[9.83372]
[11.222892]
[11.86685]
[10.040291]
[9.54681]
[11.78262]
[12.758741]
[12.718676]
[12.776289]
[17.83566]
[13.064243]
[10.215296]
[13.438328]
[17.666563]
[21.103611]
[16.353714]
[13.420619]
[12.4860325]
[11.215884]
[11.111328]
[11.90545]
[12.151048]
[12.883038]
[13.092763]
[12.347974]
[12.199873]
[12.979566]
[12.843926]
[12.604339]
[13.238962]
[13.459948]
[12.468419]
[11.766953]
[12.59029]
[12.947904]
[12.905266]
[12.875805]
[12.455029]
[11.780404]
[11.923225]
[12.529123]
[13.420082]
[13.331659]
[12.310894]
[13.215703]
[13.105886]
[12.691426]
[13.07281]
[13.09721]
[12.366072]
[13.869]
[13.674831]
[13.657608]
[13.623887]
[13.481345]
[13.43135]
[13.490429]
[13.61436]
[13.572995]
[15.489864]
[17.932005]
[16.968546]
[14.160207]
[13.741432]
[13.913846]
[14.3595]
[14.20828]
[13.803403]
[13.7817745]
[13.863365]
[14.04471]
[14.1489935]
[14.229639]
[14.329492]
[14.1642475]
[14.066555]
[14.090983]
[14.170638]
[14.218816]
[14.397583]
[14.3038435]
[14.255569]
[14.102356]
[14.0167465]
[13.931838]
[14.05748]
[13.960655]
[13.750985]
[13.670281]
[13.631864]
[13.680909]
[13.576203]
[13.497118]
[13.4964285]
[13.587225]
[13.527391]
[13.10524]
[13.298339]
[13.128095]
[12.673469]
[12.995155]
[13.014846]
[12.72599]
[12.6227255]
[12.527022]
[12.482769]
[12.279015]
[12.663151]
[12.878901]
[13.088868]
[13.253876]
[13.270386]
[13.959297]
[14.080165]
[13.801934]
[18.371588]
[45.466667]
[6.2809772]
[9.578929]
[11.847066]
[12.437138]
[13.870648]
[14.554695]
[14.987539]
[15.130671]
[15.109445]
[14.959803]
[14.799261]
[14.675746]
[14.739156]
[14.704947]
[14.506263]
[15.069946]
[14.662042]
[14.386534]
[14.335122]
[14.122681]
[13.680382]
[14.519372]
[13.1325035]
[12.390158]
[12.307609]
[12.513173]
[12.367191]
[13.138289]
[12.42324]
[11.83366]
[11.741488]
[11.753034]
[11.714533]
[11.593904]
[11.725991]
[11.719368]
[11.83645]
[11.7524605]
[11.782229]
[11.802284]
[11.818757]
[11.678214]
[11.448195]
[11.676241]
[12.524595]
[12.831398]
[12.421583]
[12.66316]
[12.022393]
[12.245138]
[12.175692]
[12.195014]
[11.7588415]
[10.699712]
[10.90625]
[10.61056]
[10.479011]
[10.563827]
[10.454344]
[10.492769]
[10.351414]
[10.419198]
[10.28047]
[10.23569]
[10.319189]
[10.136756]
[10.276401]
[10.154593]
[10.221529]
[10.177656]
[10.202293]
[10.135417]
[10.134725]
[10.055298]
[10.074047]
[9.995012]
[9.992073]
[10.00109]
[10.063239]
[9.9936075]
[9.929426]
[10.04744]
[9.912899]
[9.674742]
[9.554629]
[9.492561]
[9.26953]
[9.111152]
[9.228105]
[9.316508]
[9.300862]
[9.26292]
[9.027295]
[9.036934]
[8.93241]
[10.173941]
[10.073654]
[9.86506]
[9.666942]
[9.510019]
[9.412058]
[9.345519]
[9.232809]
[9.364411]
[9.23615]
[9.198255]
[9.272995]
[9.091993]
[8.989523]
[9.266279]
[9.478442]
[9.24171]
[9.499875]
[9.445879]
[9.044391]
[8.8184805]
[8.702335]
[8.679445]
[8.555374]
[8.629421]
[8.700123]
[8.664408]
[8.540859]
[8.644385]
[8.592183]
[8.582409]
[8.594636]
[8.642243]
[8.536746]
[8.629402]
[8.592075]
[8.630538]
[8.574159]
[8.507411]
[8.701303]
[8.601538]
[8.543111]
[8.625944]
[8.698085]
[8.596317]
[8.667414]
[8.585487]
[8.719848]
[8.760742]
[7.6907773]
[7.4288864]
[7.3260436]
[6.86877]
[6.872395]
[6.7469935]
[6.859755]
[6.812138]
[6.7470126]
[6.8699517]
[6.827944]
[6.821066]
[6.8109236]
[6.8190475]
[6.891095]
[6.8375254]
[6.7790184]
[6.970721]
[6.8243012]
[6.8122506]
[6.9442105]
[6.9030895]
[6.9046426]
[6.908715]
[6.9249997]
[6.933353]
[6.9379373]
[6.9429035]
[6.956975]
[7.034234]
[6.9266753]
[7.012175]
[7.245653]
[7.2446656]
[9.975773]
[7.7995777]
[8.278097]
[8.558242]
[7.2573643]
[6.9333186]
[6.8891435]
[6.8270087]
[7.0251813]
[6.8103595]
[6.966114]
[6.777624]
[6.9223924]
[6.7360873]
[8.425216]
[7.3173046]
[6.8353767]
[6.807032]
[6.7794476]
[6.751947]
[6.7244306]
[6.511591]
[6.6517096]
[6.526275]
[8.269153]
[6.925702]
[6.418105]
[6.5528226]
[6.3958225]
[6.3633256]
[6.4849944]
[6.3425026]
[6.4282427]
[6.4091253]
[6.281036]
[6.3620954]
[6.265667]
[6.2196426]
[6.213029]
[6.281002]
[6.198609]
[6.2358603]
[6.1911135]
[6.2116265]
[6.215594]
[6.21146]
[6.151752]
[6.2099566]
[6.204334]
[6.181445]
[6.208006]
[6.1821113]
[6.1803446]
[6.210775]
[6.1576967]
[6.158954]
[8.701799]
[8.986387]
[9.283911]
[9.017523]
[9.279444]
[9.39923]
[9.364003]
[9.340046]
[9.881174]
[9.471074]
[9.856484]
[9.44566]
[9.831982]
[9.4206]
[9.809312]
[9.956527]
[9.392318]
[9.279833]
[9.30411]
[9.325804]
[9.357758]
[9.409686]
[9.414797]
[9.777385]
[9.561391]
[10.024017]
[9.92013]
[9.614178]
[10.371184]
[10.455769]
[10.413525]
[11.956967]
[12.308731]
[12.213675]
[12.662197]
[12.167724]
[12.46633]
[13.021125]
[12.890074]
[14.809458]
[15.61123]
[14.017642]
[11.900422]
[12.17855]
[12.052538]
[12.257834]
[14.313489]
[11.882221]
[11.843567]
[11.726565]
[11.922743]
[11.170764]
[11.090577]
[11.2231]
[11.787759]
[12.012516]
[12.134366]
[11.950715]
[11.643579]
[11.858699]
[11.821872]
[12.728656]
[12.95811]
[13.127812]
[13.337476]
[13.080679]
[13.297973]
[13.120231]
[13.40859]
[13.848431]
[13.812971]
[21.099403]
[28.365776]
[14.627747]
[15.448267]
[12.712382]
[14.826519]
[15.923578]
[16.067522]
[15.857073]
[15.737634]
[15.469643]
[15.366114]
[15.381137]
[15.245414]
[15.306993]
[14.788204]
[14.753419]
[15.069212]
[14.847376]
[15.028638]
[15.148885]
[15.933418]
[15.986356]
[15.630745]
[14.626088]
[16.031275]
[13.467286]
[16.139513]
[16.74735]
[17.483355]
[17.254406]
[15.555137]
[16.372278]
[16.432987]
[16.351164]
[16.626646]
[16.93856]
[16.946054]
[16.608713]
[16.726458]
[16.758327]
[16.675623]
[16.600685]
[16.621933]
[16.612022]
[16.648912]
[16.49304]
[16.04063]
[16.004824]
[15.944994]
[15.988059]
[15.891968]
[16.19479]
[16.2222]
[16.596443]
[16.671976]
[15.884091]
[15.865313]
[15.812518]
[16.00881]
[15.952088]
[16.105448]
[16.42507]
[19.961405]
[22.602869]
[17.73168]
[24.347216]
[24.88798]
[22.026302]
[20.798492]
[19.162083]
[7.2058578]
[14.386244]
[17.384365]
[17.10659]
[20.26598]
[37.11098]
[41.588783]
[44.525738]
[51.20357]
[43.07898]
[36.96558]
[55.648983]
[64.40144]
[64.42234]
[63.165455]
[52.774055]
[68.69287]
[87.44705]
[94.69147]
[114.804306]
[105.798996]
[111.67174]
[101.59157]
[101.24964]
[95.40493]
[94.23766]
[89.83902]
[86.7899]
[82.936775]
[81.01151]
[66.44321]
[70.38434]
[84.097084]
[82.00821]
[81.505424]
[83.44326]
[77.9082]
[86.07198]
[107.398674]
[113.13033]
[128.54347]
[126.36595]
[120.57283]
[120.14604]
[122.66075]
[118.35322]
[95.07705]
[94.42498]
[91.31834]
[89.55196]
[87.50063]
[59.357044]
[50.930534]
[59.362267]
[54.703762]
[51.581154]
[41.20373]
[24.443975]
[19.969538]
[20.26141]
[32.09122]
[46.45388]
[41.104023]
[42.780643]
[35.42519]
[21.016056]
[15.766398]
[28.51791]
[19.930399]
[16.467527]
[15.830258]
[13.820854]
[12.975533]
[13.011521]
[15.078806]
[15.320315]
[14.350091]
[13.324371]
[14.045442]
[12.412414]
[11.898479]
[12.922726]
[12.944777]
[12.293583]
[12.655468]
[12.850287]
[13.082639]
[13.375704]
[15.419829]
[16.255081]
[13.204563]
[12.432086]
[12.98128]
[13.451592]
[13.393319]
[12.751712]
[12.820107]
[12.824674]
[12.225699]
[12.534625]
[11.299239]
[10.128917]
[11.018489]
[12.017101]
[14.153222]
[14.567312]
[17.389868]
[13.902936]
[13.038578]
[13.476571]
[11.960111]
[10.479547]
[11.595813]
[18.695581]
[12.046262]
[9.496283]
[10.646607]
[10.823107]
[14.593832]
[14.75335]
[13.331883]
[10.777385]
[11.089419]
[25.195381]
[29.32188]
[28.166174]
[27.787767]
[21.414104]
[13.702559]
[10.885612]
[10.000709]
[8.318538]
[7.4571447]
[7.1693716]
[6.932735]
[6.5097084]
[6.3321967]
[6.629066]
[6.650568]
[6.513507]
[6.288485]
[6.436437]
[6.244881]
[6.175971][10.25]
[9.45]
[13.02]
[10.69]
[5.31]
[5.25]
[5.26]
[5.31]
[5.31]
[5.3]
[5.29]
[5.3]
[9.25]
[9.31]
[9.28]
[9.29]
[9.27]
[9.26]
[9.25]
[9.26]
[9.26]
[9.27]
[9.25]
[9.25]
[9.32]
[9.28]
[9.26]
[9.22]
[9.21]
[9.23]
[9.23]
[9.06]
[9.24]
[9.25]
[9.24]
[9.29]
[9.55]
[9.28]
[9.27]
[9.27]
[9.25]
[9.24]
[9.28]
[12.21]
[12.29]
[12.32]
[12.27]
[12.3]
[12.29]
[12.25]
[12.25]
[12.25]
[12.29]
[12.3]
[12.3]
[12.31]
[12.36]
[12.34]
[12.35]
[12.36]
[12.37]
[12.39]
[12.39]
[12.4]
[12.36]
[12.39]
[12.4]
[12.41]
[12.52]
[12.25]
[12.25]
[12.03]
[12.31]
[26.75]
[15.2]
[15.05]
[15.12]
[15.03]
[15.09]
[15.17]
[15.22]
[15.41]
[15.4]
[15.43]
[15.24]
[15.14]
[15.08]
[15.29]
[15.3]
[15.23]
[15.22]
[15.17]
[15.21]
[15.24]
[15.21]
[15.26]
[15.09]
[15.03]
[14.94]
[15.09]
[15.28]
[15.3]
[15.52]
[15.38]
[15.46]
[15.26]
[15.55]
[15.54]
[15.27]
[22.36]
[17.87]
[15.85]
[42.75]
[82.22]
[94.05]
[93.25]
[90.97]
[55.68]
[49.63]
[58.09]
[56.67]
[54.59]
[53.59]
[58.05]
[53.08]
[41.74]
[57.88]
[58.89]
[56.17]
[56.45]
[59.98]
[24.57]
[23.68]
[48.95]
[58.59]
[52.66]
[61.65]
[55.39]
[15.63]
[15.57]
[49.45]
[48.02]
[57.5]
[95.04]
[91.35]
[127.12]
[159.08]
[215.85]
[192.9]
[144.63]
[136.75]
[131.02]
[99.64]
[86.83]
[129.19]
[131.03]
[129.73]
[130.49]
[130.52]
[92.3]
[87.76]
[90.33]
[91.84]
[90.24]
[92.4]
[96.82]
[52.74]
[45.22]
[55.96]
[60.38]
[51.61]
[55.5]
[62.81]
[54.04]
[56.12]
[53.08]
[60.33]
[38.11]
[64.66]
[62.07]
[50.21]
[45.53]
[67.12]
[58.52]
[53.52]
[50.52]
[53.77]
[41.06]
[38.17]
[35.45]
[50.08]
[57.71]
[43.73]
[61.41]
[54.5]
[42.43]
[96.98]
[93.31]
[95.73]
[93.08]
[91.61]
[94.94]
[85.74]
[88.4]
[98.74]
[90.94]
[95.37]
[98.5]
[45.13]
[47.61]
[67.66]
[39.1]
[71.69]
[37.29]
[69.59]
[19.53]
[12.7]
[49.99]
[27.12]
[31.05]
[19.21]
[28.46]
[14.31]
[9.94]
[17.83]
[28.86]
[44.83]
[46.46]
[52.06]
[24.01]
[9.42]
[50.97]
[57.23]
[44.2]
[37.8]
[12.15]
[9.41]
[10.47]
[20.43]
[33.31]
[48.25]
[44.01]
[55.45]
[12.7]
[10.36]
[51.64]
[50.92]
[50.38]
[49.93]
[49.1]
[13.79]
[10.13]
[29.22]
[34.2]
[23.2]
[39.35]
[38.77]
[14.08]
[10.2]
[32.49]
[35.58]
[33.86]
[32.24]
[29.9]
[23.23]
[16.87]
[24.9]
[28.37]
[17.49]
[16.74]
[47.53]
[16.06]
[15.03]
[32.65]
[36.66]
[33.79]
[32.62]
[31.6]
[12.79]
[8.68]
[29.3]
[28.48]
[33.01]
[32.79]
[29.71]
[12.11]
[7.79]
[7.39]
[5.3]
[5.33]
[5.36]
[5.41]
[5.44]
[5.46]
[5.48]
[5.51]
[5.52]
[5.54]
[5.55]
[5.56]
[5.57]
[5.58]
[5.41]
[5.59]
[5.59]
[5.59]
[5.59]
[5.59]
[5.59]
[5.52]
[9.82]
[15.53]
[16.95]
[20.82]
[11.7]
[14.18]
[15.4]
[23.39]
[19.41]
[16.47]
[11.42]
[6.71]
[12.54]
[12.67]
[10.63]
[11.37]
[12.05]
[14.44]
[14.47]
[12.32]
[14.46]
[13.82]
[14.57]
[14.58]
[8.47]
[14.78]
[14.81]
[14.47]
[5.31]
[5.31]
[5.29]
[6.65]
[12.03]
[10.97]
[11.68]
[7.09]
[5.32]
[5.32]
[5.33]
[5.32]
[5.32]
[7.66]
[5.32]
[5.32]
[5.32]
[5.29]
[5.21]
[5.09]
[5.1]
[5.1]
[5.1]
[5.11]
[5.11]
[5.1]
[5.12]
[5.22]
[5.48]
[5.49]
[5.27]
[5.12]
[5.13]
[5.12]
[5.12]
[5.11]
[5.16]
[8.76]
[8.76]
[8.94]
[8.95]
[8.95]
[10.8]
[10.34]
[8.93]
[12.82]
[12.41]
[9.78]
[12.71]
[13.05]
[9.78]
[9.61]
[13.47]
[13.71]
[13.82]
[13.8]
[20.11]
[12.1]
[10.21]
[15.44]
[19.36]
[24.22]
[16.35]
[13.82]
[12.91]
[11.05]
[11.21]
[12.63]
[12.73]
[13.93]
[14.]
[12.75]
[12.72]
[14.06]
[13.64]
[13.18]
[14.13]
[14.47]
[12.97]
[12.08]
[13.53]
[13.92]
[14.]
[14.03]
[13.47]
[12.53]
[12.61]
[12.89]
[13.87]
[13.64]
[12.29]
[13.75]
[12.77]
[12.77]
[13.97]
[13.97]
[12.95]
[15.58]
[14.78]
[14.97]
[14.82]
[14.67]
[14.69]
[14.7]
[14.81]
[14.7]
[17.5]
[18.04]
[19.37]
[14.58]
[14.62]
[14.69]
[14.75]
[14.6]
[14.39]
[14.42]
[14.49]
[14.55]
[14.59]
[14.62]
[14.6]
[14.31]
[14.23]
[14.12]
[14.15]
[14.3]
[14.52]
[14.49]
[14.43]
[14.23]
[14.17]
[14.28]
[14.37]
[14.29]
[14.2]
[14.09]
[14.11]
[14.23]
[14.04]
[14.13]
[14.15]
[14.07]
[14.02]
[13.88]
[13.88]
[13.78]
[13.82]
[13.92]
[14.08]
[13.97]
[13.86]
[13.82]
[13.83]
[13.99]
[14.01]
[13.84]
[13.78]
[13.71]
[13.96]
[14.1]
[13.99]
[13.72]
[16.98]
[13.92]
[13.67]
[13.53]
[13.42]
[13.41]
[13.36]
[14.17]
[14.52]
[14.48]
[14.44]
[14.41]
[14.38]
[14.37]
[14.35]
[14.34]
[14.31]
[15.25]
[14.32]
[14.31]
[14.29]
[14.29]
[14.58]
[14.56]
[12.15]
[11.95]
[11.88]
[11.87]
[11.82]
[13.39]
[11.95]
[11.94]
[11.89]
[11.86]
[11.86]
[11.84]
[11.83]
[11.81]
[11.86]
[11.86]
[11.8]
[11.8]
[11.79]
[11.78]
[11.77]
[11.96]
[11.94]
[11.9]
[11.85]
[11.35]
[11.83]
[11.8]
[12.]
[12.06]
[12.03]
[9.66]
[9.6]
[9.59]
[9.63]
[9.74]
[9.73]
[9.68]
[9.68]
[9.7]
[9.68]
[9.68]
[9.67]
[9.67]
[9.73]
[9.77]
[9.75]
[9.77]
[9.77]
[9.77]
[9.74]
[9.74]
[9.73]
[9.72]
[9.75]
[9.75]
[9.79]
[9.77]
[9.77]
[9.78]
[9.77]
[9.09]
[9.09]
[8.91]
[8.69]
[8.69]
[8.66]
[8.69]
[8.7]
[8.7]
[8.66]
[8.67]
[8.77]
[8.78]
[8.78]
[8.77]
[8.78]
[8.77]
[8.74]
[8.74]
[8.77]
[8.77]
[8.77]
[8.76]
[8.77]
[8.76]
[8.77]
[8.77]
[8.76]
[8.76]
[8.77]
[8.71]
[8.26]
[8.23]
[8.06]
[8.02]
[8.01]
[8.04]
[8.06]
[8.04]
[8.05]
[8.06]
[8.05]
[8.05]
[8.07]
[8.07]
[8.06]
[8.04]
[8.08]
[8.07]
[8.07]
[8.03]
[8.1]
[8.09]
[8.1]
[8.11]
[8.1]
[8.11]
[8.12]
[8.11]
[8.11]
[8.13]
[6.13]
[6.11]
[5.91]
[5.29]
[5.35]
[5.29]
[5.31]
[5.3]
[5.3]
[5.3]
[5.31]
[5.3]
[5.27]
[5.29]
[5.29]
[5.29]
[5.3]
[5.3]
[5.34]
[5.31]
[5.31]
[5.32]
[5.32]
[5.31]
[5.33]
[5.32]
[5.32]
[5.31]
[5.33]
[5.32]
[5.34]
[5.34]
[5.89]
[5.74]
[5.51]
[5.5]
[7.49]
[7.16]
[5.55]
[5.56]
[5.48]
[5.43]
[5.41]
[5.42]
[5.48]
[5.44]
[5.44]
[5.44]
[7.99]
[5.37]
[5.4]
[5.41]
[5.38]
[5.38]
[5.39]
[5.38]
[5.38]
[5.43]
[5.4]
[5.41]
[5.42]
[5.41]
[5.41]
[5.41]
[5.41]
[5.42]
[5.44]
[5.44]
[5.45]
[5.47]
[5.47]
[5.4]
[5.42]
[5.44]
[5.46]
[5.47]
[5.46]
[5.46]
[5.47]
[5.47]
[5.42]
[5.48]
[5.49]
[5.48]
[5.46]
[5.46]
[5.5]
[5.51]
[5.48]
[5.46]
[9.04]
[9.13]
[9.13]
[9.16]
[9.17]
[9.17]
[9.19]
[9.21]
[9.24]
[9.24]
[9.22]
[9.2]
[9.27]
[9.28]
[9.28]
[9.29]
[9.32]
[9.33]
[9.33]
[9.34]
[9.36]
[9.37]
[9.38]
[9.41]
[9.41]
[9.41]
[9.41]
[9.42]
[9.83]
[9.49]
[9.52]
[12.18]
[12.29]
[12.29]
[12.33]
[12.37]
[12.42]
[12.45]
[12.39]
[15.27]
[16.55]
[14.11]
[12.06]
[12.15]
[12.22]
[12.2]
[14.89]
[12.24]
[12.29]
[12.3]
[12.82]
[12.19]
[12.16]
[12.29]
[12.32]
[12.3]
[12.41]
[12.47]
[12.46]
[12.66]
[12.65]
[14.68]
[15.59]
[15.66]
[15.62]
[15.61]
[15.62]
[15.55]
[15.55]
[15.53]
[15.48]
[15.58]
[15.63]
[15.67]
[15.73]
[15.76]
[15.69]
[15.74]
[15.74]
[15.7]
[15.75]
[15.81]
[15.74]
[15.69]
[15.67]
[15.67]
[15.69]
[15.71]
[15.78]
[15.82]
[15.85]
[15.84]
[15.82]
[15.81]
[15.68]
[15.65]
[15.45]
[15.76]
[15.72]
[15.72]
[15.72]
[15.86]
[15.62]
[15.55]
[15.84]
[15.47]
[15.85]
[15.91]
[15.89]
[15.6]
[15.96]
[15.99]
[15.84]
[15.77]
[15.99]
[15.57]
[15.56]
[15.78]
[15.69]
[15.67]
[15.63]
[15.75]
[15.5]
[15.92]
[15.96]
[15.99]
[16.2]
[15.99]
[15.99]
[15.96]
[15.93]
[15.94]
[15.96]
[15.89]
[15.75]
[15.57]
[14.85]
[16.98]
[17.18]
[17.15]
[16.64]
[16.94]
[16.89]
[16.85]
[16.85]
[16.82]
[22.09]
[48.14]
[54.09]
[52.25]
[50.82]
[26.21]
[24.32]
[46.38]
[54.6]
[55.32]
[58.59]
[42.22]
[59.61]
[52.27]
[91.07]
[134.99]
[99.13]
[93.08]
[89.49]
[90.15]
[90.7]
[92.91]
[90.54]
[92.41]
[91.17]
[89.85]
[54.37]
[55.31]
[91.98]
[89.63]
[92.51]
[92.65]
[53.92]
[58.15]
[118.86]
[121.02]
[128.01]
[129.11]
[130.04]
[130.07]
[129.96]
[130.52]
[93.73]
[94.19]
[93.43]
[94.32]
[94.03]
[49.04]
[42.92]
[63.69]
[56.03]
[54.7]
[38.34]
[11.79]
[11.72]
[12.96]
[33.11]
[57.23]
[47.44]
[52.93]
[38.46]
[13.38]
[10.84]
[32.12]
[12.86]
[13.04]
[11.96]
[9.06]
[9.09]
[9.87]
[13.99]
[13.87]
[12.77]
[11.54]
[13.62]
[10.08]
[9.89]
[11.66]
[11.41]
[10.97]
[12.27]
[12.58]
[13.52]
[14.11]
[18.19]
[19.12]
[13.6]
[13.55]
[13.48]
[13.43]
[13.64]
[13.07]
[13.76]
[13.75]
[12.85]
[13.71]
[11.22]
[9.92]
[11.7]
[12.05]
[15.5]
[15.5]
[20.41]
[11.86]
[11.21]
[12.16]
[10.03]
[8.58]
[11.93]
[24.96]
[9.81]
[9.12]
[11.89]
[11.97]
[19.72]
[18.14]
[16.04]
[11.71]
[13.74]
[39.18]
[46.43]
[42.22]
[40.7]
[29.17]
[11.6]
[7.7]
[7.77]
[5.18]
[5.21]
[5.24]
[5.27]
[5.28]
[5.29]
[5.31]
[5.33]
[5.34]
[5.35]
[5.36]
[5.37]
[5.38]
[5.39]