0.9008124013311002, 0.9056643602639916, -2.6119217310591734, 191.71276670989914[12.175449]
[9.785578]
[8.432171]
[10.091466]
[9.492063]
[6.339231]
[5.8144684]
[5.7030025]
[5.8765144]
[5.7624874]
[5.644017]
[5.7872214]
[5.5242977]
[7.702479]
[8.0591135]
[8.288273]
[8.430982]
[9.63246]
[11.339068]
[11.107166]
[10.335314]
[9.318517]
[9.090234]
[8.962336]
[8.900012]
[8.90661]
[8.904069]
[8.84846]
[8.758275]
[8.600384]
[8.668755]
[8.793011]
[8.757457]
[8.869099]
[8.845337]
[8.794411]
[8.820762]
[9.124888]
[12.0472975]
[10.14292]
[9.665996]
[10.152726]
[10.206416]
[9.913003]
[11.228939]
[11.483376]
[11.45704]
[11.427645]
[11.655264]
[12.027737]
[12.118182]
[11.857509]
[11.639497]
[11.546037]
[11.471838]
[11.411146]
[11.4263735]
[11.435119]
[11.38109]
[11.361831]
[11.386635]
[11.3747635]
[11.371598]
[11.416709]
[11.4983425]
[11.72529]
[12.09264]
[12.12278]
[11.953214]
[11.952789]
[14.426061]
[9.741357]
[10.8022995]
[11.54424]
[36.57292]
[15.704006]
[13.501973]
[13.584944]
[13.566742]
[13.67015]
[13.81078]
[13.723893]
[13.797512]
[13.962835]
[13.916503]
[13.858059]
[13.999244]
[14.019314]
[14.024952]
[14.077445]
[14.225882]
[14.456963]
[14.50512]
[14.133153]
[14.202042]
[14.285525]
[14.189348]
[14.039247]
[13.939638]
[14.044687]
[14.543641]
[14.663565]
[14.748752]
[15.245485]
[15.353887]
[15.623421]
[17.565535]
[18.849674]
[20.5643]
[33.8321]
[59.385372]
[40.885696]
[68.10556]
[80.66118]
[88.21018]
[96.58994]
[125.72611]
[98.66686]
[73.29384]
[60.279194]
[61.833157]
[60.28251]
[55.698605]
[51.790207]
[52.504795]
[49.281704]
[40.941532]
[48.333263]
[51.16623]
[49.063057]
[48.645325]
[52.491787]
[31.75863]
[28.731237]
[42.547626]
[48.847004]
[44.612312]
[48.91584]
[44.734066]
[22.240707]
[24.607014]
[45.28864]
[47.422337]
[68.04515]
[99.22818]
[135.1795]
[155.9929]
[179.61115]
[211.25104]
[174.3867]
[147.61525]
[141.36098]
[127.90389]
[106.2775]
[88.55576]
[112.569756]
[118.392914]
[118.61216]
[120.26287]
[124.58942]
[101.54152]
[95.86389]
[94.036255]
[92.76902]
[88.68251]
[88.72881]
[91.90758]
[67.88744]
[62.963627]
[72.06359]
[73.10363]
[68.79902]
[68.108864]
[69.84069]
[61.96912]
[59.134285]
[55.08669]
[57.22374]
[43.483253]
[55.221226]
[55.836643]
[48.88886]
[46.259037]
[57.73637]
[52.420338]
[46.781193]
[43.33338]
[44.568913]
[39.493217]
[41.87606]
[44.49034]
[60.358795]
[66.25422]
[59.2852]
[65.63666]
[59.205044]
[53.96525]
[90.377045]
[93.69557]
[92.387955]
[86.15652]
[82.11684]
[83.06079]
[78.223465]
[82.240456]
[91.5739]
[88.152306]
[92.76837]
[96.315506]
[67.92525]
[67.380226]
[76.53749]
[58.81945]
[71.45509]
[52.498848]
[64.90341]
[38.008415]
[30.163063]
[48.114586]
[36.9155]
[36.018803]
[29.553478]
[32.25107]
[25.445665]
[20.466997]
[23.930403]
[29.442707]
[36.510727]
[37.55832]
[40.993065]
[29.381996]
[22.663767]
[42.75561]
[48.622887]
[40.72065]
[37.35232]
[26.577305]
[24.93359]
[24.206411]
[28.073826]
[32.867416]
[39.23844]
[37.074814]
[42.469418]
[21.552393]
[19.009327]
[39.674942]
[40.116005]
[38.95949]
[39.122055]
[37.503193]
[20.725698]
[20.363657]
[30.109535]
[32.229794]
[26.028595]
[31.671349]
[31.200798]
[19.269678]
[14.986379]
[25.87462]
[28.040094]
[26.927391]
[25.15414]
[23.756336]
[20.076012]
[17.005304]
[20.700138]
[22.927858]
[18.703974]
[20.33762]
[37.915405]
[22.951801]
[18.065186]
[25.91107]
[27.893854]
[26.283545]
[24.892742]
[23.923607]
[14.618675]
[10.748084]
[21.297556]
[21.1166]
[22.52982]
[23.461258]
[21.94475]
[13.717322]
[9.442038]
[8.853516]
[7.8479733]
[7.4812326]
[7.8570886]
[7.9141526]
[7.914072]
[7.7116632]
[7.4288917]
[7.505655]
[7.3846903]
[7.4278593]
[7.2291107]
[7.1722684]
[7.088404]
[7.098143]
[7.007208]
[6.9625025]
[6.9116564]
[6.8300576]
[6.8300576]
[6.8300576]
[6.8300576]
[6.6302757]
[8.051367]
[12.723032]
[12.6363325]
[14.07067]
[10.599241]
[10.395163]
[11.528292]
[15.289035]
[14.114959]
[12.595497]
[9.817948]
[7.1694665]
[8.913874]
[10.021817]
[8.801654]
[8.8480835]
[9.46767]
[10.755567]
[11.068582]
[10.055677]
[10.712149]
[17.125729]
[12.852704]
[11.378447]
[8.578409]
[10.639402]
[11.914942]
[11.625646]
[6.9257803]
[5.840467]
[5.9644375]
[6.377506]
[9.291391]
[9.471435]
[9.561511]
[7.3057413]
[5.859937]
[5.7341537]
[5.799719]
[5.6822577]
[5.825388]
[6.722789]
[6.0385666]
[5.7261524]
[5.582917]
[5.8312674]
[5.5193152]
[5.9705515]
[6.027115]
[6.4097476]
[6.2584558]
[6.0841203]
[6.008095]
[5.875787]
[5.8879495]
[5.832784]
[6.032305]
[5.954574]
[6.0776753]
[5.678636]
[5.982578]
[5.787164]
[5.911429]
[5.9073715]
[5.822156]
[7.71801]
[8.018327]
[12.653782]
[9.304791]
[8.420726]
[9.126229]
[9.428059]
[8.285997]
[11.050264]
[10.997746]
[9.273618]
[10.402705]
[11.406296]
[9.603217]
[9.118136]
[11.574338]
[12.2599945]
[12.357137]
[12.013848]
[16.374754]
[12.348732]
[9.894142]
[12.608875]
[16.247437]
[19.216002]
[14.579435]
[12.603928]
[11.618886]
[10.48219]
[10.176477]
[11.124453]
[11.5513]
[12.179084]
[12.592513]
[11.87687]
[11.697243]
[12.3800745]
[12.391551]
[12.352417]
[12.829263]
[13.106632]
[12.216582]
[11.500041]
[12.312871]
[12.703686]
[12.815075]
[12.834254]
[12.497735]
[11.831271]
[11.774045]
[12.302657]
[13.243501]
[12.913274]
[11.843817]
[13.016025]
[12.695321]
[12.111186]
[12.868854]
[13.066216]
[12.323011]
[14.099998]
[13.897991]
[13.954333]
[13.905714]
[13.798454]
[13.790455]
[13.754826]
[13.941165]
[13.859613]
[15.555345]
[17.888687]
[17.012585]
[13.806105]
[13.752706]
[14.023928]
[13.803522]
[14.097554]
[13.907322]
[13.934983]
[14.022454]
[13.823218]
[13.767622]
[13.54307]
[13.573858]
[13.397498]
[13.236356]
[13.166699]
[13.221632]
[13.269084]
[13.42666]
[13.384273]
[13.3821535]
[13.337096]
[13.337941]
[13.325566]
[13.457775]
[13.423183]
[13.198948]
[13.150741]
[13.128371]
[13.20253]
[13.106627]
[13.11136]
[13.174095]
[13.271882]
[13.272809]
[12.913739]
[13.041161]
[12.9401865]
[12.601936]
[12.909851]
[13.0163765]
[12.804192]
[12.756349]
[12.678215]
[12.575484]
[12.263339]
[12.545745]
[12.591605]
[12.75922]
[12.927978]
[12.926521]
[13.486236]
[14.176435]
[14.762025]
[7.4820223]
[35.012173]
[20.555372]
[16.755167]
[12.389859]
[13.616427]
[14.14071]
[14.598734]
[14.530472]
[14.44174]
[14.272136]
[13.978596]
[13.758724]
[13.676464]
[13.654412]
[13.721093]
[13.717012]
[14.342469]
[13.825342]
[13.654299]
[13.610125]
[13.637338]
[13.111847]
[13.637982]
[12.178804]
[11.659627]
[11.553683]
[11.801374]
[12.016694]
[13.08369]
[12.448314]
[12.084076]
[11.9671335]
[11.916466]
[11.841511]
[11.8889475]
[12.007986]
[11.885961]
[11.855245]
[11.802658]
[11.768112]
[11.69229]
[11.6322365]
[11.617597]
[11.75476]
[12.091185]
[12.676332]
[13.4663105]
[13.65441]
[13.526106]
[13.253297]
[13.016717]
[12.858196]
[12.918875]
[13.006332]
[11.947541]
[11.706128]
[11.288547]
[11.116956]
[11.063687]
[10.959583]
[10.836855]
[10.7219]
[10.634068]
[10.520378]
[10.4583845]
[10.4123535]
[10.321142]
[10.30622]
[10.287649]
[10.25497]
[10.23847]
[10.190697]
[10.13837]
[10.06262]
[9.998355]
[9.945454]
[9.878965]
[9.866194]
[9.873663]
[9.882315]
[9.823807]
[9.80295]
[9.850486]
[9.857476]
[9.515788]
[9.44156]
[9.297231]
[9.075375]
[9.019083]
[9.099357]
[9.164195]
[9.107018]
[9.0149975]
[8.944537]
[9.147145]
[9.96406]
[10.613677]
[10.540621]
[10.088331]
[9.764529]
[9.523645]
[9.354258]
[9.233069]
[9.183612]
[9.166303]
[9.087473]
[9.017107]
[8.982212]
[8.887872]
[8.96963]
[9.262412]
[9.391746]
[9.389339]
[9.448053]
[9.343041]
[8.858954]
[8.629618]
[8.475121]
[8.399053]
[8.344433]
[8.383363]
[8.417359]
[8.345306]
[8.273363]
[8.285353]
[8.268625]
[8.237912]
[8.249214]
[8.243508]
[8.205034]
[8.205139]
[8.206659]
[8.171433]
[8.131654]
[8.086292]
[8.018042]
[8.120193]
[8.065529]
[8.064331]
[8.10775]
[8.130097]
[8.107993]
[8.194716]
[8.296062]
[8.374829]
[7.222505]
[6.931062]
[6.7754645]
[6.3169527]
[6.197698]
[6.1882186]
[6.116522]
[6.204589]
[6.156404]
[6.1151605]
[6.205616]
[6.156124]
[6.1426616]
[6.152771]
[6.0363994]
[6.058965]
[6.0911803]
[5.830883]
[6.0442495]
[6.0070934]
[5.9593997]
[6.054369]
[5.981686]
[5.9709754]
[5.9798613]
[5.9704847]
[5.9636145]
[5.954339]
[5.959033]
[5.8326564]
[5.9893885]
[5.769454]
[6.2294035]
[6.1262507]
[9.057304]
[6.8412714]
[7.164571]
[7.706329]
[6.2970576]
[5.9076037]
[5.89398]
[5.845181]
[6.036488]
[5.908176]
[5.975956]
[5.9077544]
[5.956841]
[5.8975635]
[7.63193]
[6.526207]
[5.9924626]
[5.97972]
[5.967283]
[5.9551525]
[5.943072]
[5.77483]
[5.8371587]
[5.888402]
[7.451894]
[6.2536016]
[5.6985974]
[5.8391504]
[5.8101473]
[5.6857514]
[5.8135233]
[5.8057737]
[5.746708]
[5.8557515]
[5.759621]
[5.721488]
[5.801161]
[5.656693]
[5.7181325]
[5.73787]
[5.771002]
[5.671041]
[5.757068]
[5.67654]
[5.744513]
[5.701403]
[5.704483]
[5.6779294]
[5.6890163]
[5.728987]
[5.668548]
[5.6696916]
[5.7210617]
[5.632713]
[5.7300487]
[5.6979513]
[8.440013]
[8.905362]
[9.1789]
[8.929282]
[9.163082]
[9.350485]
[9.2818985]
[9.263183]
[9.859672]
[9.411361]
[9.830442]
[9.38276]
[9.802128]
[9.355092]
[9.77644]
[9.947818]
[9.269743]
[9.140306]
[9.150202]
[9.168516]
[9.134943]
[9.027376]
[8.870092]
[9.078971]
[8.845384]
[9.332569]
[9.158973]
[8.91328]
[9.586245]
[9.727655]
[9.725067]
[11.344898]
[11.682529]
[11.665209]
[12.094028]
[11.69924]
[12.046735]
[12.411454]
[12.338061]
[14.25217]
[15.155784]
[13.670901]
[11.66266]
[11.933998]
[11.888171]
[12.13995]
[14.271138]
[11.941053]
[11.926073]
[11.7947]
[11.883921]
[11.1844]
[11.029138]
[10.948153]
[11.315382]
[11.583668]
[12.018002]
[11.806615]
[11.275776]
[11.478773]
[11.358821]
[12.134569]
[12.31195]
[12.507015]
[12.747557]
[12.547736]
[12.881912]
[12.805615]
[12.92138]
[13.692161]
[13.844713]
[14.071651]
[18.767326]
[16.865274]
[15.482794]
[12.614652]
[15.059294]
[15.715068]
[15.484722]
[15.31055]
[15.235129]
[15.11955]
[14.9437065]
[14.934122]
[14.7476635]
[14.770898]
[14.953351]
[15.059454]
[14.946938]
[15.347344]
[15.262106]
[15.0768585]
[15.240338]
[15.742263]
[15.823557]
[16.959858]
[17.352228]
[15.83432]
[15.806566]
[15.991952]
[17.027697]
[17.44128]
[16.30306]
[16.894514]
[17.102573]
[16.775473]
[17.596771]
[17.839172]
[17.557547]
[16.923613]
[16.938925]
[16.81484]
[16.572756]
[16.37611]
[16.371151]
[16.864412]
[17.656063]
[16.59555]
[16.389748]
[15.667365]
[15.106842]
[15.054403]
[14.853929]
[15.2276535]
[15.400102]
[15.9046335]
[16.153334]
[15.797843]
[15.704583]
[15.69222]
[15.731144]
[15.97573]
[16.028826]
[16.423965]
[21.130068]
[21.967905]
[18.626478]
[27.333569]
[25.026558]
[23.271088]
[24.038431]
[22.114182]
[8.871325]
[16.074362]
[18.641872]
[18.003223]
[21.056791]
[36.53957]
[42.376556]
[42.86082]
[50.40433]
[41.587894]
[36.37016]
[54.795578]
[62.905663]
[63.005974]
[62.88323]
[52.28226]
[65.89477]
[89.751366]
[96.45286]
[121.10137]
[110.63561]
[112.916664]
[104.33697]
[102.97769]
[99.7301]
[99.13051]
[93.47455]
[91.75838]
[88.59526]
[85.58769]
[67.03904]
[69.37884]
[88.065636]
[87.82463]
[86.52097]
[87.331726]
[75.04403]
[87.08927]
[111.34042]
[122.7321]
[129.7267]
[129.16884]
[129.96567]
[130.12415]
[128.76175]
[126.06134]
[101.19529]
[96.49572]
[94.236]
[94.40559]
[91.9836]
[61.61469]
[52.33231]
[61.454403]
[56.880592]
[53.53071]
[42.364674]
[27.187237]
[24.046429]
[23.962307]
[34.195198]
[46.878296]
[41.868374]
[43.45795]
[35.58285]
[22.15587]
[18.578491]
[29.922575]
[22.06271]
[18.933378]
[18.54482]
[16.314568]
[15.644576]
[15.485345]
[17.374607]
[17.428274]
[16.44056]
[15.472707]
[16.004732]
[14.635613]
[14.052622]
[15.165014]
[15.056419]
[14.423307]
[14.75682]
[14.780923]
[14.927255]
[15.226845]
[16.878256]
[17.552223]
[14.64958]
[14.051057]
[14.757961]
[15.1481495]
[15.148357]
[14.587416]
[14.511865]
[14.494007]
[13.844517]
[14.220704]
[12.905661]
[11.936446]
[12.827749]
[13.869009]
[15.760664]
[16.310255]
[18.927359]
[15.776285]
[15.247844]
[15.457429]
[14.296745]
[12.6698]
[13.641654]
[20.047876]
[13.670888]
[11.329005]
[12.321059]
[12.573383]
[15.752272]
[15.614663]
[14.370111]
[12.126196]
[12.187248]
[23.400387]
[28.462112]
[27.010807]
[25.973034]
[20.172157]
[13.442859]
[11.040313]
[12.317753]
[9.959899]
[9.358617]
[8.867104]
[8.569539]
[7.960061]
[8.084973]
[7.9072433]
[8.307086]
[7.8543015]
[8.027411]
[7.7575107]
[7.740678]
[7.7201376][10.25]
[9.45]
[13.02]
[10.69]
[5.31]
[5.25]
[5.26]
[5.31]
[5.31]
[5.3]
[5.29]
[5.3]
[9.25]
[9.31]
[9.28]
[9.29]
[9.27]
[9.26]
[9.25]
[9.26]
[9.26]
[9.27]
[9.25]
[9.25]
[9.32]
[9.28]
[9.26]
[9.22]
[9.21]
[9.23]
[9.23]
[9.06]
[9.24]
[9.25]
[9.24]
[9.29]
[9.55]
[9.28]
[9.27]
[9.27]
[9.25]
[9.24]
[9.28]
[12.21]
[12.29]
[12.32]
[12.27]
[12.3]
[12.29]
[12.25]
[12.25]
[12.25]
[12.29]
[12.3]
[12.3]
[12.31]
[12.36]
[12.34]
[12.35]
[12.36]
[12.37]
[12.39]
[12.39]
[12.4]
[12.36]
[12.39]
[12.4]
[12.41]
[12.52]
[12.25]
[12.25]
[12.03]
[12.31]
[26.75]
[15.2]
[15.05]
[15.12]
[15.03]
[15.09]
[15.17]
[15.22]
[15.41]
[15.4]
[15.43]
[15.24]
[15.14]
[15.08]
[15.29]
[15.3]
[15.23]
[15.22]
[15.17]
[15.21]
[15.24]
[15.21]
[15.26]
[15.09]
[15.03]
[14.94]
[15.09]
[15.28]
[15.3]
[15.52]
[15.38]
[15.46]
[15.26]
[15.55]
[15.54]
[15.27]
[22.36]
[17.87]
[15.85]
[42.75]
[82.22]
[94.05]
[93.25]
[90.97]
[55.68]
[49.63]
[58.09]
[56.67]
[54.59]
[53.59]
[58.05]
[53.08]
[41.74]
[57.88]
[58.89]
[56.17]
[56.45]
[59.98]
[24.57]
[23.68]
[48.95]
[58.59]
[52.66]
[61.65]
[55.39]
[15.63]
[15.57]
[49.45]
[48.02]
[57.5]
[95.04]
[91.35]
[127.12]
[159.08]
[215.85]
[192.9]
[144.63]
[136.75]
[131.02]
[99.64]
[86.83]
[129.19]
[131.03]
[129.73]
[130.49]
[130.52]
[92.3]
[87.76]
[90.33]
[91.84]
[90.24]
[92.4]
[96.82]
[52.74]
[45.22]
[55.96]
[60.38]
[51.61]
[55.5]
[62.81]
[54.04]
[56.12]
[53.08]
[60.33]
[38.11]
[64.66]
[62.07]
[50.21]
[45.53]
[67.12]
[58.52]
[53.52]
[50.52]
[53.77]
[41.06]
[38.17]
[35.45]
[50.08]
[57.71]
[43.73]
[61.41]
[54.5]
[42.43]
[96.98]
[93.31]
[95.73]
[93.08]
[91.61]
[94.94]
[85.74]
[88.4]
[98.74]
[90.94]
[95.37]
[98.5]
[45.13]
[47.61]
[67.66]
[39.1]
[71.69]
[37.29]
[69.59]
[19.53]
[12.7]
[49.99]
[27.12]
[31.05]
[19.21]
[28.46]
[14.31]
[9.94]
[17.83]
[28.86]
[44.83]
[46.46]
[52.06]
[24.01]
[9.42]
[50.97]
[57.23]
[44.2]
[37.8]
[12.15]
[9.41]
[10.47]
[20.43]
[33.31]
[48.25]
[44.01]
[55.45]
[12.7]
[10.36]
[51.64]
[50.92]
[50.38]
[49.93]
[49.1]
[13.79]
[10.13]
[29.22]
[34.2]
[23.2]
[39.35]
[38.77]
[14.08]
[10.2]
[32.49]
[35.58]
[33.86]
[32.24]
[29.9]
[23.23]
[16.87]
[24.9]
[28.37]
[17.49]
[16.74]
[47.53]
[16.06]
[15.03]
[32.65]
[36.66]
[33.79]
[32.62]
[31.6]
[12.79]
[8.68]
[29.3]
[28.48]
[33.01]
[32.79]
[29.71]
[12.11]
[7.79]
[7.39]
[5.3]
[5.33]
[5.36]
[5.41]
[5.44]
[5.46]
[5.48]
[5.51]
[5.52]
[5.54]
[5.55]
[5.56]
[5.57]
[5.58]
[5.41]
[5.59]
[5.59]
[5.59]
[5.59]
[5.59]
[5.59]
[5.52]
[9.82]
[15.53]
[16.95]
[20.82]
[11.7]
[14.18]
[15.4]
[23.39]
[19.41]
[16.47]
[11.42]
[6.71]
[12.54]
[12.67]
[10.63]
[11.37]
[12.05]
[14.44]
[14.47]
[12.32]
[14.46]
[13.82]
[14.57]
[14.58]
[8.47]
[14.78]
[14.81]
[14.47]
[5.31]
[5.31]
[5.29]
[6.65]
[12.03]
[10.97]
[11.68]
[7.09]
[5.32]
[5.32]
[5.33]
[5.32]
[5.32]
[7.66]
[5.32]
[5.32]
[5.32]
[5.29]
[5.21]
[5.09]
[5.1]
[5.1]
[5.1]
[5.11]
[5.11]
[5.1]
[5.12]
[5.22]
[5.48]
[5.49]
[5.27]
[5.12]
[5.13]
[5.12]
[5.12]
[5.11]
[5.16]
[8.76]
[8.76]
[8.94]
[8.95]
[8.95]
[10.8]
[10.34]
[8.93]
[12.82]
[12.41]
[9.78]
[12.71]
[13.05]
[9.78]
[9.61]
[13.47]
[13.71]
[13.82]
[13.8]
[20.11]
[12.1]
[10.21]
[15.44]
[19.36]
[24.22]
[16.35]
[13.82]
[12.91]
[11.05]
[11.21]
[12.63]
[12.73]
[13.93]
[14.]
[12.75]
[12.72]
[14.06]
[13.64]
[13.18]
[14.13]
[14.47]
[12.97]
[12.08]
[13.53]
[13.92]
[14.]
[14.03]
[13.47]
[12.53]
[12.61]
[12.89]
[13.87]
[13.64]
[12.29]
[13.75]
[12.77]
[12.77]
[13.97]
[13.97]
[12.95]
[15.58]
[14.78]
[14.97]
[14.82]
[14.67]
[14.69]
[14.7]
[14.81]
[14.7]
[17.5]
[18.04]
[19.37]
[14.58]
[14.62]
[14.69]
[14.75]
[14.6]
[14.39]
[14.42]
[14.49]
[14.55]
[14.59]
[14.62]
[14.6]
[14.31]
[14.23]
[14.12]
[14.15]
[14.3]
[14.52]
[14.49]
[14.43]
[14.23]
[14.17]
[14.28]
[14.37]
[14.29]
[14.2]
[14.09]
[14.11]
[14.23]
[14.04]
[14.13]
[14.15]
[14.07]
[14.02]
[13.88]
[13.88]
[13.78]
[13.82]
[13.92]
[14.08]
[13.97]
[13.86]
[13.82]
[13.83]
[13.99]
[14.01]
[13.84]
[13.78]
[13.71]
[13.96]
[14.1]
[13.99]
[13.72]
[16.98]
[13.92]
[13.67]
[13.53]
[13.42]
[13.41]
[13.36]
[14.17]
[14.52]
[14.48]
[14.44]
[14.41]
[14.38]
[14.37]
[14.35]
[14.34]
[14.31]
[15.25]
[14.32]
[14.31]
[14.29]
[14.29]
[14.58]
[14.56]
[12.15]
[11.95]
[11.88]
[11.87]
[11.82]
[13.39]
[11.95]
[11.94]
[11.89]
[11.86]
[11.86]
[11.84]
[11.83]
[11.81]
[11.86]
[11.86]
[11.8]
[11.8]
[11.79]
[11.78]
[11.77]
[11.96]
[11.94]
[11.9]
[11.85]
[11.35]
[11.83]
[11.8]
[12.]
[12.06]
[12.03]
[9.66]
[9.6]
[9.59]
[9.63]
[9.74]
[9.73]
[9.68]
[9.68]
[9.7]
[9.68]
[9.68]
[9.67]
[9.67]
[9.73]
[9.77]
[9.75]
[9.77]
[9.77]
[9.77]
[9.74]
[9.74]
[9.73]
[9.72]
[9.75]
[9.75]
[9.79]
[9.77]
[9.77]
[9.78]
[9.77]
[9.09]
[9.09]
[8.91]
[8.69]
[8.69]
[8.66]
[8.69]
[8.7]
[8.7]
[8.66]
[8.67]
[8.77]
[8.78]
[8.78]
[8.77]
[8.78]
[8.77]
[8.74]
[8.74]
[8.77]
[8.77]
[8.77]
[8.76]
[8.77]
[8.76]
[8.77]
[8.77]
[8.76]
[8.76]
[8.77]
[8.71]
[8.26]
[8.23]
[8.06]
[8.02]
[8.01]
[8.04]
[8.06]
[8.04]
[8.05]
[8.06]
[8.05]
[8.05]
[8.07]
[8.07]
[8.06]
[8.04]
[8.08]
[8.07]
[8.07]
[8.03]
[8.1]
[8.09]
[8.1]
[8.11]
[8.1]
[8.11]
[8.12]
[8.11]
[8.11]
[8.13]
[6.13]
[6.11]
[5.91]
[5.29]
[5.35]
[5.29]
[5.31]
[5.3]
[5.3]
[5.3]
[5.31]
[5.3]
[5.27]
[5.29]
[5.29]
[5.29]
[5.3]
[5.3]
[5.34]
[5.31]
[5.31]
[5.32]
[5.32]
[5.31]
[5.33]
[5.32]
[5.32]
[5.31]
[5.33]
[5.32]
[5.34]
[5.34]
[5.89]
[5.74]
[5.51]
[5.5]
[7.49]
[7.16]
[5.55]
[5.56]
[5.48]
[5.43]
[5.41]
[5.42]
[5.48]
[5.44]
[5.44]
[5.44]
[7.99]
[5.37]
[5.4]
[5.41]
[5.38]
[5.38]
[5.39]
[5.38]
[5.38]
[5.43]
[5.4]
[5.41]
[5.42]
[5.41]
[5.41]
[5.41]
[5.41]
[5.42]
[5.44]
[5.44]
[5.45]
[5.47]
[5.47]
[5.4]
[5.42]
[5.44]
[5.46]
[5.47]
[5.46]
[5.46]
[5.47]
[5.47]
[5.42]
[5.48]
[5.49]
[5.48]
[5.46]
[5.46]
[5.5]
[5.51]
[5.48]
[5.46]
[9.04]
[9.13]
[9.13]
[9.16]
[9.17]
[9.17]
[9.19]
[9.21]
[9.24]
[9.24]
[9.22]
[9.2]
[9.27]
[9.28]
[9.28]
[9.29]
[9.32]
[9.33]
[9.33]
[9.34]
[9.36]
[9.37]
[9.38]
[9.41]
[9.41]
[9.41]
[9.41]
[9.42]
[9.83]
[9.49]
[9.52]
[12.18]
[12.29]
[12.29]
[12.33]
[12.37]
[12.42]
[12.45]
[12.39]
[15.27]
[16.55]
[14.11]
[12.06]
[12.15]
[12.22]
[12.2]
[14.89]
[12.24]
[12.29]
[12.3]
[12.82]
[12.19]
[12.16]
[12.29]
[12.32]
[12.3]
[12.41]
[12.47]
[12.46]
[12.66]
[12.65]
[14.68]
[15.59]
[15.66]
[15.62]
[15.61]
[15.62]
[15.55]
[15.55]
[15.53]
[15.48]
[15.58]
[15.63]
[15.67]
[15.73]
[15.76]
[15.69]
[15.74]
[15.74]
[15.7]
[15.75]
[15.81]
[15.74]
[15.69]
[15.67]
[15.67]
[15.69]
[15.71]
[15.78]
[15.82]
[15.85]
[15.84]
[15.82]
[15.81]
[15.68]
[15.65]
[15.45]
[15.76]
[15.72]
[15.72]
[15.72]
[15.86]
[15.62]
[15.55]
[15.84]
[15.47]
[15.85]
[15.91]
[15.89]
[15.6]
[15.96]
[15.99]
[15.84]
[15.77]
[15.99]
[15.57]
[15.56]
[15.78]
[15.69]
[15.67]
[15.63]
[15.75]
[15.5]
[15.92]
[15.96]
[15.99]
[16.2]
[15.99]
[15.99]
[15.96]
[15.93]
[15.94]
[15.96]
[15.89]
[15.75]
[15.57]
[14.85]
[16.98]
[17.18]
[17.15]
[16.64]
[16.94]
[16.89]
[16.85]
[16.85]
[16.82]
[22.09]
[48.14]
[54.09]
[52.25]
[50.82]
[26.21]
[24.32]
[46.38]
[54.6]
[55.32]
[58.59]
[42.22]
[59.61]
[52.27]
[91.07]
[134.99]
[99.13]
[93.08]
[89.49]
[90.15]
[90.7]
[92.91]
[90.54]
[92.41]
[91.17]
[89.85]
[54.37]
[55.31]
[91.98]
[89.63]
[92.51]
[92.65]
[53.92]
[58.15]
[118.86]
[121.02]
[128.01]
[129.11]
[130.04]
[130.07]
[129.96]
[130.52]
[93.73]
[94.19]
[93.43]
[94.32]
[94.03]
[49.04]
[42.92]
[63.69]
[56.03]
[54.7]
[38.34]
[11.79]
[11.72]
[12.96]
[33.11]
[57.23]
[47.44]
[52.93]
[38.46]
[13.38]
[10.84]
[32.12]
[12.86]
[13.04]
[11.96]
[9.06]
[9.09]
[9.87]
[13.99]
[13.87]
[12.77]
[11.54]
[13.62]
[10.08]
[9.89]
[11.66]
[11.41]
[10.97]
[12.27]
[12.58]
[13.52]
[14.11]
[18.19]
[19.12]
[13.6]
[13.55]
[13.48]
[13.43]
[13.64]
[13.07]
[13.76]
[13.75]
[12.85]
[13.71]
[11.22]
[9.92]
[11.7]
[12.05]
[15.5]
[15.5]
[20.41]
[11.86]
[11.21]
[12.16]
[10.03]
[8.58]
[11.93]
[24.96]
[9.81]
[9.12]
[11.89]
[11.97]
[19.72]
[18.14]
[16.04]
[11.71]
[13.74]
[39.18]
[46.43]
[42.22]
[40.7]
[29.17]
[11.6]
[7.7]
[7.77]
[5.18]
[5.21]
[5.24]
[5.27]
[5.28]
[5.29]
[5.31]
[5.33]
[5.34]
[5.35]
[5.36]
[5.37]
[5.38]
[5.39]