0.8905858588068439, 0.9002875452884905, -9.392748169559416, 201.35344972804342[15.123926]
[12.102951]
[10.949735]
[12.905735]
[11.748146]
[8.428993]
[7.8991647]
[7.9679923]
[7.964112]
[7.919028]
[7.908503]
[7.8364]
[7.8736563]
[10.179302]
[10.612197]
[10.562468]
[10.619767]
[10.983748]
[12.246795]
[13.543348]
[12.580707]
[11.662442]
[11.324814]
[11.168397]
[11.089057]
[11.050797]
[11.03029]
[11.00671]
[10.890725]
[10.806382]
[10.756906]
[10.814115]
[10.850324]
[10.94658]
[10.860292]
[10.887397]
[10.875919]
[10.989685]
[14.606995]
[11.803843]
[11.234848]
[11.619444]
[12.034376]
[11.967932]
[13.43639]
[13.532386]
[13.375364]
[13.346957]
[13.347124]
[13.604756]
[13.944085]
[13.913556]
[13.550189]
[13.444252]
[13.388778]
[13.276909]
[13.2799425]
[13.314373]
[13.252498]
[13.221317]
[13.230678]
[13.240475]
[13.191334]
[13.212699]
[13.237291]
[13.217155]
[13.521165]
[13.776524]
[13.508169]
[13.572161]
[16.120377]
[11.053338]
[12.640937]
[13.217508]
[40.33043]
[19.448969]
[15.133968]
[15.178463]
[15.102305]
[15.103561]
[15.206744]
[15.365606]
[15.374153]
[15.383337]
[15.4905205]
[15.25521]
[15.124592]
[15.204095]
[15.486097]
[15.3416605]
[15.266462]
[15.07006]
[15.481177]
[15.6094675]
[15.307196]
[15.365943]
[15.475518]
[15.306063]
[15.27925]
[14.802877]
[15.272786]
[15.446011]
[15.71531]
[16.165482]
[16.340101]
[17.047783]
[20.451958]
[22.474594]
[22.385994]
[33.581497]
[49.558372]
[18.561571]
[72.5678]
[67.46377]
[65.99551]
[98.406235]
[126.852875]
[88.296524]
[75.87389]
[61.520737]
[65.11692]
[62.486668]
[58.16889]
[55.065884]
[56.298294]
[52.971348]
[44.504795]
[52.834743]
[55.40103]
[53.756084]
[53.174282]
[56.43727]
[34.273636]
[29.912134]
[45.523983]
[53.98248]
[49.93563]
[54.720516]
[50.830948]
[24.765137]
[25.135717]
[47.082203]
[52.61197]
[68.11878]
[98.76662]
[140.87973]
[164.39586]
[170.1113]
[201.53139]
[167.71973]
[145.03355]
[135.97635]
[122.625496]
[104.61172]
[90.04479]
[114.99563]
[119.414375]
[121.59138]
[124.56551]
[129.41418]
[105.33768]
[94.91895]
[91.30516]
[95.33612]
[93.14149]
[93.820404]
[98.288414]
[73.22539]
[62.181835]
[70.70072]
[69.80315]
[69.78425]
[66.92307]
[71.1945]
[63.77307]
[60.748238]
[57.05448]
[60.01108]
[45.61192]
[58.78035]
[59.412888]
[51.728065]
[48.307102]
[61.548847]
[56.63766]
[51.24073]
[47.932266]
[49.29749]
[42.561073]
[43.00982]
[47.0242]
[61.64536]
[66.684746]
[61.584682]
[67.3379]
[60.75501]
[57.131546]
[94.6647]
[93.96054]
[94.30301]
[89.17634]
[85.67001]
[87.20571]
[84.24724]
[88.89576]
[97.35062]
[94.886246]
[100.58723]
[101.243774]
[71.081894]
[63.869247]
[72.28598]
[58.432785]
[75.133766]
[53.637135]
[67.86818]
[38.120422]
[28.662203]
[49.824226]
[38.16775]
[37.177635]
[29.987772]
[33.395027]
[25.738056]
[21.363232]
[24.89674]
[30.972927]
[40.027763]
[41.356464]
[44.855255]
[30.444946]
[22.449133]
[45.40851]
[52.47772]
[44.17692]
[39.459423]
[26.029648]
[23.917183]
[24.60448]
[29.091389]
[34.978912]
[42.66247]
[40.414024]
[46.393986]
[22.943232]
[19.293219]
[42.589287]
[44.539616]
[43.101505]
[43.163235]
[42.4656]
[22.300724]
[20.139387]
[32.024635]
[35.338753]
[27.968632]
[35.240894]
[35.339386]
[20.747335]
[16.560143]
[28.537493]
[31.97888]
[30.555832]
[29.122124]
[27.159666]
[23.089792]
[18.987352]
[23.199387]
[26.22147]
[20.877079]
[21.129309]
[40.981976]
[25.186308]
[20.00863]
[29.222246]
[32.642082]
[30.537945]
[29.347538]
[28.130651]
[16.968262]
[12.921976]
[24.637697]
[25.527834]
[27.543684]
[28.005991]
[26.553358]
[15.761875]
[11.764798]
[11.363841]
[10.202557]
[9.962456]
[10.104231]
[10.356453]
[10.450386]
[10.129162]
[9.876309]
[9.841953]
[9.817638]
[9.810488]
[9.651977]
[9.536797]
[9.441986]
[9.450115]
[9.350823]
[9.359203]
[9.250266]
[9.161159]
[9.161159]
[9.161159]
[9.161159]
[9.061931]
[11.109466]
[16.15367]
[15.938059]
[17.75799]
[13.0113]
[13.769868]
[14.729122]
[19.367376]
[17.721449]
[15.66361]
[12.587909]
[9.503297]
[12.397075]
[12.9211855]
[11.574834]
[11.837203]
[12.313938]
[13.82116]
[14.130056]
[12.779868]
[13.754574]
[21.514894]
[15.39681]
[14.2633915]
[10.666303]
[13.995594]
[14.582427]
[14.046688]
[8.8041315]
[8.089995]
[8.128973]
[8.915613]
[12.052512]
[12.048773]
[12.069757]
[9.429554]
[8.054988]
[7.906861]
[7.9200144]
[7.909968]
[7.8437066]
[9.26994]
[8.095401]
[7.813111]
[7.876041]
[7.810864]
[7.795094]
[7.735696]
[8.125584]
[8.294515]
[8.10702]
[8.009896]
[7.8669333]
[7.8092027]
[7.8167114]
[7.875903]
[7.9829807]
[8.00773]
[7.9026895]
[7.9620204]
[7.81027]
[7.7885666]
[7.803474]
[7.795813]
[7.8237576]
[9.940072]
[10.340022]
[15.110065]
[11.326522]
[10.430035]
[11.722272]
[11.451357]
[10.543103]
[13.655224]
[13.07808]
[11.226736]
[12.887244]
[13.399833]
[11.341509]
[10.9525585]
[13.455649]
[14.170515]
[14.1471815]
[14.126046]
[19.376648]
[13.795163]
[11.39879]
[14.949141]
[18.989815]
[22.763123]
[17.173704]
[14.375027]
[13.52284]
[12.118499]
[12.147216]
[13.147447]
[13.282712]
[14.177345]
[14.36982]
[13.418367]
[13.323408]
[14.333979]
[14.005242]
[13.579815]
[14.438087]
[14.679043]
[13.622188]
[12.809738]
[13.768226]
[14.079369]
[14.044535]
[13.956216]
[13.5676365]
[12.846393]
[13.258494]
[13.909809]
[14.793002]
[14.150404]
[13.526264]
[14.772805]
[14.24808]
[13.575068]
[14.120789]
[14.082631]
[13.485556]
[14.796834]
[14.559871]
[14.635946]
[14.549688]
[14.317421]
[14.2261505]
[14.367376]
[14.382394]
[14.343256]
[16.135094]
[18.999756]
[18.189425]
[14.927979]
[14.62035]
[14.707429]
[15.263334]
[14.905127]
[14.621512]
[14.559243]
[14.563144]
[14.706278]
[14.697425]
[14.768426]
[14.777119]
[14.560894]
[14.4412565]
[14.425796]
[14.406464]
[14.580243]
[14.7690735]
[14.812302]
[14.794445]
[14.685071]
[14.611029]
[14.749]
[14.866407]
[14.79353]
[14.544449]
[14.331145]
[14.229494]
[14.230179]
[14.019823]
[13.967475]
[13.994517]
[13.905119]
[13.790795]
[13.533552]
[13.4660425]
[13.180522]
[13.006663]
[13.046294]
[13.050711]
[12.851093]
[12.651225]
[12.595573]
[12.526931]
[12.710827]
[12.944894]
[13.05933]
[13.20382]
[13.151681]
[13.316075]
[13.562706]
[13.626118]
[13.297469]
[25.723389]
[-7.493446]
[46.452286]
[14.240052]
[11.245204]
[13.90941]
[15.213375]
[16.22623]
[16.532358]
[16.438747]
[16.416561]
[16.38925]
[16.34479]
[16.231964]
[16.137938]
[16.129473]
[16.069307]
[16.69759]
[16.041164]
[15.881586]
[15.832408]
[15.746243]
[15.274617]
[15.8864975]
[14.26588]
[13.843804]
[13.802223]
[13.99124]
[14.102739]
[15.295087]
[14.34166]
[13.981808]
[13.785807]
[13.623022]
[13.496819]
[13.536997]
[13.527845]
[13.415438]
[13.295719]
[13.218698]
[13.102029]
[12.999495]
[12.895176]
[12.882113]
[13.037144]
[13.756673]
[14.671941]
[15.271853]
[14.912215]
[14.885414]
[14.339557]
[13.871497]
[13.741353]
[13.641397]
[14.194363]
[13.09382]
[12.319237]
[11.9176855]
[11.650343]
[11.753067]
[11.683453]
[11.704129]
[11.625485]
[11.669082]
[11.582713]
[11.537995]
[11.607845]
[11.488634]
[11.580665]
[11.527127]
[11.546556]
[11.540311]
[11.546981]
[11.504093]
[11.479601]
[11.424139]
[11.418936]
[11.356816]
[11.34656]
[11.350125]
[11.39874]
[11.340393]
[11.277882]
[11.358921]
[11.277674]
[10.927021]
[10.872521]
[10.772319]
[10.558216]
[10.430428]
[10.502306]
[10.604269]
[10.592674]
[10.547729]
[10.359788]
[10.367913]
[10.958091]
[11.388361]
[11.804723]
[11.409919]
[11.14826]
[10.944368]
[10.837774]
[10.77269]
[10.691928]
[10.757849]
[10.681974]
[10.619806]
[10.659061]
[10.529915]
[10.452387]
[10.670699]
[10.871685]
[10.743406]
[10.892421]
[10.877539]
[10.44686]
[10.245347]
[10.0942545]
[10.057573]
[9.968187]
[10.00895]
[10.0706625]
[10.031883]
[9.929143]
[9.97652]
[9.94896]
[9.919039]
[9.924639]
[9.946142]
[9.868996]
[9.903709]
[9.891094]
[9.8880005]
[9.839121]
[9.757524]
[9.910956]
[9.8309145]
[9.748061]
[9.799438]
[9.85908]
[9.773629]
[9.800749]
[9.747071]
[9.83591]
[9.8959]
[8.618797]
[8.41039]
[8.284179]
[7.767103]
[7.7578034]
[7.648638]
[7.7205853]
[7.6888523]
[7.6141295]
[7.706735]
[7.684661]
[7.6509714]
[7.629935]
[7.6335616]
[7.6899643]
[7.636683]
[7.5660267]
[7.7225075]
[7.61549]
[7.550427]
[7.671778]
[7.644255]
[7.6204987]
[7.6126633]
[7.6215467]
[7.6168523]
[7.610913]
[7.6045394]
[7.610159]
[7.6717024]
[7.572639]
[7.6598234]
[7.953336]
[7.9341483]
[11.415127]
[8.31852]
[9.407303]
[9.659704]
[8.010966]
[7.751589]
[7.7188153]
[7.6725006]
[8.009244]
[7.689807]
[7.9817343]
[7.6915884]
[7.969302]
[7.683842]
[9.90098]
[8.344198]
[7.957182]
[7.9467936]
[7.936962]
[7.9272184]
[7.900496]
[7.6060295]
[7.8012543]
[7.467428]
[9.619546]
[7.8996925]
[7.486377]
[7.637767]
[7.46053]
[7.3996124]
[7.5362535]
[7.3803544]
[7.4575896]
[7.442196]
[7.28986]
[7.3536468]
[7.26069]
[7.165039]
[7.156861]
[7.228837]
[7.1412177]
[7.154429]
[7.0823336]
[7.0312467]
[7.0271053]
[7.0360975]
[6.939455]
[6.9314837]
[6.9484224]
[6.8975573]
[6.8451543]
[6.848253]
[6.82131]
[6.8112187]
[6.7715206]
[6.695662]
[9.631369]
[9.593621]
[9.971517]
[9.638327]
[9.954301]
[10.054859]
[10.003481]
[9.981705]
[10.588321]
[10.054235]
[10.556042]
[10.022681]
[10.523705]
[9.991301]
[10.493298]
[10.578188]
[10.026934]
[9.941553]
[9.962758]
[9.983716]
[10.016317]
[10.000152]
[10.029489]
[10.393517]
[10.151702]
[10.670737]
[10.456189]
[10.208064]
[10.953541]
[11.078395]
[11.056865]
[12.8612175]
[13.060178]
[13.024194]
[13.462559]
[12.909079]
[13.135247]
[13.495004]
[13.383885]
[15.893917]
[17.324278]
[15.501414]
[12.384615]
[12.250829]
[12.146897]
[12.412959]
[15.271696]
[12.508331]
[11.869867]
[11.690636]
[11.925951]
[11.145184]
[10.988313]
[11.274726]
[11.541518]
[11.874141]
[11.937791]
[11.691417]
[11.462523]
[11.572378]
[11.560245]
[12.744638]
[13.494707]
[13.875201]
[14.22347]
[13.836158]
[13.896071]
[13.086952]
[12.637687]
[12.672389]
[13.183806]
[12.295344]
[18.845646]
[15.505115]
[14.4130335]
[11.860764]
[14.667981]
[15.271517]
[15.374154]
[15.234561]
[15.281289]
[15.208584]
[15.113048]
[15.114578]
[14.999278]
[14.461016]
[13.871453]
[13.6103945]
[14.285906]
[14.796343]
[14.493329]
[14.969572]
[14.348234]
[12.7538185]
[12.715017]
[12.34901]
[10.647224]
[14.179399]
[15.628464]
[16.32279]
[17.581427]
[17.215029]
[15.476366]
[16.805113]
[16.51714]
[16.274103]
[17.519793]
[17.569565]
[17.626255]
[17.384504]
[17.532076]
[17.582422]
[17.487799]
[17.44284]
[17.508633]
[16.968431]
[17.182547]
[17.653273]
[17.98121]
[17.79129]
[17.62314]
[17.602877]
[17.344973]
[17.662382]
[17.779472]
[17.939981]
[18.335505]
[18.088717]
[17.88033]
[17.761929]
[17.834452]
[17.886292]
[18.11514]
[18.373987]
[21.426678]
[22.689583]
[19.766838]
[26.80242]
[26.601103]
[23.73432]
[24.54731]
[22.857315]
[8.283019]
[17.763577]
[19.489195]
[19.198906]
[22.38107]
[40.313946]
[48.223114]
[52.84851]
[54.792736]
[45.454273]
[36.417995]
[55.974796]
[64.28255]
[63.44512]
[65.98295]
[56.586147]
[71.62191]
[85.26805]
[88.09289]
[120.89945]
[112.15277]
[110.96787]
[96.956245]
[96.21823]
[94.321686]
[98.27447]
[94.1187]
[94.03442]
[92.359726]
[91.04232]
[72.09064]
[69.66006]
[87.87886]
[90.84838]
[91.663216]
[93.81366]
[74.47823]
[77.5335]
[104.59286]
[121.226135]
[130.4093]
[129.13168]
[124.40787]
[127.61189]
[129.30388]
[125.15063]
[102.1103]
[101.252975]
[96.110115]
[97.138336]
[96.30132]
[65.3879]
[53.90101]
[64.81485]
[60.1432]
[56.659966]
[44.839684]
[26.744205]
[23.930698]
[24.491205]
[35.86586]
[51.394775]
[46.427685]
[48.251945]
[39.454468]
[23.235374]
[19.638538]
[32.122803]
[22.85405]
[20.582748]
[19.92967]
[17.988293]
[17.470406]
[17.384924]
[19.33023]
[19.246576]
[18.261425]
[17.23427]
[18.006088]
[16.227709]
[15.824573]
[16.955479]
[16.890158]
[16.31363]
[16.61321]
[16.646671]
[16.889576]
[17.050013]
[18.962566]
[19.48327]
[16.340021]
[15.881019]
[16.348156]
[16.915892]
[17.137972]
[16.487139]
[16.45799]
[16.386232]
[15.759162]
[16.10961]
[14.767601]
[13.77205]
[14.673984]
[15.532895]
[17.792671]
[18.15736]
[20.621155]
[16.960112]
[16.654879]
[17.420954]
[16.059202]
[14.461637]
[15.67142]
[22.316517]
[14.957926]
[13.062065]
[14.395442]
[14.44712]
[18.057932]
[17.579603]
[16.115776]
[13.881779]
[14.4567]
[28.013474]
[33.1182]
[31.714966]
[30.771862]
[24.542458]
[15.067691]
[13.799622]
[14.481711]
[12.169778]
[11.55292]
[11.017639]
[10.697388]
[10.166272]
[9.938287]
[9.967438]
[10.266088]
[10.023454]
[9.902648]
[9.779899]
[9.749445]
[9.608054][10.25]
[9.45]
[13.02]
[10.69]
[5.31]
[5.25]
[5.26]
[5.31]
[5.31]
[5.3]
[5.29]
[5.3]
[9.25]
[9.31]
[9.28]
[9.29]
[9.27]
[9.26]
[9.25]
[9.26]
[9.26]
[9.27]
[9.25]
[9.25]
[9.32]
[9.28]
[9.26]
[9.22]
[9.21]
[9.23]
[9.23]
[9.06]
[9.24]
[9.25]
[9.24]
[9.29]
[9.55]
[9.28]
[9.27]
[9.27]
[9.25]
[9.24]
[9.28]
[12.21]
[12.29]
[12.32]
[12.27]
[12.3]
[12.29]
[12.25]
[12.25]
[12.25]
[12.29]
[12.3]
[12.3]
[12.31]
[12.36]
[12.34]
[12.35]
[12.36]
[12.37]
[12.39]
[12.39]
[12.4]
[12.36]
[12.39]
[12.4]
[12.41]
[12.52]
[12.25]
[12.25]
[12.03]
[12.31]
[26.75]
[15.2]
[15.05]
[15.12]
[15.03]
[15.09]
[15.17]
[15.22]
[15.41]
[15.4]
[15.43]
[15.24]
[15.14]
[15.08]
[15.29]
[15.3]
[15.23]
[15.22]
[15.17]
[15.21]
[15.24]
[15.21]
[15.26]
[15.09]
[15.03]
[14.94]
[15.09]
[15.28]
[15.3]
[15.52]
[15.38]
[15.46]
[15.26]
[15.55]
[15.54]
[15.27]
[22.36]
[17.87]
[15.85]
[42.75]
[82.22]
[94.05]
[93.25]
[90.97]
[55.68]
[49.63]
[58.09]
[56.67]
[54.59]
[53.59]
[58.05]
[53.08]
[41.74]
[57.88]
[58.89]
[56.17]
[56.45]
[59.98]
[24.57]
[23.68]
[48.95]
[58.59]
[52.66]
[61.65]
[55.39]
[15.63]
[15.57]
[49.45]
[48.02]
[57.5]
[95.04]
[91.35]
[127.12]
[159.08]
[215.85]
[192.9]
[144.63]
[136.75]
[131.02]
[99.64]
[86.83]
[129.19]
[131.03]
[129.73]
[130.49]
[130.52]
[92.3]
[87.76]
[90.33]
[91.84]
[90.24]
[92.4]
[96.82]
[52.74]
[45.22]
[55.96]
[60.38]
[51.61]
[55.5]
[62.81]
[54.04]
[56.12]
[53.08]
[60.33]
[38.11]
[64.66]
[62.07]
[50.21]
[45.53]
[67.12]
[58.52]
[53.52]
[50.52]
[53.77]
[41.06]
[38.17]
[35.45]
[50.08]
[57.71]
[43.73]
[61.41]
[54.5]
[42.43]
[96.98]
[93.31]
[95.73]
[93.08]
[91.61]
[94.94]
[85.74]
[88.4]
[98.74]
[90.94]
[95.37]
[98.5]
[45.13]
[47.61]
[67.66]
[39.1]
[71.69]
[37.29]
[69.59]
[19.53]
[12.7]
[49.99]
[27.12]
[31.05]
[19.21]
[28.46]
[14.31]
[9.94]
[17.83]
[28.86]
[44.83]
[46.46]
[52.06]
[24.01]
[9.42]
[50.97]
[57.23]
[44.2]
[37.8]
[12.15]
[9.41]
[10.47]
[20.43]
[33.31]
[48.25]
[44.01]
[55.45]
[12.7]
[10.36]
[51.64]
[50.92]
[50.38]
[49.93]
[49.1]
[13.79]
[10.13]
[29.22]
[34.2]
[23.2]
[39.35]
[38.77]
[14.08]
[10.2]
[32.49]
[35.58]
[33.86]
[32.24]
[29.9]
[23.23]
[16.87]
[24.9]
[28.37]
[17.49]
[16.74]
[47.53]
[16.06]
[15.03]
[32.65]
[36.66]
[33.79]
[32.62]
[31.6]
[12.79]
[8.68]
[29.3]
[28.48]
[33.01]
[32.79]
[29.71]
[12.11]
[7.79]
[7.39]
[5.3]
[5.33]
[5.36]
[5.41]
[5.44]
[5.46]
[5.48]
[5.51]
[5.52]
[5.54]
[5.55]
[5.56]
[5.57]
[5.58]
[5.41]
[5.59]
[5.59]
[5.59]
[5.59]
[5.59]
[5.59]
[5.52]
[9.82]
[15.53]
[16.95]
[20.82]
[11.7]
[14.18]
[15.4]
[23.39]
[19.41]
[16.47]
[11.42]
[6.71]
[12.54]
[12.67]
[10.63]
[11.37]
[12.05]
[14.44]
[14.47]
[12.32]
[14.46]
[13.82]
[14.57]
[14.58]
[8.47]
[14.78]
[14.81]
[14.47]
[5.31]
[5.31]
[5.29]
[6.65]
[12.03]
[10.97]
[11.68]
[7.09]
[5.32]
[5.32]
[5.33]
[5.32]
[5.32]
[7.66]
[5.32]
[5.32]
[5.32]
[5.29]
[5.21]
[5.09]
[5.1]
[5.1]
[5.1]
[5.11]
[5.11]
[5.1]
[5.12]
[5.22]
[5.48]
[5.49]
[5.27]
[5.12]
[5.13]
[5.12]
[5.12]
[5.11]
[5.16]
[8.76]
[8.76]
[8.94]
[8.95]
[8.95]
[10.8]
[10.34]
[8.93]
[12.82]
[12.41]
[9.78]
[12.71]
[13.05]
[9.78]
[9.61]
[13.47]
[13.71]
[13.82]
[13.8]
[20.11]
[12.1]
[10.21]
[15.44]
[19.36]
[24.22]
[16.35]
[13.82]
[12.91]
[11.05]
[11.21]
[12.63]
[12.73]
[13.93]
[14.]
[12.75]
[12.72]
[14.06]
[13.64]
[13.18]
[14.13]
[14.47]
[12.97]
[12.08]
[13.53]
[13.92]
[14.]
[14.03]
[13.47]
[12.53]
[12.61]
[12.89]
[13.87]
[13.64]
[12.29]
[13.75]
[12.77]
[12.77]
[13.97]
[13.97]
[12.95]
[15.58]
[14.78]
[14.97]
[14.82]
[14.67]
[14.69]
[14.7]
[14.81]
[14.7]
[17.5]
[18.04]
[19.37]
[14.58]
[14.62]
[14.69]
[14.75]
[14.6]
[14.39]
[14.42]
[14.49]
[14.55]
[14.59]
[14.62]
[14.6]
[14.31]
[14.23]
[14.12]
[14.15]
[14.3]
[14.52]
[14.49]
[14.43]
[14.23]
[14.17]
[14.28]
[14.37]
[14.29]
[14.2]
[14.09]
[14.11]
[14.23]
[14.04]
[14.13]
[14.15]
[14.07]
[14.02]
[13.88]
[13.88]
[13.78]
[13.82]
[13.92]
[14.08]
[13.97]
[13.86]
[13.82]
[13.83]
[13.99]
[14.01]
[13.84]
[13.78]
[13.71]
[13.96]
[14.1]
[13.99]
[13.72]
[16.98]
[13.92]
[13.67]
[13.53]
[13.42]
[13.41]
[13.36]
[14.17]
[14.52]
[14.48]
[14.44]
[14.41]
[14.38]
[14.37]
[14.35]
[14.34]
[14.31]
[15.25]
[14.32]
[14.31]
[14.29]
[14.29]
[14.58]
[14.56]
[12.15]
[11.95]
[11.88]
[11.87]
[11.82]
[13.39]
[11.95]
[11.94]
[11.89]
[11.86]
[11.86]
[11.84]
[11.83]
[11.81]
[11.86]
[11.86]
[11.8]
[11.8]
[11.79]
[11.78]
[11.77]
[11.96]
[11.94]
[11.9]
[11.85]
[11.35]
[11.83]
[11.8]
[12.]
[12.06]
[12.03]
[9.66]
[9.6]
[9.59]
[9.63]
[9.74]
[9.73]
[9.68]
[9.68]
[9.7]
[9.68]
[9.68]
[9.67]
[9.67]
[9.73]
[9.77]
[9.75]
[9.77]
[9.77]
[9.77]
[9.74]
[9.74]
[9.73]
[9.72]
[9.75]
[9.75]
[9.79]
[9.77]
[9.77]
[9.78]
[9.77]
[9.09]
[9.09]
[8.91]
[8.69]
[8.69]
[8.66]
[8.69]
[8.7]
[8.7]
[8.66]
[8.67]
[8.77]
[8.78]
[8.78]
[8.77]
[8.78]
[8.77]
[8.74]
[8.74]
[8.77]
[8.77]
[8.77]
[8.76]
[8.77]
[8.76]
[8.77]
[8.77]
[8.76]
[8.76]
[8.77]
[8.71]
[8.26]
[8.23]
[8.06]
[8.02]
[8.01]
[8.04]
[8.06]
[8.04]
[8.05]
[8.06]
[8.05]
[8.05]
[8.07]
[8.07]
[8.06]
[8.04]
[8.08]
[8.07]
[8.07]
[8.03]
[8.1]
[8.09]
[8.1]
[8.11]
[8.1]
[8.11]
[8.12]
[8.11]
[8.11]
[8.13]
[6.13]
[6.11]
[5.91]
[5.29]
[5.35]
[5.29]
[5.31]
[5.3]
[5.3]
[5.3]
[5.31]
[5.3]
[5.27]
[5.29]
[5.29]
[5.29]
[5.3]
[5.3]
[5.34]
[5.31]
[5.31]
[5.32]
[5.32]
[5.31]
[5.33]
[5.32]
[5.32]
[5.31]
[5.33]
[5.32]
[5.34]
[5.34]
[5.89]
[5.74]
[5.51]
[5.5]
[7.49]
[7.16]
[5.55]
[5.56]
[5.48]
[5.43]
[5.41]
[5.42]
[5.48]
[5.44]
[5.44]
[5.44]
[7.99]
[5.37]
[5.4]
[5.41]
[5.38]
[5.38]
[5.39]
[5.38]
[5.38]
[5.43]
[5.4]
[5.41]
[5.42]
[5.41]
[5.41]
[5.41]
[5.41]
[5.42]
[5.44]
[5.44]
[5.45]
[5.47]
[5.47]
[5.4]
[5.42]
[5.44]
[5.46]
[5.47]
[5.46]
[5.46]
[5.47]
[5.47]
[5.42]
[5.48]
[5.49]
[5.48]
[5.46]
[5.46]
[5.5]
[5.51]
[5.48]
[5.46]
[9.04]
[9.13]
[9.13]
[9.16]
[9.17]
[9.17]
[9.19]
[9.21]
[9.24]
[9.24]
[9.22]
[9.2]
[9.27]
[9.28]
[9.28]
[9.29]
[9.32]
[9.33]
[9.33]
[9.34]
[9.36]
[9.37]
[9.38]
[9.41]
[9.41]
[9.41]
[9.41]
[9.42]
[9.83]
[9.49]
[9.52]
[12.18]
[12.29]
[12.29]
[12.33]
[12.37]
[12.42]
[12.45]
[12.39]
[15.27]
[16.55]
[14.11]
[12.06]
[12.15]
[12.22]
[12.2]
[14.89]
[12.24]
[12.29]
[12.3]
[12.82]
[12.19]
[12.16]
[12.29]
[12.32]
[12.3]
[12.41]
[12.47]
[12.46]
[12.66]
[12.65]
[14.68]
[15.59]
[15.66]
[15.62]
[15.61]
[15.62]
[15.55]
[15.55]
[15.53]
[15.48]
[15.58]
[15.63]
[15.67]
[15.73]
[15.76]
[15.69]
[15.74]
[15.74]
[15.7]
[15.75]
[15.81]
[15.74]
[15.69]
[15.67]
[15.67]
[15.69]
[15.71]
[15.78]
[15.82]
[15.85]
[15.84]
[15.82]
[15.81]
[15.68]
[15.65]
[15.45]
[15.76]
[15.72]
[15.72]
[15.72]
[15.86]
[15.62]
[15.55]
[15.84]
[15.47]
[15.85]
[15.91]
[15.89]
[15.6]
[15.96]
[15.99]
[15.84]
[15.77]
[15.99]
[15.57]
[15.56]
[15.78]
[15.69]
[15.67]
[15.63]
[15.75]
[15.5]
[15.92]
[15.96]
[15.99]
[16.2]
[15.99]
[15.99]
[15.96]
[15.93]
[15.94]
[15.96]
[15.89]
[15.75]
[15.57]
[14.85]
[16.98]
[17.18]
[17.15]
[16.64]
[16.94]
[16.89]
[16.85]
[16.85]
[16.82]
[22.09]
[48.14]
[54.09]
[52.25]
[50.82]
[26.21]
[24.32]
[46.38]
[54.6]
[55.32]
[58.59]
[42.22]
[59.61]
[52.27]
[91.07]
[134.99]
[99.13]
[93.08]
[89.49]
[90.15]
[90.7]
[92.91]
[90.54]
[92.41]
[91.17]
[89.85]
[54.37]
[55.31]
[91.98]
[89.63]
[92.51]
[92.65]
[53.92]
[58.15]
[118.86]
[121.02]
[128.01]
[129.11]
[130.04]
[130.07]
[129.96]
[130.52]
[93.73]
[94.19]
[93.43]
[94.32]
[94.03]
[49.04]
[42.92]
[63.69]
[56.03]
[54.7]
[38.34]
[11.79]
[11.72]
[12.96]
[33.11]
[57.23]
[47.44]
[52.93]
[38.46]
[13.38]
[10.84]
[32.12]
[12.86]
[13.04]
[11.96]
[9.06]
[9.09]
[9.87]
[13.99]
[13.87]
[12.77]
[11.54]
[13.62]
[10.08]
[9.89]
[11.66]
[11.41]
[10.97]
[12.27]
[12.58]
[13.52]
[14.11]
[18.19]
[19.12]
[13.6]
[13.55]
[13.48]
[13.43]
[13.64]
[13.07]
[13.76]
[13.75]
[12.85]
[13.71]
[11.22]
[9.92]
[11.7]
[12.05]
[15.5]
[15.5]
[20.41]
[11.86]
[11.21]
[12.16]
[10.03]
[8.58]
[11.93]
[24.96]
[9.81]
[9.12]
[11.89]
[11.97]
[19.72]
[18.14]
[16.04]
[11.71]
[13.74]
[39.18]
[46.43]
[42.22]
[40.7]
[29.17]
[11.6]
[7.7]
[7.77]
[5.18]
[5.21]
[5.24]
[5.27]
[5.28]
[5.29]
[5.31]
[5.33]
[5.34]
[5.35]
[5.36]
[5.37]
[5.38]
[5.39]