0.8982804702366338, 0.902504975245083, 1.120877248070594, 194.1442437924885[12.105444]
[9.629381]
[8.116945]
[9.921013]
[9.249432]
[5.9046044]
[4.916713]
[4.964871]
[5.013903]
[4.9769735]
[4.9900055]
[4.9501066]
[4.942929]
[7.0173187]
[7.826545]
[7.8075023]
[7.7901883]
[7.8037934]
[8.297002]
[10.093226]
[9.684]
[8.640547]
[8.356516]
[8.23778]
[8.185786]
[8.164828]
[8.166224]
[8.166146]
[8.087111]
[8.031334]
[7.9815545]
[7.956725]
[8.036255]
[8.189482]
[8.10815]
[8.127984]
[8.192637]
[8.13753]
[11.688763]
[9.613932]
[8.268822]
[8.631976]
[9.037384]
[9.047958]
[10.52752]
[10.979825]
[10.850803]
[10.85886]
[10.767326]
[10.989122]
[11.386849]
[11.380262]
[11.037121]
[10.984446]
[10.939272]
[10.821791]
[10.831809]
[10.896637]
[10.84358]
[10.7929945]
[10.812069]
[10.855599]
[10.789683]
[10.803874]
[10.845681]
[10.733404]
[11.060775]
[11.528209]
[11.24709]
[11.251666]
[13.824796]
[9.302725]
[9.887762]
[10.896453]
[34.2565]
[19.561361]
[13.050188]
[13.112074]
[13.044803]
[13.04654]
[13.19764]
[13.41549]
[13.376937]
[13.422446]
[13.572694]
[13.34418]
[13.241597]
[13.40789]
[13.73958]
[13.585623]
[13.530929]
[13.358609]
[13.88316]
[14.097987]
[13.685447]
[13.75648]
[13.907624]
[13.729693]
[13.685029]
[13.1705885]
[13.268072]
[13.965875]
[13.751933]
[13.762589]
[13.848906]
[13.34719]
[17.73754]
[22.364061]
[19.999096]
[36.004322]
[54.224052]
[23.151737]
[61.565784]
[71.15118]
[77.209724]
[94.5852]
[129.58679]
[91.48389]
[75.83051]
[57.903603]
[58.10807]
[56.709236]
[53.99491]
[50.48579]
[50.45396]
[47.972404]
[41.368652]
[45.860615]
[49.20097]
[48.548454]
[46.91216]
[50.18658]
[34.659878]
[27.611454]
[40.118076]
[48.3281]
[45.051193]
[48.26368]
[45.785843]
[25.14929]
[24.081278]
[42.408894]
[45.783096]
[72.55773]
[100.13586]
[138.87527]
[160.82127]
[175.60588]
[209.7481]
[174.85524]
[150.22223]
[140.87859]
[125.76839]
[106.75885]
[86.58648]
[107.10916]
[116.97125]
[115.90881]
[118.56304]
[126.909836]
[110.351555]
[96.42113]
[90.06786]
[91.03009]
[86.845726]
[85.73127]
[89.2995]
[71.83583]
[63.81331]
[71.53974]
[70.80382]
[68.441826]
[66.803444]
[66.01238]
[58.80789]
[55.598667]
[52.3711]
[53.911823]
[43.18595]
[51.011326]
[53.423782]
[46.85647]
[43.681194]
[54.195847]
[51.99108]
[46.24818]
[43.01674]
[43.3549]
[37.964542]
[39.74791]
[43.21382]
[58.657402]
[65.01826]
[56.959465]
[61.35929]
[57.5122]
[52.741608]
[89.59623]
[92.206154]
[90.5082]
[84.53196]
[80.23444]
[80.63735]
[74.53939]
[80.50589]
[88.42254]
[86.4157]
[95.02866]
[98.37158]
[74.01099]
[66.76991]
[72.2728]
[58.495518]
[66.672844]
[51.06561]
[59.652138]
[38.83035]
[27.498657]
[43.455128]
[37.216053]
[34.445824]
[28.768562]
[30.570114]
[24.443306]
[18.012522]
[21.63173]
[28.410809]
[35.538673]
[37.00505]
[39.065998]
[29.371105]
[20.211367]
[38.72622]
[46.754192]
[40.38722]
[35.709206]
[25.516758]
[20.151182]
[20.803915]
[26.502594]
[32.062927]
[37.876816]
[36.601616]
[40.681263]
[24.091877]
[15.459558]
[36.559566]
[40.38534]
[37.838783]
[38.45845]
[37.791897]
[22.206503]
[16.728258]
[28.970753]
[32.78506]
[26.951738]
[31.60353]
[32.13781]
[20.63071]
[13.131504]
[25.168581]
[29.112495]
[28.41639]
[26.907032]
[25.454836]
[21.901726]
[17.120085]
[20.664074]
[24.12006]
[19.27351]
[17.816275]
[35.311703]
[26.087143]
[17.217825]
[26.192005]
[29.572374]
[28.319172]
[26.964603]
[25.74904]
[15.917007]
[9.586914]
[21.201523]
[22.763054]
[24.243889]
[25.436182]
[23.944447]
[14.573475]
[8.485311]
[7.5154123]
[6.3045087]
[5.8553615]
[5.987134]
[6.1453876]
[6.2187343]
[6.0205283]
[5.8509855]
[5.8459044]
[5.8216043]
[5.830495]
[5.721418]
[5.655265]
[5.594342]
[5.6020613]
[5.5090504]
[5.515196]
[5.4741955]
[5.4141626]
[5.4141626]
[5.4141626]
[5.4141626]
[5.3288846]
[7.379409]
[12.843124]
[13.541752]
[15.082528]
[11.03121]
[10.795939]
[11.945549]
[16.252281]
[15.518574]
[13.411895]
[10.169662]
[6.6507845]
[8.911519]
[10.059517]
[8.845225]
[8.877127]
[9.4182625]
[10.945074]
[11.47843]
[10.212017]
[10.943367]
[17.93119]
[13.919062]
[11.696545]
[8.281139]
[10.725338]
[12.023271]
[11.609055]
[6.5917196]
[4.96545]
[5.015371]
[5.716026]
[8.813285]
[9.443941]
[9.43254]
[6.986363]
[5.2426867]
[4.98147]
[5.0148563]
[5.031519]
[4.9929814]
[6.187045]
[5.461057]
[4.966057]
[5.0104218]
[5.010603]
[4.9569936]
[4.8247504]
[4.938781]
[5.312069]
[5.2033567]
[5.1239047]
[5.0731435]
[4.964294]
[4.974298]
[5.0448203]
[5.175748]
[5.189774]
[5.056485]
[5.062445]
[5.09465]
[4.9543395]
[5.0060883]
[5.003726]
[5.0462427]
[6.911018]
[7.6199074]
[12.062799]
[9.332362]
[7.77409]
[8.954382]
[8.94306]
[8.01174]
[10.781092]
[10.769803]
[8.891527]
[10.179071]
[10.999206]
[9.1242895]
[8.436732]
[10.780441]
[11.951302]
[11.930347]
[11.890519]
[16.369705]
[12.335905]
[9.2094]
[12.294839]
[16.456047]
[19.873413]
[15.646048]
[12.477866]
[11.534929]
[10.250489]
[10.108516]
[11.066458]
[11.323198]
[12.147626]
[12.471689]
[11.662077]
[11.495453]
[12.518797]
[12.280029]
[11.873254]
[12.82707]
[13.078983]
[12.113825]
[11.258551]
[12.317052]
[12.5759735]
[12.463379]
[12.415147]
[12.01999]
[11.465809]
[11.277488]
[10.910696]
[12.705557]
[13.5045595]
[11.456796]
[11.404134]
[12.437847]
[12.787159]
[13.132769]
[13.130879]
[12.363977]
[13.776189]
[13.520068]
[13.412456]
[13.405065]
[13.25098]
[13.10631]
[13.035192]
[13.163068]
[13.089534]
[14.7497635]
[17.558784]
[17.002903]
[13.727801]
[12.915103]
[13.274523]
[13.474709]
[13.838664]
[13.599221]
[13.311908]
[13.228485]
[13.187546]
[13.289143]
[13.287721]
[13.266631]
[13.086833]
[12.973796]
[12.802287]
[12.851502]
[12.920162]
[13.100014]
[13.087819]
[13.0358515]
[12.885479]
[12.889755]
[12.906306]
[12.972437]
[12.99185]
[12.86638]
[12.764766]
[12.752915]
[12.832755]
[12.760438]
[12.744678]
[12.734716]
[12.740229]
[12.861011]
[12.359798]
[12.483751]
[12.395413]
[11.922623]
[12.151341]
[12.207269]
[11.967135]
[11.830239]
[11.715831]
[11.6719265]
[11.491751]
[11.660673]
[11.657292]
[11.638165]
[11.735412]
[11.653641]
[12.192898]
[13.075088]
[14.885897]
[19.074095]
[12.768365]
[6.5173364]
[8.675021]
[11.332912]
[11.736398]
[13.375289]
[13.834708]
[13.880805]
[13.854865]
[13.889498]
[13.664875]
[13.771594]
[13.787456]
[13.369271]
[13.411382]
[13.799108]
[14.462573]
[13.830285]
[13.637184]
[13.598202]
[13.749181]
[13.250868]
[13.135605]
[11.434975]
[11.0549135]
[10.476751]
[10.990644]
[11.061021]
[11.745602]
[11.198995]
[11.165113]
[11.022833]
[10.98478]
[10.985681]
[10.546995]
[10.659893]
[10.899288]
[10.950867]
[10.866689]
[10.808487]
[10.882078]
[10.910472]
[10.757695]
[10.443413]
[9.931087]
[11.526994]
[12.327879]
[11.27956]
[11.80218]
[10.92469]
[11.022553]
[11.274944]
[11.17288]
[10.653591]
[9.759056]
[9.32]
[9.544506]
[9.250408]
[9.341955]
[9.29465]
[9.284379]
[9.238827]
[9.249591]
[9.203382]
[9.09334]
[9.19124]
[9.090468]
[9.134015]
[9.128474]
[9.092862]
[9.127878]
[9.123683]
[9.098576]
[9.066993]
[9.026862]
[9.01302]
[8.972015]
[8.933768]
[8.942386]
[9.010078]
[8.977733]
[8.8755865]
[8.957065]
[8.890987]
[8.516552]
[8.459941]
[8.372127]
[8.185031]
[7.982252]
[7.9983034]
[8.161176]
[8.191857]
[8.164623]
[7.936717]
[7.7730823]
[7.6065464]
[8.348072]
[9.0601635]
[8.779291]
[8.614036]
[8.426977]
[8.305747]
[8.2505245]
[8.142413]
[8.199146]
[8.195321]
[8.082443]
[8.161398]
[8.06203]
[7.8414054]
[7.969893]
[8.290854]
[8.173209]
[8.228324]
[8.382081]
[7.984959]
[7.7226105]
[7.548063]
[7.5226235]
[7.4383836]
[7.4260864]
[7.5350623]
[7.54629]
[7.4311414]
[7.4484463]
[7.479873]
[7.4316072]
[7.44326]
[7.4894886]
[7.430695]
[7.4369226]
[7.4829655]
[7.4805326]
[7.4694223]
[7.365987]
[7.5114527]
[7.5352035]
[7.407426]
[7.4445343]
[7.5512533]
[7.497245]
[7.486211]
[7.4485006]
[7.4897766]
[7.603246]
[6.505909]
[6.151005]
[6.099062]
[5.6650205]
[5.5694475]
[5.5265803]
[5.536839]
[5.58456]
[5.49283]
[5.5470943]
[5.602688]
[5.5589175]
[5.550172]
[5.5593257]
[5.621853]
[5.629328]
[5.545128]
[5.6594577]
[5.67953]
[5.5448747]
[5.6470056]
[5.702554]
[5.668797]
[5.6744637]
[5.6926675]
[5.7016373]
[5.708776]
[5.7150707]
[5.7309394]
[5.7992926]
[5.764069]
[5.789689]
[6.1008654]
[6.107005]
[9.023057]
[6.9778233]
[7.3038893]
[7.6910625]
[6.378928]
[5.9662495]
[5.9106746]
[5.8369846]
[6.004763]
[5.8252745]
[5.943871]
[5.790476]
[5.8966985]
[5.7451544]
[7.4717956]
[6.414751]
[5.8059874]
[5.774575]
[5.7442045]
[5.713915]
[5.683601]
[5.5038]
[5.5991125]
[5.666109]
[7.305549]
[6.021851]
[5.402714]
[5.4883165]
[5.376663]
[5.345063]
[5.4143143]
[5.3201838]
[5.3581867]
[5.332177]
[5.2613983]
[5.2876263]
[5.2408767]
[5.19582]
[5.181546]
[5.1933365]
[5.1593003]
[5.1573586]
[5.135642]
[5.148205]
[5.1605463]
[5.117346]
[5.0612984]
[5.1142397]
[5.0878386]
[5.0719066]
[5.0921273]
[5.0421305]
[5.0470533]
[5.042905]
[4.9799447]
[4.9845533]
[7.6526494]
[8.104926]
[8.361713]
[8.103602]
[8.351479]
[8.487976]
[8.439816]
[8.403877]
[8.946968]
[8.552818]
[8.9002285]
[8.507348]
[8.853251]
[8.461818]
[8.807685]
[8.973928]
[8.408371]
[8.296151]
[8.338008]
[8.354441]
[8.381108]
[8.4223585]
[8.383513]
[8.705566]
[8.492587]
[8.920695]
[8.844686]
[8.506288]
[9.1889515]
[9.383113]
[9.3352375]
[10.900662]
[11.34761]
[11.30037]
[11.755637]
[11.357073]
[11.652303]
[12.196009]
[12.152588]
[14.161504]
[15.150417]
[13.870018]
[11.523643]
[11.268919]
[11.225972]
[11.459496]
[13.676584]
[11.67574]
[11.074256]
[10.937753]
[11.142716]
[10.390877]
[10.107773]
[10.007602]
[10.307097]
[10.312468]
[10.785213]
[10.590141]
[10.131957]
[10.340612]
[10.3209095]
[11.380419]
[11.901096]
[12.171994]
[12.429847]
[12.224144]
[12.442999]
[12.147587]
[12.132059]
[12.54949]
[12.695929]
[14.47451]
[18.36497]
[15.571655]
[13.944369]
[12.507375]
[14.074717]
[14.611387]
[14.434353]
[14.150913]
[14.063968]
[13.836125]
[13.707199]
[13.699518]
[13.542607]
[13.582646]
[14.956823]
[15.609816]
[14.558819]
[14.619341]
[14.374803]
[15.375665]
[13.46867]
[12.06391]
[11.941302]
[9.980372]
[13.022177]
[12.747445]
[14.538674]
[15.02396]
[14.950605]
[14.310538]
[14.369781]
[14.247716]
[15.180687]
[15.23321]
[15.790757]
[16.101988]
[16.109482]
[15.456876]
[15.624663]
[15.510313]
[15.356046]
[15.244068]
[15.328711]
[15.170527]
[16.83294]
[16.393059]
[15.759185]
[15.2343445]
[14.965359]
[15.001657]
[14.399775]
[14.850807]
[14.937819]
[15.493717]
[16.412428]
[15.492121]
[15.033266]
[14.882526]
[14.756692]
[15.074662]
[15.093619]
[16.078407]
[20.372917]
[21.12778]
[17.570301]
[24.597637]
[25.144455]
[20.836077]
[21.29052]
[19.133163]
[5.937613]
[12.941191]
[17.583576]
[17.321049]
[20.776178]
[36.689278]
[43.379505]
[46.391502]
[55.113277]
[46.850616]
[40.13884]
[55.54111]
[64.25651]
[63.02298]
[62.80929]
[55.122692]
[69.481224]
[87.43019]
[88.36413]
[117.191574]
[112.30484]
[118.19603]
[102.0282]
[97.62208]
[94.13184]
[96.0647]
[92.737526]
[89.91224]
[86.48691]
[82.25565]
[69.7065]
[69.5627]
[83.24922]
[87.17413]
[83.36519]
[84.795044]
[82.317444]
[84.88913]
[101.48273]
[118.66662]
[135.54991]
[134.47617]
[125.80603]
[126.24296]
[129.97841]
[125.449356]
[101.016365]
[98.7957]
[94.611374]
[92.49502]
[90.39435]
[61.526566]
[50.019722]
[57.236797]
[55.117012]
[51.849648]
[42.3898]
[26.328962]
[19.819292]
[20.817898]
[32.457428]
[44.728603]
[42.266953]
[42.439693]
[36.596962]
[22.800562]
[15.568161]
[28.523352]
[21.83413]
[16.97208]
[16.188257]
[13.883132]
[13.033693]
[13.117579]
[15.628538]
[16.160086]
[15.110417]
[13.824738]
[14.664369]
[12.8423815]
[11.925192]
[13.184233]
[13.4220295]
[12.872752]
[13.20852]
[13.4682665]
[13.892386]
[14.163077]
[16.450819]
[17.48327]
[14.230109]
[13.003892]
[13.274891]
[13.846223]
[14.234321]
[13.604245]
[13.543355]
[13.551089]
[12.914802]
[13.153227]
[11.838839]
[10.478011]
[11.208931]
[12.155119]
[14.755022]
[15.569374]
[18.202206]
[14.615497]
[13.005987]
[13.994273]
[12.679187]
[10.726082]
[12.082482]
[19.773445]
[13.397497]
[9.531317]
[11.040371]
[11.479192]
[15.566424]
[15.910446]
[14.263898]
[11.448286]
[11.647231]
[24.105595]
[28.668858]
[28.357904]
[27.308073]
[22.263235]
[13.366347]
[9.310406]
[10.114775]
[7.804782]
[7.0954137]
[6.687619]
[6.486597]
[6.079868]
[5.9624853]
[5.871917]
[6.1733456]
[6.0035863]
[5.9572425]
[5.8211327]
[5.8395376]
[5.754404][10.25]
[9.45]
[13.02]
[10.69]
[5.31]
[5.25]
[5.26]
[5.31]
[5.31]
[5.3]
[5.29]
[5.3]
[9.25]
[9.31]
[9.28]
[9.29]
[9.27]
[9.26]
[9.25]
[9.26]
[9.26]
[9.27]
[9.25]
[9.25]
[9.32]
[9.28]
[9.26]
[9.22]
[9.21]
[9.23]
[9.23]
[9.06]
[9.24]
[9.25]
[9.24]
[9.29]
[9.55]
[9.28]
[9.27]
[9.27]
[9.25]
[9.24]
[9.28]
[12.21]
[12.29]
[12.32]
[12.27]
[12.3]
[12.29]
[12.25]
[12.25]
[12.25]
[12.29]
[12.3]
[12.3]
[12.31]
[12.36]
[12.34]
[12.35]
[12.36]
[12.37]
[12.39]
[12.39]
[12.4]
[12.36]
[12.39]
[12.4]
[12.41]
[12.52]
[12.25]
[12.25]
[12.03]
[12.31]
[26.75]
[15.2]
[15.05]
[15.12]
[15.03]
[15.09]
[15.17]
[15.22]
[15.41]
[15.4]
[15.43]
[15.24]
[15.14]
[15.08]
[15.29]
[15.3]
[15.23]
[15.22]
[15.17]
[15.21]
[15.24]
[15.21]
[15.26]
[15.09]
[15.03]
[14.94]
[15.09]
[15.28]
[15.3]
[15.52]
[15.38]
[15.46]
[15.26]
[15.55]
[15.54]
[15.27]
[22.36]
[17.87]
[15.85]
[42.75]
[82.22]
[94.05]
[93.25]
[90.97]
[55.68]
[49.63]
[58.09]
[56.67]
[54.59]
[53.59]
[58.05]
[53.08]
[41.74]
[57.88]
[58.89]
[56.17]
[56.45]
[59.98]
[24.57]
[23.68]
[48.95]
[58.59]
[52.66]
[61.65]
[55.39]
[15.63]
[15.57]
[49.45]
[48.02]
[57.5]
[95.04]
[91.35]
[127.12]
[159.08]
[215.85]
[192.9]
[144.63]
[136.75]
[131.02]
[99.64]
[86.83]
[129.19]
[131.03]
[129.73]
[130.49]
[130.52]
[92.3]
[87.76]
[90.33]
[91.84]
[90.24]
[92.4]
[96.82]
[52.74]
[45.22]
[55.96]
[60.38]
[51.61]
[55.5]
[62.81]
[54.04]
[56.12]
[53.08]
[60.33]
[38.11]
[64.66]
[62.07]
[50.21]
[45.53]
[67.12]
[58.52]
[53.52]
[50.52]
[53.77]
[41.06]
[38.17]
[35.45]
[50.08]
[57.71]
[43.73]
[61.41]
[54.5]
[42.43]
[96.98]
[93.31]
[95.73]
[93.08]
[91.61]
[94.94]
[85.74]
[88.4]
[98.74]
[90.94]
[95.37]
[98.5]
[45.13]
[47.61]
[67.66]
[39.1]
[71.69]
[37.29]
[69.59]
[19.53]
[12.7]
[49.99]
[27.12]
[31.05]
[19.21]
[28.46]
[14.31]
[9.94]
[17.83]
[28.86]
[44.83]
[46.46]
[52.06]
[24.01]
[9.42]
[50.97]
[57.23]
[44.2]
[37.8]
[12.15]
[9.41]
[10.47]
[20.43]
[33.31]
[48.25]
[44.01]
[55.45]
[12.7]
[10.36]
[51.64]
[50.92]
[50.38]
[49.93]
[49.1]
[13.79]
[10.13]
[29.22]
[34.2]
[23.2]
[39.35]
[38.77]
[14.08]
[10.2]
[32.49]
[35.58]
[33.86]
[32.24]
[29.9]
[23.23]
[16.87]
[24.9]
[28.37]
[17.49]
[16.74]
[47.53]
[16.06]
[15.03]
[32.65]
[36.66]
[33.79]
[32.62]
[31.6]
[12.79]
[8.68]
[29.3]
[28.48]
[33.01]
[32.79]
[29.71]
[12.11]
[7.79]
[7.39]
[5.3]
[5.33]
[5.36]
[5.41]
[5.44]
[5.46]
[5.48]
[5.51]
[5.52]
[5.54]
[5.55]
[5.56]
[5.57]
[5.58]
[5.41]
[5.59]
[5.59]
[5.59]
[5.59]
[5.59]
[5.59]
[5.52]
[9.82]
[15.53]
[16.95]
[20.82]
[11.7]
[14.18]
[15.4]
[23.39]
[19.41]
[16.47]
[11.42]
[6.71]
[12.54]
[12.67]
[10.63]
[11.37]
[12.05]
[14.44]
[14.47]
[12.32]
[14.46]
[13.82]
[14.57]
[14.58]
[8.47]
[14.78]
[14.81]
[14.47]
[5.31]
[5.31]
[5.29]
[6.65]
[12.03]
[10.97]
[11.68]
[7.09]
[5.32]
[5.32]
[5.33]
[5.32]
[5.32]
[7.66]
[5.32]
[5.32]
[5.32]
[5.29]
[5.21]
[5.09]
[5.1]
[5.1]
[5.1]
[5.11]
[5.11]
[5.1]
[5.12]
[5.22]
[5.48]
[5.49]
[5.27]
[5.12]
[5.13]
[5.12]
[5.12]
[5.11]
[5.16]
[8.76]
[8.76]
[8.94]
[8.95]
[8.95]
[10.8]
[10.34]
[8.93]
[12.82]
[12.41]
[9.78]
[12.71]
[13.05]
[9.78]
[9.61]
[13.47]
[13.71]
[13.82]
[13.8]
[20.11]
[12.1]
[10.21]
[15.44]
[19.36]
[24.22]
[16.35]
[13.82]
[12.91]
[11.05]
[11.21]
[12.63]
[12.73]
[13.93]
[14.]
[12.75]
[12.72]
[14.06]
[13.64]
[13.18]
[14.13]
[14.47]
[12.97]
[12.08]
[13.53]
[13.92]
[14.]
[14.03]
[13.47]
[12.53]
[12.61]
[12.89]
[13.87]
[13.64]
[12.29]
[13.75]
[12.77]
[12.77]
[13.97]
[13.97]
[12.95]
[15.58]
[14.78]
[14.97]
[14.82]
[14.67]
[14.69]
[14.7]
[14.81]
[14.7]
[17.5]
[18.04]
[19.37]
[14.58]
[14.62]
[14.69]
[14.75]
[14.6]
[14.39]
[14.42]
[14.49]
[14.55]
[14.59]
[14.62]
[14.6]
[14.31]
[14.23]
[14.12]
[14.15]
[14.3]
[14.52]
[14.49]
[14.43]
[14.23]
[14.17]
[14.28]
[14.37]
[14.29]
[14.2]
[14.09]
[14.11]
[14.23]
[14.04]
[14.13]
[14.15]
[14.07]
[14.02]
[13.88]
[13.88]
[13.78]
[13.82]
[13.92]
[14.08]
[13.97]
[13.86]
[13.82]
[13.83]
[13.99]
[14.01]
[13.84]
[13.78]
[13.71]
[13.96]
[14.1]
[13.99]
[13.72]
[16.98]
[13.92]
[13.67]
[13.53]
[13.42]
[13.41]
[13.36]
[14.17]
[14.52]
[14.48]
[14.44]
[14.41]
[14.38]
[14.37]
[14.35]
[14.34]
[14.31]
[15.25]
[14.32]
[14.31]
[14.29]
[14.29]
[14.58]
[14.56]
[12.15]
[11.95]
[11.88]
[11.87]
[11.82]
[13.39]
[11.95]
[11.94]
[11.89]
[11.86]
[11.86]
[11.84]
[11.83]
[11.81]
[11.86]
[11.86]
[11.8]
[11.8]
[11.79]
[11.78]
[11.77]
[11.96]
[11.94]
[11.9]
[11.85]
[11.35]
[11.83]
[11.8]
[12.]
[12.06]
[12.03]
[9.66]
[9.6]
[9.59]
[9.63]
[9.74]
[9.73]
[9.68]
[9.68]
[9.7]
[9.68]
[9.68]
[9.67]
[9.67]
[9.73]
[9.77]
[9.75]
[9.77]
[9.77]
[9.77]
[9.74]
[9.74]
[9.73]
[9.72]
[9.75]
[9.75]
[9.79]
[9.77]
[9.77]
[9.78]
[9.77]
[9.09]
[9.09]
[8.91]
[8.69]
[8.69]
[8.66]
[8.69]
[8.7]
[8.7]
[8.66]
[8.67]
[8.77]
[8.78]
[8.78]
[8.77]
[8.78]
[8.77]
[8.74]
[8.74]
[8.77]
[8.77]
[8.77]
[8.76]
[8.77]
[8.76]
[8.77]
[8.77]
[8.76]
[8.76]
[8.77]
[8.71]
[8.26]
[8.23]
[8.06]
[8.02]
[8.01]
[8.04]
[8.06]
[8.04]
[8.05]
[8.06]
[8.05]
[8.05]
[8.07]
[8.07]
[8.06]
[8.04]
[8.08]
[8.07]
[8.07]
[8.03]
[8.1]
[8.09]
[8.1]
[8.11]
[8.1]
[8.11]
[8.12]
[8.11]
[8.11]
[8.13]
[6.13]
[6.11]
[5.91]
[5.29]
[5.35]
[5.29]
[5.31]
[5.3]
[5.3]
[5.3]
[5.31]
[5.3]
[5.27]
[5.29]
[5.29]
[5.29]
[5.3]
[5.3]
[5.34]
[5.31]
[5.31]
[5.32]
[5.32]
[5.31]
[5.33]
[5.32]
[5.32]
[5.31]
[5.33]
[5.32]
[5.34]
[5.34]
[5.89]
[5.74]
[5.51]
[5.5]
[7.49]
[7.16]
[5.55]
[5.56]
[5.48]
[5.43]
[5.41]
[5.42]
[5.48]
[5.44]
[5.44]
[5.44]
[7.99]
[5.37]
[5.4]
[5.41]
[5.38]
[5.38]
[5.39]
[5.38]
[5.38]
[5.43]
[5.4]
[5.41]
[5.42]
[5.41]
[5.41]
[5.41]
[5.41]
[5.42]
[5.44]
[5.44]
[5.45]
[5.47]
[5.47]
[5.4]
[5.42]
[5.44]
[5.46]
[5.47]
[5.46]
[5.46]
[5.47]
[5.47]
[5.42]
[5.48]
[5.49]
[5.48]
[5.46]
[5.46]
[5.5]
[5.51]
[5.48]
[5.46]
[9.04]
[9.13]
[9.13]
[9.16]
[9.17]
[9.17]
[9.19]
[9.21]
[9.24]
[9.24]
[9.22]
[9.2]
[9.27]
[9.28]
[9.28]
[9.29]
[9.32]
[9.33]
[9.33]
[9.34]
[9.36]
[9.37]
[9.38]
[9.41]
[9.41]
[9.41]
[9.41]
[9.42]
[9.83]
[9.49]
[9.52]
[12.18]
[12.29]
[12.29]
[12.33]
[12.37]
[12.42]
[12.45]
[12.39]
[15.27]
[16.55]
[14.11]
[12.06]
[12.15]
[12.22]
[12.2]
[14.89]
[12.24]
[12.29]
[12.3]
[12.82]
[12.19]
[12.16]
[12.29]
[12.32]
[12.3]
[12.41]
[12.47]
[12.46]
[12.66]
[12.65]
[14.68]
[15.59]
[15.66]
[15.62]
[15.61]
[15.62]
[15.55]
[15.55]
[15.53]
[15.48]
[15.58]
[15.63]
[15.67]
[15.73]
[15.76]
[15.69]
[15.74]
[15.74]
[15.7]
[15.75]
[15.81]
[15.74]
[15.69]
[15.67]
[15.67]
[15.69]
[15.71]
[15.78]
[15.82]
[15.85]
[15.84]
[15.82]
[15.81]
[15.68]
[15.65]
[15.45]
[15.76]
[15.72]
[15.72]
[15.72]
[15.86]
[15.62]
[15.55]
[15.84]
[15.47]
[15.85]
[15.91]
[15.89]
[15.6]
[15.96]
[15.99]
[15.84]
[15.77]
[15.99]
[15.57]
[15.56]
[15.78]
[15.69]
[15.67]
[15.63]
[15.75]
[15.5]
[15.92]
[15.96]
[15.99]
[16.2]
[15.99]
[15.99]
[15.96]
[15.93]
[15.94]
[15.96]
[15.89]
[15.75]
[15.57]
[14.85]
[16.98]
[17.18]
[17.15]
[16.64]
[16.94]
[16.89]
[16.85]
[16.85]
[16.82]
[22.09]
[48.14]
[54.09]
[52.25]
[50.82]
[26.21]
[24.32]
[46.38]
[54.6]
[55.32]
[58.59]
[42.22]
[59.61]
[52.27]
[91.07]
[134.99]
[99.13]
[93.08]
[89.49]
[90.15]
[90.7]
[92.91]
[90.54]
[92.41]
[91.17]
[89.85]
[54.37]
[55.31]
[91.98]
[89.63]
[92.51]
[92.65]
[53.92]
[58.15]
[118.86]
[121.02]
[128.01]
[129.11]
[130.04]
[130.07]
[129.96]
[130.52]
[93.73]
[94.19]
[93.43]
[94.32]
[94.03]
[49.04]
[42.92]
[63.69]
[56.03]
[54.7]
[38.34]
[11.79]
[11.72]
[12.96]
[33.11]
[57.23]
[47.44]
[52.93]
[38.46]
[13.38]
[10.84]
[32.12]
[12.86]
[13.04]
[11.96]
[9.06]
[9.09]
[9.87]
[13.99]
[13.87]
[12.77]
[11.54]
[13.62]
[10.08]
[9.89]
[11.66]
[11.41]
[10.97]
[12.27]
[12.58]
[13.52]
[14.11]
[18.19]
[19.12]
[13.6]
[13.55]
[13.48]
[13.43]
[13.64]
[13.07]
[13.76]
[13.75]
[12.85]
[13.71]
[11.22]
[9.92]
[11.7]
[12.05]
[15.5]
[15.5]
[20.41]
[11.86]
[11.21]
[12.16]
[10.03]
[8.58]
[11.93]
[24.96]
[9.81]
[9.12]
[11.89]
[11.97]
[19.72]
[18.14]
[16.04]
[11.71]
[13.74]
[39.18]
[46.43]
[42.22]
[40.7]
[29.17]
[11.6]
[7.7]
[7.77]
[5.18]
[5.21]
[5.24]
[5.27]
[5.28]
[5.29]
[5.31]
[5.33]
[5.34]
[5.35]
[5.36]
[5.37]
[5.38]
[5.39]