0.8980013191244279, 0.8985917994245121, 0.9974817615955286, 194.41045840296957[11.922697]
[9.37118]
[8.36049]
[10.249448]
[9.282489]
[6.0290275]
[5.386283]
[5.465979]
[5.385776]
[5.4089503]
[5.3931503]
[5.3002152]
[5.4038963]
[7.572898]
[8.156062]
[8.072682]
[8.232149]
[8.668223]
[10.592175]
[10.827145]
[9.113825]
[8.823633]
[8.628527]
[8.61609]
[8.505229]
[8.556836]
[8.554923]
[8.523363]
[8.384714]
[8.369341]
[8.290893]
[8.446202]
[8.54722]
[8.494504]
[8.449481]
[8.558602]
[8.472535]
[8.585915]
[12.559414]
[9.433439]
[9.073849]
[9.600858]
[9.657177]
[9.32495]
[10.820156]
[11.115491]
[11.060799]
[11.15183]
[11.084537]
[11.677117]
[11.712117]
[11.442497]
[11.123244]
[11.2722]
[11.060077]
[11.076791]
[11.089007]
[11.1295805]
[11.025177]
[11.040581]
[11.063082]
[11.079315]
[10.992153]
[11.122192]
[11.125969]
[11.195205]
[11.749468]
[11.762648]
[11.320204]
[11.6481905]
[14.025928]
[9.090065]
[10.520365]
[11.12101]
[37.005714]
[18.347164]
[13.260459]
[13.17042]
[13.162533]
[13.189932]
[13.384576]
[13.492408]
[13.412698]
[13.595794]
[13.656533]
[13.416629]
[13.485935]
[13.630198]
[13.817562]
[13.618228]
[13.7683935]
[13.634948]
[14.271042]
[13.942148]
[13.714642]
[13.968799]
[13.933765]
[13.752997]
[13.739839]
[13.292825]
[13.959148]
[14.272111]
[14.1377535]
[14.834973]
[14.98932]
[15.526733]
[18.678236]
[23.528204]
[20.840158]
[31.445602]
[47.91935]
[21.024502]
[61.527195]
[64.68828]
[71.92075]
[87.08564]
[125.669205]
[90.66386]
[65.27646]
[57.00376]
[60.42662]
[58.62048]
[53.59372]
[50.46158]
[52.003628]
[49.197014]
[40.46558]
[48.533863]
[51.618114]
[48.991325]
[49.795273]
[52.991116]
[30.584686]
[25.61903]
[41.745846]
[48.29787]
[45.26277]
[48.798763]
[45.172237]
[22.400112]
[20.774124]
[44.368267]
[48.788506]
[62.898224]
[93.016335]
[131.44606]
[150.443]
[158.02]
[193.25603]
[164.12238]
[139.28839]
[133.94745]
[121.64909]
[100.03977]
[84.24052]
[104.88145]
[111.22652]
[113.57776]
[117.32011]
[124.04935]
[101.41721]
[93.249695]
[89.2449]
[89.61343]
[87.00543]
[86.09738]
[90.11524]
[66.47884]
[61.361263]
[68.154564]
[70.85166]
[66.816444]
[66.83828]
[67.10796]
[59.282944]
[56.593456]
[53.18301]
[55.70237]
[41.956512]
[54.027718]
[55.408855]
[49.19096]
[45.753567]
[56.240067]
[51.608852]
[46.741474]
[43.63032]
[45.276447]
[41.001076]
[41.006397]
[42.092014]
[56.34819]
[65.8376]
[55.99176]
[63.39353]
[55.93558]
[51.39959]
[88.72504]
[91.868484]
[85.86862]
[80.91565]
[77.73111]
[78.91169]
[77.495865]
[82.629974]
[89.47013]
[86.95094]
[92.79031]
[98.24241]
[67.617134]
[63.27432]
[72.90189]
[55.61363]
[69.42359]
[50.255733]
[62.27325]
[34.768898]
[22.03149]
[44.611553]
[33.647102]
[32.285183]
[24.624744]
[28.29845]
[20.367918]
[15.610978]
[19.26833]
[26.12952]
[35.58424]
[37.73376]
[41.95593]
[28.602057]
[17.419518]
[40.767937]
[47.932583]
[40.937973]
[37.213924]
[21.526405]
[16.913755]
[17.983765]
[22.285437]
[29.512203]
[38.314064]
[37.242836]
[42.443142]
[19.751486]
[14.320983]
[38.091038]
[39.671467]
[40.105877]
[39.747837]
[37.925137]
[19.842434]
[15.532927]
[26.775045]
[30.232954]
[23.689545]
[30.659975]
[31.382902]
[17.126097]
[12.190519]
[24.190605]
[28.115114]
[27.03253]
[25.454449]
[23.865387]
[19.471954]
[15.378104]
[19.623634]
[22.605019]
[17.476711]
[17.686531]
[37.63512]
[20.485577]
[15.075344]
[24.762918]
[28.39788]
[27.00259]
[25.658953]
[24.46045]
[13.528104]
[9.615144]
[20.410124]
[21.441328]
[24.061478]
[25.099335]
[23.112932]
[12.784268]
[8.535461]
[7.837112]
[6.6318483]
[6.372507]
[6.5077686]
[6.8677425]
[6.5859804]
[6.353411]
[6.30272]
[6.270589]
[6.3416476]
[6.21632]
[6.1503196]
[6.029361]
[6.043308]
[6.0491476]
[5.949733]
[5.9347534]
[5.843798]
[5.849511]
[5.849511]
[5.849511]
[5.849511]
[5.72993]
[7.629475]
[12.623962]
[12.89167]
[14.736123]
[10.350482]
[10.8188715]
[11.584145]
[16.098423]
[14.880887]
[12.96115]
[9.852437]
[6.710131]
[9.401268]
[9.909726]
[8.855738]
[9.059516]
[9.537316]
[11.086994]
[11.36616]
[10.061574]
[11.075918]
[18.518084]
[13.112313]
[11.68999]
[8.132017]
[11.354016]
[11.867789]
[11.658709]
[6.5150423]
[5.509165]
[5.4912233]
[6.214745]
[9.28246]
[9.570464]
[9.623383]
[7.0621843]
[5.6034794]
[5.4310446]
[5.4369493]
[5.4283886]
[5.3354344]
[6.780334]
[5.627376]
[5.357095]
[5.456814]
[5.3383584]
[5.388379]
[5.2491794]
[5.9497633]
[5.7915206]
[5.5925107]
[5.5912795]
[5.3882017]
[5.396331]
[5.4065638]
[5.4636464]
[5.539566]
[5.6067886]
[5.500236]
[5.660026]
[5.3162313]
[5.4347377]
[5.425456]
[5.4213696]
[5.44649]
[7.4644237]
[7.9563203]
[12.645995]
[9.135329]
[8.051777]
[9.386546]
[9.049012]
[8.304281]
[11.261752]
[10.772743]
[9.023852]
[10.668987]
[11.131274]
[9.213928]
[8.878364]
[11.344896]
[12.112854]
[11.931984]
[12.006152]
[16.933369]
[11.877134]
[9.463079]
[13.065649]
[16.654804]
[20.74596]
[15.332753]
[12.438825]
[11.615513]
[10.248835]
[10.294691]
[11.205696]
[11.394118]
[12.353008]
[12.500237]
[11.661279]
[11.657295]
[12.6650095]
[12.185697]
[12.108989]
[12.980985]
[13.099921]
[11.997945]
[11.361531]
[12.4680395]
[12.813411]
[12.810011]
[12.9446745]
[12.43305]
[11.809279]
[11.510291]
[12.380926]
[13.594924]
[13.064043]
[11.704778]
[13.307263]
[13.109238]
[12.258492]
[12.944219]
[13.070732]
[12.2280245]
[14.232682]
[13.778741]
[13.834763]
[13.805422]
[13.776768]
[13.768388]
[13.647137]
[13.912601]
[13.830263]
[15.803789]
[18.950146]
[18.31878]
[14.662218]
[14.032923]
[14.359464]
[14.179994]
[14.719955]
[14.34515]
[14.2693205]
[14.32351]
[14.296882]
[14.254971]
[14.122777]
[14.1486025]
[13.935877]
[13.718994]
[13.699925]
[13.686296]
[13.735796]
[13.846921]
[13.820045]
[13.79778]
[13.76579]
[13.636834]
[13.666227]
[13.781885]
[13.645801]
[13.534019]
[13.477182]
[13.48968]
[13.600133]
[13.496229]
[13.546664]
[13.677828]
[13.751969]
[13.583539]
[13.471076]
[13.530201]
[13.329306]
[13.34735]
[13.504208]
[13.57602]
[13.502136]
[13.437804]
[13.411072]
[13.384068]
[13.529308]
[13.674537]
[13.631581]
[13.627471]
[13.56857]
[13.779604]
[14.169332]
[14.444623]
[17.249146]
[9.491086]
[9.033085]
[40.56972]
[11.070604]
[11.8630495]
[13.987052]
[15.113898]
[15.445612]
[15.419723]
[15.317184]
[15.310184]
[15.078089]
[14.904359]
[14.611249]
[14.551569]
[14.655818]
[14.583761]
[15.046888]
[14.4708]
[14.339761]
[14.235681]
[14.269606]
[13.645373]
[14.201969]
[12.862662]
[12.446632]
[12.189662]
[12.578168]
[12.887161]
[13.7479725]
[13.032564]
[12.542152]
[12.279033]
[12.182889]
[11.99753]
[11.979156]
[12.200431]
[11.918658]
[11.83911]
[11.685918]
[11.646036]
[11.505134]
[11.396361]
[11.336628]
[11.511214]
[12.1662035]
[13.300291]
[14.071243]
[13.724128]
[13.192263]
[12.756497]
[12.557934]
[12.121304]
[12.152402]
[12.509729]
[11.735408]
[10.923908]
[10.017797]
[9.974388]
[10.081697]
[9.933028]
[10.001278]
[9.803232]
[9.903762]
[9.706242]
[9.718667]
[9.777992]
[9.550373]
[9.754074]
[9.56402]
[9.698713]
[9.598819]
[9.636702]
[9.539753]
[9.545817]
[9.435646]
[9.463667]
[9.351513]
[9.376843]
[9.385528]
[9.431298]
[9.3272295]
[9.304257]
[9.436]
[9.279782]
[9.0619335]
[8.893796]
[8.812289]
[8.538133]
[8.442459]
[8.618568]
[8.647007]
[8.586221]
[8.523277]
[8.331881]
[8.518462]
[9.110938]
[10.036206]
[9.465296]
[9.27491]
[9.034619]
[8.867992]
[8.775495]
[8.689673]
[8.59581]
[8.743464]
[8.53372]
[8.542172]
[8.577815]
[8.358073]
[8.406789]
[8.789221]
[8.8966465]
[8.63151]
[8.993111]
[8.768019]
[8.301415]
[8.095644]
[7.9938293]
[7.9474325]
[7.818321]
[7.9435067]
[7.973761]
[7.8874774]
[7.776706]
[7.90657]
[7.8037767]
[7.812233]
[7.823327]
[7.847416]
[7.7320967]
[7.846631]
[7.7615213]
[7.7949076]
[7.7067947]
[7.6724405]
[7.855613]
[7.673975]
[7.669528]
[7.777034]
[7.8038387]
[7.689498]
[7.80519]
[7.739019]
[7.9277983]
[7.9280887]
[6.6746507]
[6.440761]
[6.268306]
[5.745566]
[5.774938]
[5.6293817]
[5.7599006]
[5.6713715]
[5.634409]
[5.760044]
[5.6786156]
[5.680341]
[5.6630993]
[5.6701455]
[5.721276]
[5.638297]
[5.6079645]
[5.7837844]
[5.5925155]
[5.642067]
[5.7630277]
[5.6801047]
[5.6903667]
[5.688449]
[5.7027035]
[5.705262]
[5.7042613]
[5.7039347]
[5.7152557]
[5.7700515]
[5.650368]
[5.7968087]
[6.0305424]
[6.0745277]
[9.432552]
[6.509364]
[7.553215]
[7.747068]
[6.2040806]
[5.944829]
[5.905293]
[5.861968]
[6.1877966]
[5.8807936]
[6.189773]
[5.8965707]
[6.1935663]
[5.9021745]
[8.085551]
[6.6014977]
[6.201272]
[6.198399]
[6.196384]
[6.194287]
[6.192101]
[5.9044933]
[6.1824837]
[5.7834544]
[8.232983]
[6.316609]
[5.948474]
[6.186261]
[5.9408703]
[5.961807]
[6.1844263]
[5.9551926]
[6.1891828]
[6.1603193]
[5.9822655]
[6.1933665]
[5.996297]
[6.003401]
[5.999725]
[6.1810884]
[6.001501]
[6.1929626]
[6.005722]
[6.0592628]
[6.063997]
[6.186671]
[5.9883785]
[6.080215]
[6.196666]
[6.035118]
[6.0960317]
[6.1900334]
[6.050077]
[6.2357845]
[6.158436]
[6.0509195]
[9.259544]
[9.292095]
[9.7077055]
[9.330602]
[9.706864]
[9.789776]
[9.7609005]
[9.736229]
[10.352211]
[9.893105]
[10.389329]
[9.9319105]
[10.423167]
[9.967721]
[10.455403]
[10.594599]
[9.989431]
[9.977202]
[10.007306]
[10.017838]
[9.96757]
[9.866437]
[9.763502]
[10.058478]
[9.859667]
[10.301917]
[10.074411]
[9.867235]
[10.466291]
[10.509266]
[10.492647]
[11.887483]
[12.09617]
[12.050379]
[12.463821]
[12.03933]
[12.36812]
[12.852829]
[12.875671]
[15.38092]
[16.8673]
[15.400408]
[12.550728]
[12.477331]
[12.502079]
[12.883208]
[15.760264]
[13.327619]
[12.76834]
[12.71244]
[13.077197]
[12.247295]
[12.046814]
[12.199056]
[12.338242]
[12.395177]
[12.475396]
[12.412581]
[12.321256]
[12.4356785]
[12.352537]
[13.263115]
[13.63528]
[13.720461]
[13.739196]
[13.239639]
[13.162048]
[12.7232]
[12.718233]
[12.815637]
[14.770536]
[17.475042]
[17.874142]
[14.06894]
[14.743868]
[12.373867]
[14.81269]
[15.519332]
[15.5728655]
[15.501676]
[15.406188]
[15.249714]
[15.047643]
[14.809768]
[14.543015]
[14.922704]
[15.881898]
[16.217524]
[14.68634]
[14.577179]
[14.947265]
[16.289276]
[16.535486]
[16.703344]
[15.741365]
[14.934919]
[14.36293]
[14.445393]
[16.070597]
[17.141834]
[17.669859]
[16.614435]
[16.42901]
[16.754412]
[17.601692]
[17.7929]
[17.698952]
[17.88083]
[17.8831]
[17.206034]
[17.366955]
[17.214949]
[17.014008]
[16.876387]
[16.95766]
[16.6143]
[18.189905]
[18.141687]
[17.120604]
[16.589437]
[16.170637]
[16.046394]
[15.739179]
[16.191675]
[16.313631]
[16.6106]
[17.476425]
[16.612122]
[16.415823]
[16.360472]
[16.27949]
[16.758139]
[16.486732]
[17.225416]
[20.62144]
[23.042267]
[18.127422]
[24.934597]
[24.218435]
[21.90593]
[20.785866]
[19.861216]
[5.8929977]
[14.561289]
[17.04556]
[16.803257]
[20.032835]
[37.57601]
[44.217438]
[49.115726]
[55.859177]
[40.818462]
[35.392113]
[52.358177]
[61.540977]
[62.693]
[62.694824]
[54.168423]
[63.72955]
[78.05502]
[84.76806]
[114.26063]
[109.46132]
[108.119965]
[92.85618]
[93.65892]
[92.640015]
[95.08803]
[92.15629]
[89.39024]
[84.45136]
[83.07588]
[65.239365]
[68.33837]
[84.85902]
[82.66536]
[83.29555]
[86.16142]
[70.227585]
[75.06739]
[102.79811]
[115.47437]
[127.5171]
[126.868866]
[122.77245]
[123.566925]
[126.45101]
[123.28104]
[98.061806]
[96.030716]
[94.78658]
[92.41609]
[90.28728]
[61.69088]
[50.188255]
[59.70498]
[56.058144]
[52.572166]
[41.30967]
[21.736523]
[18.060322]
[18.626036]
[30.327135]
[46.070293]
[42.2002]
[44.020447]
[36.196255]
[19.042007]
[14.854]
[27.594898]
[18.066195]
[15.52376]
[14.803254]
[12.953524]
[12.151231]
[12.283716]
[14.353509]
[14.488946]
[13.563357]
[12.632574]
[13.443891]
[11.710979]
[11.4136095]
[12.37545]
[12.328019]
[11.660308]
[12.089997]
[12.293098]
[12.503631]
[12.7857275]
[14.850157]
[15.441896]
[12.501347]
[11.9784775]
[12.558951]
[13.00719]
[12.794927]
[12.132]
[12.307205]
[12.300097]
[11.720893]
[12.067083]
[10.819551]
[9.711594]
[10.710635]
[11.659722]
[13.729648]
[13.863799]
[16.716482]
[13.097884]
[12.573363]
[12.908373]
[11.207795]
[9.963398]
[11.158491]
[18.02069]
[11.039763]
[9.202797]
[10.340853]
[10.381969]
[14.1987295]
[14.005968]
[12.7894945]
[10.286443]
[10.787019]
[23.86551]
[29.960037]
[29.371504]
[27.84519]
[21.646881]
[13.351069]
[10.86166]
[9.379023]
[7.8777766]
[7.05795]
[6.853338]
[6.6293707]
[6.166809]
[6.098222]
[6.4476194]
[6.4143925]
[6.2306547]
[6.035886]
[6.2360287]
[5.9700007]
[5.9575434][10.25]
[9.45]
[13.02]
[10.69]
[5.31]
[5.25]
[5.26]
[5.31]
[5.31]
[5.3]
[5.29]
[5.3]
[9.25]
[9.31]
[9.28]
[9.29]
[9.27]
[9.26]
[9.25]
[9.26]
[9.26]
[9.27]
[9.25]
[9.25]
[9.32]
[9.28]
[9.26]
[9.22]
[9.21]
[9.23]
[9.23]
[9.06]
[9.24]
[9.25]
[9.24]
[9.29]
[9.55]
[9.28]
[9.27]
[9.27]
[9.25]
[9.24]
[9.28]
[12.21]
[12.29]
[12.32]
[12.27]
[12.3]
[12.29]
[12.25]
[12.25]
[12.25]
[12.29]
[12.3]
[12.3]
[12.31]
[12.36]
[12.34]
[12.35]
[12.36]
[12.37]
[12.39]
[12.39]
[12.4]
[12.36]
[12.39]
[12.4]
[12.41]
[12.52]
[12.25]
[12.25]
[12.03]
[12.31]
[26.75]
[15.2]
[15.05]
[15.12]
[15.03]
[15.09]
[15.17]
[15.22]
[15.41]
[15.4]
[15.43]
[15.24]
[15.14]
[15.08]
[15.29]
[15.3]
[15.23]
[15.22]
[15.17]
[15.21]
[15.24]
[15.21]
[15.26]
[15.09]
[15.03]
[14.94]
[15.09]
[15.28]
[15.3]
[15.52]
[15.38]
[15.46]
[15.26]
[15.55]
[15.54]
[15.27]
[22.36]
[17.87]
[15.85]
[42.75]
[82.22]
[94.05]
[93.25]
[90.97]
[55.68]
[49.63]
[58.09]
[56.67]
[54.59]
[53.59]
[58.05]
[53.08]
[41.74]
[57.88]
[58.89]
[56.17]
[56.45]
[59.98]
[24.57]
[23.68]
[48.95]
[58.59]
[52.66]
[61.65]
[55.39]
[15.63]
[15.57]
[49.45]
[48.02]
[57.5]
[95.04]
[91.35]
[127.12]
[159.08]
[215.85]
[192.9]
[144.63]
[136.75]
[131.02]
[99.64]
[86.83]
[129.19]
[131.03]
[129.73]
[130.49]
[130.52]
[92.3]
[87.76]
[90.33]
[91.84]
[90.24]
[92.4]
[96.82]
[52.74]
[45.22]
[55.96]
[60.38]
[51.61]
[55.5]
[62.81]
[54.04]
[56.12]
[53.08]
[60.33]
[38.11]
[64.66]
[62.07]
[50.21]
[45.53]
[67.12]
[58.52]
[53.52]
[50.52]
[53.77]
[41.06]
[38.17]
[35.45]
[50.08]
[57.71]
[43.73]
[61.41]
[54.5]
[42.43]
[96.98]
[93.31]
[95.73]
[93.08]
[91.61]
[94.94]
[85.74]
[88.4]
[98.74]
[90.94]
[95.37]
[98.5]
[45.13]
[47.61]
[67.66]
[39.1]
[71.69]
[37.29]
[69.59]
[19.53]
[12.7]
[49.99]
[27.12]
[31.05]
[19.21]
[28.46]
[14.31]
[9.94]
[17.83]
[28.86]
[44.83]
[46.46]
[52.06]
[24.01]
[9.42]
[50.97]
[57.23]
[44.2]
[37.8]
[12.15]
[9.41]
[10.47]
[20.43]
[33.31]
[48.25]
[44.01]
[55.45]
[12.7]
[10.36]
[51.64]
[50.92]
[50.38]
[49.93]
[49.1]
[13.79]
[10.13]
[29.22]
[34.2]
[23.2]
[39.35]
[38.77]
[14.08]
[10.2]
[32.49]
[35.58]
[33.86]
[32.24]
[29.9]
[23.23]
[16.87]
[24.9]
[28.37]
[17.49]
[16.74]
[47.53]
[16.06]
[15.03]
[32.65]
[36.66]
[33.79]
[32.62]
[31.6]
[12.79]
[8.68]
[29.3]
[28.48]
[33.01]
[32.79]
[29.71]
[12.11]
[7.79]
[7.39]
[5.3]
[5.33]
[5.36]
[5.41]
[5.44]
[5.46]
[5.48]
[5.51]
[5.52]
[5.54]
[5.55]
[5.56]
[5.57]
[5.58]
[5.41]
[5.59]
[5.59]
[5.59]
[5.59]
[5.59]
[5.59]
[5.52]
[9.82]
[15.53]
[16.95]
[20.82]
[11.7]
[14.18]
[15.4]
[23.39]
[19.41]
[16.47]
[11.42]
[6.71]
[12.54]
[12.67]
[10.63]
[11.37]
[12.05]
[14.44]
[14.47]
[12.32]
[14.46]
[13.82]
[14.57]
[14.58]
[8.47]
[14.78]
[14.81]
[14.47]
[5.31]
[5.31]
[5.29]
[6.65]
[12.03]
[10.97]
[11.68]
[7.09]
[5.32]
[5.32]
[5.33]
[5.32]
[5.32]
[7.66]
[5.32]
[5.32]
[5.32]
[5.29]
[5.21]
[5.09]
[5.1]
[5.1]
[5.1]
[5.11]
[5.11]
[5.1]
[5.12]
[5.22]
[5.48]
[5.49]
[5.27]
[5.12]
[5.13]
[5.12]
[5.12]
[5.11]
[5.16]
[8.76]
[8.76]
[8.94]
[8.95]
[8.95]
[10.8]
[10.34]
[8.93]
[12.82]
[12.41]
[9.78]
[12.71]
[13.05]
[9.78]
[9.61]
[13.47]
[13.71]
[13.82]
[13.8]
[20.11]
[12.1]
[10.21]
[15.44]
[19.36]
[24.22]
[16.35]
[13.82]
[12.91]
[11.05]
[11.21]
[12.63]
[12.73]
[13.93]
[14.]
[12.75]
[12.72]
[14.06]
[13.64]
[13.18]
[14.13]
[14.47]
[12.97]
[12.08]
[13.53]
[13.92]
[14.]
[14.03]
[13.47]
[12.53]
[12.61]
[12.89]
[13.87]
[13.64]
[12.29]
[13.75]
[12.77]
[12.77]
[13.97]
[13.97]
[12.95]
[15.58]
[14.78]
[14.97]
[14.82]
[14.67]
[14.69]
[14.7]
[14.81]
[14.7]
[17.5]
[18.04]
[19.37]
[14.58]
[14.62]
[14.69]
[14.75]
[14.6]
[14.39]
[14.42]
[14.49]
[14.55]
[14.59]
[14.62]
[14.6]
[14.31]
[14.23]
[14.12]
[14.15]
[14.3]
[14.52]
[14.49]
[14.43]
[14.23]
[14.17]
[14.28]
[14.37]
[14.29]
[14.2]
[14.09]
[14.11]
[14.23]
[14.04]
[14.13]
[14.15]
[14.07]
[14.02]
[13.88]
[13.88]
[13.78]
[13.82]
[13.92]
[14.08]
[13.97]
[13.86]
[13.82]
[13.83]
[13.99]
[14.01]
[13.84]
[13.78]
[13.71]
[13.96]
[14.1]
[13.99]
[13.72]
[16.98]
[13.92]
[13.67]
[13.53]
[13.42]
[13.41]
[13.36]
[14.17]
[14.52]
[14.48]
[14.44]
[14.41]
[14.38]
[14.37]
[14.35]
[14.34]
[14.31]
[15.25]
[14.32]
[14.31]
[14.29]
[14.29]
[14.58]
[14.56]
[12.15]
[11.95]
[11.88]
[11.87]
[11.82]
[13.39]
[11.95]
[11.94]
[11.89]
[11.86]
[11.86]
[11.84]
[11.83]
[11.81]
[11.86]
[11.86]
[11.8]
[11.8]
[11.79]
[11.78]
[11.77]
[11.96]
[11.94]
[11.9]
[11.85]
[11.35]
[11.83]
[11.8]
[12.]
[12.06]
[12.03]
[9.66]
[9.6]
[9.59]
[9.63]
[9.74]
[9.73]
[9.68]
[9.68]
[9.7]
[9.68]
[9.68]
[9.67]
[9.67]
[9.73]
[9.77]
[9.75]
[9.77]
[9.77]
[9.77]
[9.74]
[9.74]
[9.73]
[9.72]
[9.75]
[9.75]
[9.79]
[9.77]
[9.77]
[9.78]
[9.77]
[9.09]
[9.09]
[8.91]
[8.69]
[8.69]
[8.66]
[8.69]
[8.7]
[8.7]
[8.66]
[8.67]
[8.77]
[8.78]
[8.78]
[8.77]
[8.78]
[8.77]
[8.74]
[8.74]
[8.77]
[8.77]
[8.77]
[8.76]
[8.77]
[8.76]
[8.77]
[8.77]
[8.76]
[8.76]
[8.77]
[8.71]
[8.26]
[8.23]
[8.06]
[8.02]
[8.01]
[8.04]
[8.06]
[8.04]
[8.05]
[8.06]
[8.05]
[8.05]
[8.07]
[8.07]
[8.06]
[8.04]
[8.08]
[8.07]
[8.07]
[8.03]
[8.1]
[8.09]
[8.1]
[8.11]
[8.1]
[8.11]
[8.12]
[8.11]
[8.11]
[8.13]
[6.13]
[6.11]
[5.91]
[5.29]
[5.35]
[5.29]
[5.31]
[5.3]
[5.3]
[5.3]
[5.31]
[5.3]
[5.27]
[5.29]
[5.29]
[5.29]
[5.3]
[5.3]
[5.34]
[5.31]
[5.31]
[5.32]
[5.32]
[5.31]
[5.33]
[5.32]
[5.32]
[5.31]
[5.33]
[5.32]
[5.34]
[5.34]
[5.89]
[5.74]
[5.51]
[5.5]
[7.49]
[7.16]
[5.55]
[5.56]
[5.48]
[5.43]
[5.41]
[5.42]
[5.48]
[5.44]
[5.44]
[5.44]
[7.99]
[5.37]
[5.4]
[5.41]
[5.38]
[5.38]
[5.39]
[5.38]
[5.38]
[5.43]
[5.4]
[5.41]
[5.42]
[5.41]
[5.41]
[5.41]
[5.41]
[5.42]
[5.44]
[5.44]
[5.45]
[5.47]
[5.47]
[5.4]
[5.42]
[5.44]
[5.46]
[5.47]
[5.46]
[5.46]
[5.47]
[5.47]
[5.42]
[5.48]
[5.49]
[5.48]
[5.46]
[5.46]
[5.5]
[5.51]
[5.48]
[5.46]
[9.04]
[9.13]
[9.13]
[9.16]
[9.17]
[9.17]
[9.19]
[9.21]
[9.24]
[9.24]
[9.22]
[9.2]
[9.27]
[9.28]
[9.28]
[9.29]
[9.32]
[9.33]
[9.33]
[9.34]
[9.36]
[9.37]
[9.38]
[9.41]
[9.41]
[9.41]
[9.41]
[9.42]
[9.83]
[9.49]
[9.52]
[12.18]
[12.29]
[12.29]
[12.33]
[12.37]
[12.42]
[12.45]
[12.39]
[15.27]
[16.55]
[14.11]
[12.06]
[12.15]
[12.22]
[12.2]
[14.89]
[12.24]
[12.29]
[12.3]
[12.82]
[12.19]
[12.16]
[12.29]
[12.32]
[12.3]
[12.41]
[12.47]
[12.46]
[12.66]
[12.65]
[14.68]
[15.59]
[15.66]
[15.62]
[15.61]
[15.62]
[15.55]
[15.55]
[15.53]
[15.48]
[15.58]
[15.63]
[15.67]
[15.73]
[15.76]
[15.69]
[15.74]
[15.74]
[15.7]
[15.75]
[15.81]
[15.74]
[15.69]
[15.67]
[15.67]
[15.69]
[15.71]
[15.78]
[15.82]
[15.85]
[15.84]
[15.82]
[15.81]
[15.68]
[15.65]
[15.45]
[15.76]
[15.72]
[15.72]
[15.72]
[15.86]
[15.62]
[15.55]
[15.84]
[15.47]
[15.85]
[15.91]
[15.89]
[15.6]
[15.96]
[15.99]
[15.84]
[15.77]
[15.99]
[15.57]
[15.56]
[15.78]
[15.69]
[15.67]
[15.63]
[15.75]
[15.5]
[15.92]
[15.96]
[15.99]
[16.2]
[15.99]
[15.99]
[15.96]
[15.93]
[15.94]
[15.96]
[15.89]
[15.75]
[15.57]
[14.85]
[16.98]
[17.18]
[17.15]
[16.64]
[16.94]
[16.89]
[16.85]
[16.85]
[16.82]
[22.09]
[48.14]
[54.09]
[52.25]
[50.82]
[26.21]
[24.32]
[46.38]
[54.6]
[55.32]
[58.59]
[42.22]
[59.61]
[52.27]
[91.07]
[134.99]
[99.13]
[93.08]
[89.49]
[90.15]
[90.7]
[92.91]
[90.54]
[92.41]
[91.17]
[89.85]
[54.37]
[55.31]
[91.98]
[89.63]
[92.51]
[92.65]
[53.92]
[58.15]
[118.86]
[121.02]
[128.01]
[129.11]
[130.04]
[130.07]
[129.96]
[130.52]
[93.73]
[94.19]
[93.43]
[94.32]
[94.03]
[49.04]
[42.92]
[63.69]
[56.03]
[54.7]
[38.34]
[11.79]
[11.72]
[12.96]
[33.11]
[57.23]
[47.44]
[52.93]
[38.46]
[13.38]
[10.84]
[32.12]
[12.86]
[13.04]
[11.96]
[9.06]
[9.09]
[9.87]
[13.99]
[13.87]
[12.77]
[11.54]
[13.62]
[10.08]
[9.89]
[11.66]
[11.41]
[10.97]
[12.27]
[12.58]
[13.52]
[14.11]
[18.19]
[19.12]
[13.6]
[13.55]
[13.48]
[13.43]
[13.64]
[13.07]
[13.76]
[13.75]
[12.85]
[13.71]
[11.22]
[9.92]
[11.7]
[12.05]
[15.5]
[15.5]
[20.41]
[11.86]
[11.21]
[12.16]
[10.03]
[8.58]
[11.93]
[24.96]
[9.81]
[9.12]
[11.89]
[11.97]
[19.72]
[18.14]
[16.04]
[11.71]
[13.74]
[39.18]
[46.43]
[42.22]
[40.7]
[29.17]
[11.6]
[7.7]
[7.77]
[5.18]
[5.21]
[5.24]
[5.27]
[5.28]
[5.29]
[5.31]
[5.33]
[5.34]
[5.35]
[5.36]
[5.37]
[5.38]
[5.39]