0.9011777192972089, 0.9027909304571433, -1.5796961094165154, 191.35939226837914[13.059656]
[10.470598]
[9.290396]
[11.338259]
[10.399759]
[6.7897]
[6.2374477]
[6.1193843]
[6.195232]
[6.1769934]
[6.0602145]
[6.180202]
[6.0340996]
[8.617146]
[9.014362]
[9.1285]
[9.283489]
[10.469245]
[10.977857]
[10.492029]
[10.374414]
[9.731178]
[9.649035]
[9.479179]
[9.483825]
[9.498558]
[9.482881]
[9.378456]
[9.347669]
[9.220483]
[9.327286]
[9.465341]
[9.286515]
[9.386279]
[9.457618]
[9.347982]
[9.344488]
[9.934674]
[13.0226345]
[10.546609]
[10.107374]
[10.263363]
[10.225287]
[10.0786295]
[11.739802]
[11.9799795]
[12.022086]
[11.903436]
[12.224508]
[12.264263]
[12.291094]
[12.139581]
[12.12386]
[11.943166]
[11.986483]
[11.9205]
[11.929023]
[11.916904]
[11.91177]
[11.887941]
[11.903407]
[11.864859]
[11.930381]
[11.902698]
[11.98305]
[12.139788]
[12.1929865]
[12.215564]
[12.2958355]
[12.169424]
[14.798357]
[9.754317]
[11.261086]
[11.945]
[37.387558]
[17.940435]
[13.90364]
[14.0108]
[13.940522]
[13.991873]
[14.057671]
[14.1512165]
[14.297358]
[14.268648]
[14.35067]
[14.225174]
[14.082624]
[14.08103]
[14.311326]
[14.309725]
[14.187405]
[14.078795]
[14.1754465]
[14.415911]
[14.264324]
[14.222933]
[14.347695]
[14.222747]
[14.181701]
[13.884474]
[13.826522]
[14.198956]
[14.121359]
[14.152794]
[14.320976]
[14.7761135]
[18.626797]
[17.89459]
[18.916048]
[31.131697]
[48.365067]
[21.974304]
[63.49439]
[66.70394]
[77.84493]
[93.69711]
[127.20416]
[84.26844]
[70.525055]
[56.038723]
[60.21117]
[57.87178]
[54.752575]
[51.47784]
[53.668385]
[49.960617]
[40.98922]
[50.314396]
[52.83739]
[50.422523]
[51.628353]
[53.438698]
[30.857607]
[27.088507]
[41.673576]
[50.34191]
[46.91373]
[51.294758]
[47.706223]
[23.431854]
[23.129848]
[43.48598]
[50.97414]
[74.27979]
[96.01256]
[130.13911]
[147.7264]
[165.75296]
[201.2742]
[171.20824]
[143.479]
[136.95627]
[121.01115]
[101.92556]
[85.73404]
[110.58017]
[114.26933]
[114.797424]
[116.59539]
[126.02859]
[106.43305]
[92.83218]
[87.74826]
[91.209656]
[88.423706]
[88.60362]
[93.23584]
[71.50702]
[58.01377]
[68.29187]
[66.7954]
[66.2564]
[62.31311]
[65.35322]
[58.882206]
[57.00974]
[54.469486]
[57.243446]
[42.58919]
[56.061264]
[57.55797]
[50.269726]
[46.24665]
[57.952908]
[54.04617]
[48.43736]
[45.231956]
[47.035725]
[41.905006]
[41.09903]
[43.80192]
[56.65151]
[60.866074]
[56.46019]
[60.50947]
[57.121468]
[57.15689]
[89.8858]
[90.2007]
[89.71509]
[85.89314]
[83.19917]
[84.758514]
[82.44773]
[84.845146]
[91.95784]
[90.31032]
[97.311165]
[97.5049]
[69.690506]
[61.885773]
[69.40228]
[53.38599]
[68.709595]
[48.55189]
[63.572712]
[35.422516]
[24.129591]
[45.254032]
[34.89204]
[33.41468]
[26.4807]
[29.97669]
[22.506592]
[17.629297]
[21.758162]
[27.852814]
[37.58689]
[39.833897]
[44.394466]
[30.2396]
[19.16865]
[42.305317]
[50.157146]
[42.620144]
[38.54423]
[23.219252]
[20.239511]
[19.105427]
[24.172895]
[31.636322]
[40.475266]
[39.411682]
[44.90766]
[21.669703]
[17.486568]
[39.186543]
[42.89317]
[41.98285]
[41.50236]
[40.51816]
[22.424984]
[17.893785]
[27.89498]
[32.166733]
[25.090727]
[32.182243]
[33.18608]
[18.594889]
[14.19352]
[25.67091]
[29.844137]
[28.268343]
[27.107136]
[25.117044]
[21.009878]
[17.104622]
[21.049162]
[23.865252]
[19.0941]
[19.659855]
[37.726994]
[21.49082]
[17.05748]
[25.925863]
[29.982752]
[28.055977]
[26.964146]
[25.58513]
[15.286247]
[10.894413]
[21.822786]
[22.961092]
[24.33242]
[24.745384]
[23.869343]
[14.093468]
[9.791259]
[9.100015]
[7.903847]
[7.490029]
[8.109628]
[7.962103]
[7.706911]
[7.682273]
[7.42831]
[7.644799]
[7.432974]
[7.4781523]
[7.247359]
[7.2524157]
[7.224616]
[7.232353]
[7.105706]
[7.0102205]
[7.0199876]
[6.988585]
[6.988585]
[6.988585]
[6.988585]
[6.7275977]
[8.709195]
[14.297263]
[13.785076]
[15.207379]
[11.691273]
[12.053419]
[12.947909]
[16.812346]
[15.213287]
[13.873187]
[11.000817]
[7.813946]
[10.444951]
[11.247918]
[10.01984]
[10.1908245]
[10.796201]
[12.330776]
[12.536727]
[11.2781515]
[12.296765]
[18.622389]
[13.724797]
[12.773153]
[9.269011]
[12.344691]
[13.143768]
[12.900221]
[7.3340683]
[6.276152]
[6.2929373]
[6.9191394]
[10.437083]
[10.586953]
[10.716733]
[7.9794]
[6.368952]
[6.179003]
[6.201171]
[6.0924206]
[6.2099295]
[7.551109]
[6.396312]
[6.1939025]
[6.07904]
[6.1993656]
[5.994936]
[6.6229734]
[6.426052]
[6.44971]
[6.443825]
[6.183541]
[6.2092137]
[6.1433063]
[6.1562943]
[6.1306705]
[6.3485866]
[6.3551908]
[6.495327]
[6.0407887]
[6.2486663]
[6.1398473]
[6.1651726]
[6.1595163]
[6.0990305]
[8.431162]
[8.765139]
[13.871825]
[9.8589325]
[9.044385]
[10.157012]
[10.149269]
[9.096813]
[12.250525]
[11.805138]
[9.978943]
[11.493511]
[12.148198]
[10.154227]
[9.682482]
[12.211927]
[12.7868]
[12.933895]
[12.818647]
[17.86683]
[12.759248]
[10.413594]
[13.550749]
[17.800043]
[20.803606]
[15.6032505]
[13.352517]
[12.466823]
[11.095544]
[11.023766]
[12.063313]
[12.298462]
[13.122479]
[13.375582]
[12.498449]
[12.322012]
[13.370092]
[13.176258]
[12.659201]
[13.458117]
[13.928831]
[12.7842]
[11.907743]
[12.959632]
[13.359346]
[13.262365]
[13.160465]
[12.768877]
[12.116902]
[11.997376]
[11.713764]
[12.822844]
[13.334444]
[11.773269]
[12.42289]
[12.24669]
[12.581954]
[13.379642]
[13.523667]
[12.732287]
[14.377264]
[13.96489]
[13.881265]
[13.765999]
[13.582834]
[13.46265]
[13.367384]
[13.418333]
[13.306472]
[15.1904]
[18.249144]
[16.967567]
[13.434827]
[12.880586]
[13.103056]
[13.651647]
[13.583074]
[13.317194]
[13.17606]
[13.160333]
[13.234145]
[13.293717]
[13.330057]
[13.320595]
[13.090585]
[12.903349]
[12.945414]
[12.860953]
[13.026155]
[13.145862]
[13.171854]
[13.147633]
[13.091952]
[12.952231]
[13.080589]
[13.191455]
[13.087604]
[13.044602]
[12.981786]
[13.01779]
[13.153254]
[13.035462]
[13.129085]
[13.229455]
[13.221284]
[13.103799]
[13.077225]
[13.078306]
[12.97103]
[13.079811]
[13.175337]
[13.326577]
[13.297901]
[13.237393]
[13.228727]
[13.266248]
[13.445957]
[13.483416]
[13.356674]
[13.292497]
[13.250924]
[13.454289]
[13.551776]
[13.562124]
[14.338673]
[20.781874]
[24.63097]
[38.42908]
[14.474066]
[10.042571]
[12.837362]
[13.120128]
[13.853763]
[14.424557]
[14.628601]
[14.455225]
[14.404486]
[14.143958]
[14.113404]
[13.930419]
[13.797914]
[13.700562]
[14.328892]
[13.663314]
[13.536183]
[13.515376]
[13.5314865]
[13.077276]
[13.459177]
[11.87014]
[11.562189]
[11.631587]
[11.723809]
[11.680567]
[13.041804]
[12.133801]
[11.982251]
[11.848821]
[11.69721]
[11.63321]
[11.577658]
[11.543127]
[11.611332]
[11.539987]
[11.499847]
[11.377836]
[11.376757]
[11.407708]
[11.344595]
[11.256494]
[11.628033]
[12.210917]
[12.787612]
[12.846658]
[13.250578]
[12.662465]
[12.245739]
[12.347302]
[12.145284]
[12.4838915]
[11.224125]
[10.785146]
[10.70799]
[10.37769]
[10.412654]
[10.431247]
[10.348988]
[10.371174]
[10.311143]
[10.325064]
[10.276006]
[10.239108]
[10.277142]
[10.209533]
[10.315159]
[10.221477]
[10.27063]
[10.221168]
[10.232581]
[10.150009]
[10.15212]
[10.090975]
[10.084993]
[10.078392]
[10.081025]
[10.076726]
[10.073662]
[10.069064]
[10.040264]
[10.125277]
[9.624464]
[9.604595]
[9.433851]
[9.273008]
[9.273684]
[9.227708]
[9.275074]
[9.259892]
[9.212673]
[9.258841]
[9.314744]
[9.703603]
[9.737858]
[10.082501]
[9.828298]
[9.691073]
[9.576564]
[9.462322]
[9.394312]
[9.43384]
[9.314666]
[9.359171]
[9.296008]
[9.209322]
[9.266441]
[9.367938]
[9.412639]
[9.43918]
[9.601212]
[9.457986]
[9.432747]
[9.026045]
[8.905151]
[8.741684]
[8.644937]
[8.686603]
[8.669238]
[8.666352]
[8.621519]
[8.650666]
[8.570293]
[8.6090765]
[8.581845]
[8.591769]
[8.54825]
[8.604307]
[8.507851]
[8.569627]
[8.498291]
[8.520413]
[8.506581]
[8.464514]
[8.523603]
[8.514606]
[8.509834]
[8.5062065]
[8.559101]
[8.5311775]
[8.609092]
[8.582987]
[8.648468]
[7.3433146]
[7.0450153]
[6.89509]
[6.4685717]
[6.3536825]
[6.386216]
[6.3160796]
[6.361879]
[6.36287]
[6.31094]
[6.369424]
[6.3356214]
[6.316593]
[6.327581]
[6.3063188]
[6.3298287]
[6.3374257]
[6.266959]
[6.393982]
[6.3348136]
[6.315212]
[6.369642]
[6.3478994]
[6.344413]
[6.361653]
[6.359762]
[6.3595586]
[6.3581715]
[6.371087]
[6.35823]
[6.4111805]
[6.3553324]
[6.7854195]
[6.7237687]
[10.275907]
[7.275626]
[8.176745]
[8.5635195]
[6.9099627]
[6.5977316]
[6.5651126]
[6.5248995]
[6.8458714]
[6.5975823]
[6.820476]
[6.605326]
[6.7600555]
[6.552944]
[8.678109]
[7.0516114]
[6.634934]
[6.59861]
[6.5628853]
[6.527318]
[6.491717]
[6.26137]
[6.4042306]
[6.444801]
[8.415589]
[6.609004]
[6.147737]
[6.271669]
[6.12495]
[6.0758348]
[6.182228]
[6.060054]
[6.102504]
[6.0898933]
[5.9823785]
[6.0120416]
[5.971152]
[5.8832965]
[5.8891406]
[5.912044]
[5.8690324]
[5.8369656]
[5.820111]
[5.787307]
[5.797998]
[5.746136]
[5.690315]
[5.709495]
[5.6729164]
[5.671284]
[5.638632]
[5.585343]
[5.6110425]
[5.553806]
[5.509205]
[5.49218]
[8.596264]
[8.585478]
[8.911702]
[8.506757]
[8.800034]
[8.849156]
[8.745368]
[8.671608]
[9.230008]
[8.645056]
[9.090788]
[8.5226345]
[9.028457]
[8.515811]
[9.024043]
[9.124299]
[8.571707]
[8.514913]
[8.568375]
[8.60134]
[8.645757]
[8.658674]
[8.682724]
[9.048967]
[8.80692]
[9.342499]
[9.115616]
[8.87072]
[9.534885]
[9.615272]
[9.560938]
[11.243457]
[11.432385]
[11.399938]
[11.943276]
[11.4108925]
[11.874667]
[12.488188]
[12.520101]
[15.8284235]
[17.23311]
[15.573113]
[12.129362]
[12.214993]
[12.249994]
[12.767105]
[16.606903]
[13.2221365]
[12.699712]
[12.658978]
[13.16318]
[12.100706]
[11.922022]
[12.0204935]
[12.030222]
[11.997711]
[12.107854]
[12.296521]
[12.378064]
[12.567796]
[12.519461]
[13.549049]
[14.074905]
[14.211409]
[14.367791]
[13.919775]
[14.01818]
[13.653225]
[13.56093]
[13.599077]
[12.463476]
[14.583284]
[21.037868]
[18.641748]
[15.741549]
[11.832796]
[15.221404]
[15.674849]
[15.705625]
[15.756528]
[15.706754]
[15.561817]
[15.325277]
[15.179774]
[15.101844]
[14.927462]
[14.642866]
[14.595934]
[15.746104]
[15.859083]
[15.677496]
[14.159749]
[12.39796]
[11.27634]
[11.608075]
[10.038611]
[9.339661]
[14.071975]
[14.443737]
[14.872193]
[15.108569]
[14.372851]
[13.610821]
[15.036446]
[14.723681]
[14.63231]
[15.503805]
[15.62273]
[15.450637]
[15.483456]
[15.654674]
[15.806253]
[15.71882]
[15.642936]
[15.702058]
[16.279459]
[15.565128]
[15.146634]
[15.3392725]
[15.389502]
[15.33409]
[15.412809]
[15.154523]
[15.311545]
[15.405451]
[15.931167]
[15.551337]
[15.725964]
[15.470396]
[15.338669]
[15.251811]
[15.320806]
[15.559727]
[15.543002]
[20.753872]
[18.925783]
[15.577062]
[25.67443]
[21.39464]
[19.803843]
[21.154255]
[20.004656]
[6.1378846]
[15.869298]
[17.435402]
[17.00542]
[20.218943]
[37.76502]
[44.405396]
[48.586365]
[50.61405]
[40.73204]
[32.03534]
[52.114334]
[61.147305]
[59.18462]
[61.69132]
[52.20997]
[67.87932]
[80.62148]
[87.60287]
[117.7081]
[112.435356]
[112.18551]
[97.05137]
[94.56752]
[92.07115]
[95.40255]
[90.59455]
[89.28856]
[87.43944]
[86.7248]
[72.04441]
[64.9374]
[83.1638]
[86.4103]
[87.330376]
[89.559456]
[83.48313]
[77.961205]
[102.77405]
[120.366714]
[134.65659]
[128.32872]
[122.575554]
[125.594154]
[128.23262]
[122.876785]
[99.08939]
[99.15722]
[92.47278]
[92.677986]
[91.63202]
[60.55939]
[48.718884]
[60.60707]
[56.79115]
[53.32657]
[41.714245]
[23.425167]
[20.118423]
[20.022333]
[31.916782]
[47.77068]
[43.66674]
[45.709087]
[36.809532]
[20.43656]
[16.841015]
[28.75616]
[19.745079]
[17.308868]
[16.974127]
[14.726566]
[14.244615]
[14.2802725]
[16.411346]
[16.423676]
[15.528327]
[14.673504]
[15.336683]
[13.8818655]
[13.389614]
[14.499598]
[14.281114]
[13.664262]
[14.229032]
[14.284236]
[14.476928]
[14.923705]
[16.69964]
[17.482819]
[14.40341]
[14.033482]
[14.750401]
[14.868233]
[14.656573]
[14.182811]
[14.285191]
[14.307503]
[13.621066]
[14.140921]
[12.6248455]
[11.646447]
[12.811581]
[13.802938]
[15.540208]
[15.927337]
[18.711958]
[15.17857]
[14.720642]
[14.611604]
[13.391735]
[11.927596]
[13.169512]
[20.022501]
[13.021015]
[11.117715]
[12.1012335]
[12.4134]
[16.067526]
[16.109539]
[14.583938]
[12.172902]
[12.465749]
[24.97941]
[28.61284]
[26.798553]
[26.252563]
[20.746038]
[15.025443]
[11.164052]
[11.557625]
[9.184616]
[8.689961]
[8.351512]
[8.0828905]
[7.280656]
[7.970698]
[7.673755]
[8.050472]
[7.2734857]
[7.7964935]
[7.4676757]
[7.279677]
[7.4960823][10.25]
[9.45]
[13.02]
[10.69]
[5.31]
[5.25]
[5.26]
[5.31]
[5.31]
[5.3]
[5.29]
[5.3]
[9.25]
[9.31]
[9.28]
[9.29]
[9.27]
[9.26]
[9.25]
[9.26]
[9.26]
[9.27]
[9.25]
[9.25]
[9.32]
[9.28]
[9.26]
[9.22]
[9.21]
[9.23]
[9.23]
[9.06]
[9.24]
[9.25]
[9.24]
[9.29]
[9.55]
[9.28]
[9.27]
[9.27]
[9.25]
[9.24]
[9.28]
[12.21]
[12.29]
[12.32]
[12.27]
[12.3]
[12.29]
[12.25]
[12.25]
[12.25]
[12.29]
[12.3]
[12.3]
[12.31]
[12.36]
[12.34]
[12.35]
[12.36]
[12.37]
[12.39]
[12.39]
[12.4]
[12.36]
[12.39]
[12.4]
[12.41]
[12.52]
[12.25]
[12.25]
[12.03]
[12.31]
[26.75]
[15.2]
[15.05]
[15.12]
[15.03]
[15.09]
[15.17]
[15.22]
[15.41]
[15.4]
[15.43]
[15.24]
[15.14]
[15.08]
[15.29]
[15.3]
[15.23]
[15.22]
[15.17]
[15.21]
[15.24]
[15.21]
[15.26]
[15.09]
[15.03]
[14.94]
[15.09]
[15.28]
[15.3]
[15.52]
[15.38]
[15.46]
[15.26]
[15.55]
[15.54]
[15.27]
[22.36]
[17.87]
[15.85]
[42.75]
[82.22]
[94.05]
[93.25]
[90.97]
[55.68]
[49.63]
[58.09]
[56.67]
[54.59]
[53.59]
[58.05]
[53.08]
[41.74]
[57.88]
[58.89]
[56.17]
[56.45]
[59.98]
[24.57]
[23.68]
[48.95]
[58.59]
[52.66]
[61.65]
[55.39]
[15.63]
[15.57]
[49.45]
[48.02]
[57.5]
[95.04]
[91.35]
[127.12]
[159.08]
[215.85]
[192.9]
[144.63]
[136.75]
[131.02]
[99.64]
[86.83]
[129.19]
[131.03]
[129.73]
[130.49]
[130.52]
[92.3]
[87.76]
[90.33]
[91.84]
[90.24]
[92.4]
[96.82]
[52.74]
[45.22]
[55.96]
[60.38]
[51.61]
[55.5]
[62.81]
[54.04]
[56.12]
[53.08]
[60.33]
[38.11]
[64.66]
[62.07]
[50.21]
[45.53]
[67.12]
[58.52]
[53.52]
[50.52]
[53.77]
[41.06]
[38.17]
[35.45]
[50.08]
[57.71]
[43.73]
[61.41]
[54.5]
[42.43]
[96.98]
[93.31]
[95.73]
[93.08]
[91.61]
[94.94]
[85.74]
[88.4]
[98.74]
[90.94]
[95.37]
[98.5]
[45.13]
[47.61]
[67.66]
[39.1]
[71.69]
[37.29]
[69.59]
[19.53]
[12.7]
[49.99]
[27.12]
[31.05]
[19.21]
[28.46]
[14.31]
[9.94]
[17.83]
[28.86]
[44.83]
[46.46]
[52.06]
[24.01]
[9.42]
[50.97]
[57.23]
[44.2]
[37.8]
[12.15]
[9.41]
[10.47]
[20.43]
[33.31]
[48.25]
[44.01]
[55.45]
[12.7]
[10.36]
[51.64]
[50.92]
[50.38]
[49.93]
[49.1]
[13.79]
[10.13]
[29.22]
[34.2]
[23.2]
[39.35]
[38.77]
[14.08]
[10.2]
[32.49]
[35.58]
[33.86]
[32.24]
[29.9]
[23.23]
[16.87]
[24.9]
[28.37]
[17.49]
[16.74]
[47.53]
[16.06]
[15.03]
[32.65]
[36.66]
[33.79]
[32.62]
[31.6]
[12.79]
[8.68]
[29.3]
[28.48]
[33.01]
[32.79]
[29.71]
[12.11]
[7.79]
[7.39]
[5.3]
[5.33]
[5.36]
[5.41]
[5.44]
[5.46]
[5.48]
[5.51]
[5.52]
[5.54]
[5.55]
[5.56]
[5.57]
[5.58]
[5.41]
[5.59]
[5.59]
[5.59]
[5.59]
[5.59]
[5.59]
[5.52]
[9.82]
[15.53]
[16.95]
[20.82]
[11.7]
[14.18]
[15.4]
[23.39]
[19.41]
[16.47]
[11.42]
[6.71]
[12.54]
[12.67]
[10.63]
[11.37]
[12.05]
[14.44]
[14.47]
[12.32]
[14.46]
[13.82]
[14.57]
[14.58]
[8.47]
[14.78]
[14.81]
[14.47]
[5.31]
[5.31]
[5.29]
[6.65]
[12.03]
[10.97]
[11.68]
[7.09]
[5.32]
[5.32]
[5.33]
[5.32]
[5.32]
[7.66]
[5.32]
[5.32]
[5.32]
[5.29]
[5.21]
[5.09]
[5.1]
[5.1]
[5.1]
[5.11]
[5.11]
[5.1]
[5.12]
[5.22]
[5.48]
[5.49]
[5.27]
[5.12]
[5.13]
[5.12]
[5.12]
[5.11]
[5.16]
[8.76]
[8.76]
[8.94]
[8.95]
[8.95]
[10.8]
[10.34]
[8.93]
[12.82]
[12.41]
[9.78]
[12.71]
[13.05]
[9.78]
[9.61]
[13.47]
[13.71]
[13.82]
[13.8]
[20.11]
[12.1]
[10.21]
[15.44]
[19.36]
[24.22]
[16.35]
[13.82]
[12.91]
[11.05]
[11.21]
[12.63]
[12.73]
[13.93]
[14.]
[12.75]
[12.72]
[14.06]
[13.64]
[13.18]
[14.13]
[14.47]
[12.97]
[12.08]
[13.53]
[13.92]
[14.]
[14.03]
[13.47]
[12.53]
[12.61]
[12.89]
[13.87]
[13.64]
[12.29]
[13.75]
[12.77]
[12.77]
[13.97]
[13.97]
[12.95]
[15.58]
[14.78]
[14.97]
[14.82]
[14.67]
[14.69]
[14.7]
[14.81]
[14.7]
[17.5]
[18.04]
[19.37]
[14.58]
[14.62]
[14.69]
[14.75]
[14.6]
[14.39]
[14.42]
[14.49]
[14.55]
[14.59]
[14.62]
[14.6]
[14.31]
[14.23]
[14.12]
[14.15]
[14.3]
[14.52]
[14.49]
[14.43]
[14.23]
[14.17]
[14.28]
[14.37]
[14.29]
[14.2]
[14.09]
[14.11]
[14.23]
[14.04]
[14.13]
[14.15]
[14.07]
[14.02]
[13.88]
[13.88]
[13.78]
[13.82]
[13.92]
[14.08]
[13.97]
[13.86]
[13.82]
[13.83]
[13.99]
[14.01]
[13.84]
[13.78]
[13.71]
[13.96]
[14.1]
[13.99]
[13.72]
[16.98]
[13.92]
[13.67]
[13.53]
[13.42]
[13.41]
[13.36]
[14.17]
[14.52]
[14.48]
[14.44]
[14.41]
[14.38]
[14.37]
[14.35]
[14.34]
[14.31]
[15.25]
[14.32]
[14.31]
[14.29]
[14.29]
[14.58]
[14.56]
[12.15]
[11.95]
[11.88]
[11.87]
[11.82]
[13.39]
[11.95]
[11.94]
[11.89]
[11.86]
[11.86]
[11.84]
[11.83]
[11.81]
[11.86]
[11.86]
[11.8]
[11.8]
[11.79]
[11.78]
[11.77]
[11.96]
[11.94]
[11.9]
[11.85]
[11.35]
[11.83]
[11.8]
[12.]
[12.06]
[12.03]
[9.66]
[9.6]
[9.59]
[9.63]
[9.74]
[9.73]
[9.68]
[9.68]
[9.7]
[9.68]
[9.68]
[9.67]
[9.67]
[9.73]
[9.77]
[9.75]
[9.77]
[9.77]
[9.77]
[9.74]
[9.74]
[9.73]
[9.72]
[9.75]
[9.75]
[9.79]
[9.77]
[9.77]
[9.78]
[9.77]
[9.09]
[9.09]
[8.91]
[8.69]
[8.69]
[8.66]
[8.69]
[8.7]
[8.7]
[8.66]
[8.67]
[8.77]
[8.78]
[8.78]
[8.77]
[8.78]
[8.77]
[8.74]
[8.74]
[8.77]
[8.77]
[8.77]
[8.76]
[8.77]
[8.76]
[8.77]
[8.77]
[8.76]
[8.76]
[8.77]
[8.71]
[8.26]
[8.23]
[8.06]
[8.02]
[8.01]
[8.04]
[8.06]
[8.04]
[8.05]
[8.06]
[8.05]
[8.05]
[8.07]
[8.07]
[8.06]
[8.04]
[8.08]
[8.07]
[8.07]
[8.03]
[8.1]
[8.09]
[8.1]
[8.11]
[8.1]
[8.11]
[8.12]
[8.11]
[8.11]
[8.13]
[6.13]
[6.11]
[5.91]
[5.29]
[5.35]
[5.29]
[5.31]
[5.3]
[5.3]
[5.3]
[5.31]
[5.3]
[5.27]
[5.29]
[5.29]
[5.29]
[5.3]
[5.3]
[5.34]
[5.31]
[5.31]
[5.32]
[5.32]
[5.31]
[5.33]
[5.32]
[5.32]
[5.31]
[5.33]
[5.32]
[5.34]
[5.34]
[5.89]
[5.74]
[5.51]
[5.5]
[7.49]
[7.16]
[5.55]
[5.56]
[5.48]
[5.43]
[5.41]
[5.42]
[5.48]
[5.44]
[5.44]
[5.44]
[7.99]
[5.37]
[5.4]
[5.41]
[5.38]
[5.38]
[5.39]
[5.38]
[5.38]
[5.43]
[5.4]
[5.41]
[5.42]
[5.41]
[5.41]
[5.41]
[5.41]
[5.42]
[5.44]
[5.44]
[5.45]
[5.47]
[5.47]
[5.4]
[5.42]
[5.44]
[5.46]
[5.47]
[5.46]
[5.46]
[5.47]
[5.47]
[5.42]
[5.48]
[5.49]
[5.48]
[5.46]
[5.46]
[5.5]
[5.51]
[5.48]
[5.46]
[9.04]
[9.13]
[9.13]
[9.16]
[9.17]
[9.17]
[9.19]
[9.21]
[9.24]
[9.24]
[9.22]
[9.2]
[9.27]
[9.28]
[9.28]
[9.29]
[9.32]
[9.33]
[9.33]
[9.34]
[9.36]
[9.37]
[9.38]
[9.41]
[9.41]
[9.41]
[9.41]
[9.42]
[9.83]
[9.49]
[9.52]
[12.18]
[12.29]
[12.29]
[12.33]
[12.37]
[12.42]
[12.45]
[12.39]
[15.27]
[16.55]
[14.11]
[12.06]
[12.15]
[12.22]
[12.2]
[14.89]
[12.24]
[12.29]
[12.3]
[12.82]
[12.19]
[12.16]
[12.29]
[12.32]
[12.3]
[12.41]
[12.47]
[12.46]
[12.66]
[12.65]
[14.68]
[15.59]
[15.66]
[15.62]
[15.61]
[15.62]
[15.55]
[15.55]
[15.53]
[15.48]
[15.58]
[15.63]
[15.67]
[15.73]
[15.76]
[15.69]
[15.74]
[15.74]
[15.7]
[15.75]
[15.81]
[15.74]
[15.69]
[15.67]
[15.67]
[15.69]
[15.71]
[15.78]
[15.82]
[15.85]
[15.84]
[15.82]
[15.81]
[15.68]
[15.65]
[15.45]
[15.76]
[15.72]
[15.72]
[15.72]
[15.86]
[15.62]
[15.55]
[15.84]
[15.47]
[15.85]
[15.91]
[15.89]
[15.6]
[15.96]
[15.99]
[15.84]
[15.77]
[15.99]
[15.57]
[15.56]
[15.78]
[15.69]
[15.67]
[15.63]
[15.75]
[15.5]
[15.92]
[15.96]
[15.99]
[16.2]
[15.99]
[15.99]
[15.96]
[15.93]
[15.94]
[15.96]
[15.89]
[15.75]
[15.57]
[14.85]
[16.98]
[17.18]
[17.15]
[16.64]
[16.94]
[16.89]
[16.85]
[16.85]
[16.82]
[22.09]
[48.14]
[54.09]
[52.25]
[50.82]
[26.21]
[24.32]
[46.38]
[54.6]
[55.32]
[58.59]
[42.22]
[59.61]
[52.27]
[91.07]
[134.99]
[99.13]
[93.08]
[89.49]
[90.15]
[90.7]
[92.91]
[90.54]
[92.41]
[91.17]
[89.85]
[54.37]
[55.31]
[91.98]
[89.63]
[92.51]
[92.65]
[53.92]
[58.15]
[118.86]
[121.02]
[128.01]
[129.11]
[130.04]
[130.07]
[129.96]
[130.52]
[93.73]
[94.19]
[93.43]
[94.32]
[94.03]
[49.04]
[42.92]
[63.69]
[56.03]
[54.7]
[38.34]
[11.79]
[11.72]
[12.96]
[33.11]
[57.23]
[47.44]
[52.93]
[38.46]
[13.38]
[10.84]
[32.12]
[12.86]
[13.04]
[11.96]
[9.06]
[9.09]
[9.87]
[13.99]
[13.87]
[12.77]
[11.54]
[13.62]
[10.08]
[9.89]
[11.66]
[11.41]
[10.97]
[12.27]
[12.58]
[13.52]
[14.11]
[18.19]
[19.12]
[13.6]
[13.55]
[13.48]
[13.43]
[13.64]
[13.07]
[13.76]
[13.75]
[12.85]
[13.71]
[11.22]
[9.92]
[11.7]
[12.05]
[15.5]
[15.5]
[20.41]
[11.86]
[11.21]
[12.16]
[10.03]
[8.58]
[11.93]
[24.96]
[9.81]
[9.12]
[11.89]
[11.97]
[19.72]
[18.14]
[16.04]
[11.71]
[13.74]
[39.18]
[46.43]
[42.22]
[40.7]
[29.17]
[11.6]
[7.7]
[7.77]
[5.18]
[5.21]
[5.24]
[5.27]
[5.28]
[5.29]
[5.31]
[5.33]
[5.34]
[5.35]
[5.36]
[5.37]
[5.38]
[5.39]