PROJ4_STRING : +proj=longlat +datum=WGS84 +no_defs
 <beginpolygon>
  -8.67132600000000        42.7234980000000     
  -8.67132600000000        42.7284980000000     
  -8.67632600000000        42.7334980000000     
  -8.68132600000000        42.7384980000000     
  -8.68632600000000        42.7434980000000     
  -8.69132600000000        42.7484980000000     
  -8.69632600000000        42.7484980000000     
  -8.70132600000000        42.7484980000000     
  -8.70632600000000        42.7484980000000     
  -8.71132600000000        42.7434980000000     
  -8.71632600000000        42.7434980000000     
  -8.72132600000000        42.7384980000000     
  -8.72632600000000        42.7334980000000     
  -8.73132600000000        42.7334980000000     
  -8.73632600000000        42.7334980000000     
  -8.74132600000000        42.7334980000000     
  -8.74632600000000        42.7384980000000     
  -8.75132600000000        42.7384980000000     
  -8.75632600000000        42.7384980000000     
  -8.75632600000000        42.7434980000000     
  -8.75132600000000        42.7484980000000     
  -8.74632600000000        42.7534980000000     
  -8.74632600000000        42.7584980000000     
  -8.74632600000000        42.7634980000000     
  -8.75132600000000        42.7684980000000     
  -8.74632600000000        42.7734980000000     
  -8.74132600000000        42.7784980000000     
  -8.74132600000000        42.7834980000000     
  -8.74132600000000        42.7884980000000     
  -8.74132600000000        42.7934980000000     
  -8.74632600000000        42.7984980000000     
  -8.74632600000000        42.8034980000000     
  -8.75132600000000        42.8084980000000     
  -8.75632600000000        42.8134980000000     
  -8.76132600000000        42.8184980000000     
  -8.75632600000000        42.8234980000000     
  -8.75132600000000        42.8234980000000     
  -8.74632600000000        42.8234980000000     
  -8.74132600000000        42.8284980000000     
  -8.73632600000000        42.8284980000000     
  -8.73632600000000        42.8334980000000     
  -8.73132600000000        42.8384980000000     
  -8.72632600000000        42.8384980000000     
  -8.72132600000000        42.8434980000000     
  -8.71632600000000        42.8484980000000     
  -8.71632600000000        42.8534980000000     
  -8.71132600000000        42.8584980000000     
  -8.70632600000000        42.8584980000000     
  -8.70632600000000        42.8634980000000     
  -8.70632600000000        42.8684980000000     
  -8.70132600000000        42.8734980000000     
  -8.69632600000000        42.8784980000000     
  -8.69132600000000        42.8784980000000     
  -8.68632600000000        42.8784980000000     
  -8.68132600000000        42.8784980000000     
  -8.67632600000000        42.8834980000000     
  -8.67132600000000        42.8884980000000     
  -8.67132600000000        42.8934980000000     
  -8.67132600000000        42.8984980000000     
  -8.67132600000000        42.9034980000000     
  -8.67132600000000        42.9084980000000     
  -8.67132600000000        42.9134980000000     
  -8.66632600000000        42.9184980000000     
  -8.66132600000000        42.9184980000000     
  -8.65632600000000        42.9184980000000     
  -8.65132600000000        42.9234980000000     
  -8.64632600000000        42.9234980000000     
  -8.64132600000000        42.9234980000000     
  -8.63632600000000        42.9234980000000     
  -8.63132600000000        42.9234980000000     
  -8.62632600000000        42.9284980000000     
  -8.62132600000000        42.9334980000000     
  -8.61632600000000        42.9334980000000     
  -8.61132600000000        42.9384980000000     
  -8.60632600000000        42.9384980000000     
  -8.60132600000000        42.9434980000000     
  -8.60132600000000        42.9384980000000     
  -8.59632600000000        42.9334980000000     
  -8.59632600000000        42.9284980000000     
  -8.59132600000000        42.9234980000000     
  -8.58632600000000        42.9184980000000     
  -8.58632600000000        42.9134980000000     
  -8.58132600000000        42.9084980000000     
  -8.57632600000000        42.9084980000000     
  -8.57132600000000        42.9084980000000     
  -8.56632600000000        42.9084980000000     
  -8.56632600000000        42.9134980000000     
  -8.56132600000000        42.9184980000000     
  -8.55632600000000        42.9234980000000     
  -8.55132600000000        42.9284980000000     
  -8.54632600000000        42.9284980000000     
  -8.54132600000000        42.9284980000000     
  -8.53632600000000        42.9284980000000     
  -8.53132600000000        42.9234980000000     
  -8.52632600000000        42.9184980000000     
  -8.52632600000000        42.9134980000000     
  -8.52132600000000        42.9084980000000     
  -8.51632600000000        42.9084980000000     
  -8.51132600000000        42.9084980000000     
  -8.50632600000000        42.9084980000000     
  -8.50132600000000        42.9084980000000     
  -8.49632600000000        42.9084980000000     
  -8.49132600000000        42.9034980000000     
  -8.48632600000000        42.9034980000000     
  -8.48132600000000        42.8984980000000     
  -8.47632600000000        42.8934980000000     
  -8.47132600000000        42.8884980000000     
  -8.46632600000000        42.8884980000000     
  -8.46632600000000        42.8834980000000     
  -8.46132600000000        42.8784980000000     
  -8.45632600000000        42.8784980000000     
  -8.45132600000000        42.8734980000000     
  -8.44632600000000        42.8734980000000     
  -8.44132600000000        42.8734980000000     
  -8.43632600000000        42.8784980000000     
  -8.43132600000000        42.8834980000000     
  -8.42632600000000        42.8784980000000     
  -8.42132600000000        42.8784980000000     
  -8.41632600000000        42.8834980000000     
  -8.41632600000000        42.8884980000000     
  -8.41632600000000        42.8934980000000     
  -8.41632600000000        42.8984980000000     
  -8.41632600000000        42.9034980000000     
  -8.41632600000000        42.9084980000000     
  -8.41632600000000        42.9134980000000     
  -8.41632600000000        42.9184980000000     
  -8.41132600000000        42.9234980000000     
  -8.40632600000000        42.9234980000000     
  -8.40132600000000        42.9284980000000     
  -8.39632600000000        42.9334980000000     
  -8.39132600000000        42.9334980000000     
  -8.38632600000000        42.9334980000000     
  -8.38132600000000        42.9284980000000     
  -8.37632600000000        42.9284980000000     
  -8.37132600000000        42.9334980000000     
  -8.36632600000000        42.9334980000000     
  -8.36132600000000        42.9334980000000     
  -8.35632600000000        42.9284980000000     
  -8.35132600000000        42.9284980000000     
  -8.34632600000000        42.9284980000000     
  -8.34132600000000        42.9284980000000     
  -8.33632600000000        42.9234980000000     
  -8.33132600000000        42.9234980000000     
  -8.32632600000000        42.9234980000000     
  -8.32132600000000        42.9184980000000     
  -8.31632600000000        42.9234980000000     
  -8.31632600000000        42.9284980000000     
  -8.31132600000000        42.9334980000000     
  -8.30632600000000        42.9334980000000     
  -8.30132600000000        42.9334980000000     
  -8.29632600000000        42.9284980000000     
  -8.29132600000000        42.9284980000000     
  -8.28632600000000        42.9284980000000     
  -8.28132600000000        42.9334980000000     
  -8.27632600000000        42.9334980000000     
  -8.27132600000000        42.9334980000000     
  -8.26632600000000        42.9334980000000     
  -8.26132600000000        42.9334980000000     
  -8.25632600000000        42.9334980000000     
  -8.25132600000000        42.9334980000000     
  -8.24632600000000        42.9334980000000     
  -8.24132600000000        42.9334980000000     
  -8.23632600000000        42.9334980000000     
  -8.23132600000000        42.9334980000000     
  -8.22632600000000        42.9334980000000     
  -8.22132600000000        42.9334980000000     
  -8.21632600000000        42.9384980000000     
  -8.21632600000000        42.9434980000000     
  -8.21132600000000        42.9484980000000     
  -8.20632600000000        42.9484980000000     
  -8.20132600000000        42.9534980000000     
  -8.19632600000000        42.9534980000000     
  -8.19632600000000        42.9584980000000     
  -8.19132600000000        42.9634980000000     
  -8.18632600000000        42.9684980000000     
  -8.18632600000000        42.9734980000000     
  -8.18132600000000        42.9784980000000     
  -8.17632600000000        42.9834980000000     
  -8.17632600000000        42.9884980000000     
  -8.17132600000000        42.9934980000000     
  -8.16632600000000        42.9984980000000     
  -8.16132600000000        43.0034980000000     
  -8.15632600000000        43.0034980000000     
  -8.15132600000000        43.0034980000000     
  -8.14632600000000        43.0034980000000     
  -8.14132600000000        43.0034980000000     
  -8.13632600000000        42.9984980000000     
  -8.13132600000000        42.9984980000000     
  -8.13132600000000        43.0034980000000     
  -8.12632600000000        43.0084980000000     
  -8.12132600000000        43.0084980000000     
  -8.12132600000000        43.0134980000000     
  -8.11632600000000        43.0184980000000     
  -8.11132600000000        43.0234980000000     
  -8.10632600000000        43.0184980000000     
  -8.10132600000000        43.0184980000000     
  -8.09632600000000        43.0184980000000     
  -8.09132600000000        43.0134980000000     
  -8.08632600000000        43.0084980000000     
  -8.08132600000000        43.0034980000000     
  -8.07632600000000        43.0034980000000     
  -8.07132600000000        43.0034980000000     
  -8.06632600000000        43.0034980000000     
  -8.06132600000000        42.9984980000000     
  -8.05632600000000        42.9934980000000     
  -8.05132600000000        42.9934980000000     
  -8.04632600000000        42.9884980000000     
  -8.04132600000000        42.9834980000000     
  -8.03632600000000        42.9884980000000     
  -8.03132600000000        42.9884980000000     
  -8.02632600000000        42.9834980000000     
  -8.02132600000000        42.9834980000000     
  -8.01632600000000        42.9834980000000     
  -8.01132600000000        42.9884980000000     
  -8.00632600000000        42.9884980000000     
  -8.00132600000000        42.9934980000000     
  -7.99632600000000        42.9934980000000     
  -7.99132600000000        42.9984980000000     
  -7.98632600000000        43.0034980000000     
  -7.98132600000000        43.0084980000000     
  -7.97632600000000        43.0084980000000     
  -7.97132600000000        43.0084980000000     
  -7.96632600000000        43.0134980000000     
  -7.96132600000000        43.0184980000000     
  -7.95632600000000        43.0234980000000     
  -7.95132600000000        43.0234980000000     
  -7.94632600000000        43.0234980000000     
  -7.94132600000000        43.0234980000000     
  -7.93632600000000        43.0284980000000     
  -7.93132600000000        43.0284980000000     
  -7.92632600000000        43.0284980000000     
  -7.92132600000000        43.0284980000000     
  -7.91632600000000        43.0284980000000     
  -7.91632600000000        43.0234980000000     
  -7.91632600000000        43.0184980000000     
  -7.91632600000000        43.0134980000000     
  -7.91632600000000        43.0084980000000     
  -7.91632600000000        43.0034980000000     
  -7.91132600000000        42.9984980000000     
  -7.90632600000000        42.9934980000000     
  -7.90632600000000        42.9884980000000     
  -7.90132600000000        42.9834980000000     
  -7.89632600000000        42.9784980000000     
  -7.89132600000000        42.9784980000000     
  -7.88632600000000        42.9784980000000     
  -7.88632600000000        42.9734980000000     
  -7.88132600000000        42.9684980000000     
  -7.87632600000000        42.9634980000000     
  -7.87132600000000        42.9634980000000     
  -7.86632600000000        42.9634980000000     
  -7.86132600000000        42.9584980000000     
  -7.85632600000000        42.9584980000000     
  -7.85132600000000        42.9584980000000     
  -7.84632600000000        42.9534980000000     
  -7.84132600000000        42.9484980000000     
  -7.84132600000000        42.9434980000000     
  -7.84132600000000        42.9384980000000     
  -7.84132600000000        42.9334980000000     
  -7.84132600000000        42.9284980000000     
  -7.84132600000000        42.9234980000000     
  -7.83632600000000        42.9184980000000     
  -7.83632600000000        42.9134980000000     
  -7.83132600000000        42.9084980000000     
  -7.83132600000000        42.9034980000000     
  -7.83632600000000        42.8984980000000     
  -7.83632600000000        42.8934980000000     
  -7.84132600000000        42.8884980000000     
  -7.84132600000000        42.8834980000000     
  -7.84132600000000        42.8784980000000     
  -7.83632600000000        42.8734980000000     
  -7.83132600000000        42.8734980000000     
  -7.82632600000000        42.8734980000000     
  -7.82132600000000        42.8684980000000     
  -7.81632600000000        42.8634980000000     
  -7.81132600000000        42.8584980000000     
  -7.80632600000000        42.8584980000000     
  -7.80132600000000        42.8584980000000     
  -7.79632600000000        42.8584980000000     
  -7.79132600000000        42.8534980000000     
  -7.78632600000000        42.8534980000000     
  -7.78132600000000        42.8534980000000     
  -7.77632600000000        42.8484980000000     
  -7.77132600000000        42.8484980000000     
  -7.76632600000000        42.8484980000000     
  -7.76132600000000        42.8484980000000     
  -7.76132600000000        42.8434980000000     
  -7.76132600000000        42.8384980000000     
  -7.76132600000000        42.8334980000000     
  -7.76132600000000        42.8284980000000     
  -7.75632600000000        42.8234980000000     
  -7.75632600000000        42.8184980000000     
  -7.76132600000000        42.8184980000000     
  -7.76632600000000        42.8134980000000     
  -7.76632600000000        42.8084980000000     
  -7.76132600000000        42.8034980000000     
  -7.76132600000000        42.7984980000000     
  -7.76132600000000        42.7934980000000     
  -7.76132600000000        42.7884980000000     
  -7.76132600000000        42.7834980000000     
  -7.76132600000000        42.7784980000000     
  -7.76632600000000        42.7734980000000     
  -7.76632600000000        42.7684980000000     
  -7.77132600000000        42.7634980000000     
  -7.77632600000000        42.7634980000000     
  -7.78132600000000        42.7584980000000     
  -7.78132600000000        42.7534980000000     
  -7.78632600000000        42.7484980000000     
  -7.79132600000000        42.7434980000000     
  -7.79132600000000        42.7384980000000     
  -7.79132600000000        42.7334980000000     
  -7.79632600000000        42.7284980000000     
  -7.80132600000000        42.7234980000000     
  -7.80132600000000        42.7184980000000     
  -7.80632600000000        42.7184980000000     
  -7.81132600000000        42.7184980000000     
  -7.81632600000000        42.7184980000000     
  -7.82132600000000        42.7184980000000     
  -7.82632600000000        42.7184980000000     
  -7.83132600000000        42.7134980000000     
  -7.83632600000000        42.7134980000000     
  -7.84132600000000        42.7134980000000     
  -7.84632600000000        42.7134980000000     
  -7.85132600000000        42.7134980000000     
  -7.85632600000000        42.7134980000000     
  -7.86132600000000        42.7184980000000     
  -7.86632600000000        42.7184980000000     
  -7.87132600000000        42.7134980000000     
  -7.87632600000000        42.7084980000000     
  -7.87632600000000        42.7034980000000     
  -7.87632600000000        42.6984980000000     
  -7.87632600000000        42.6934980000000     
  -7.87632600000000        42.6884980000000     
  -7.88132600000000        42.6884980000000     
  -7.88632600000000        42.6834980000000     
  -7.89132600000000        42.6784980000000     
  -7.89132600000000        42.6734980000000     
  -7.89132600000000        42.6684980000000     
  -7.88632600000000        42.6634980000000     
  -7.88632600000000        42.6584980000000     
  -7.88632600000000        42.6534980000000     
  -7.89132600000000        42.6484980000000     
  -7.89132600000000        42.6434980000000     
  -7.89132600000000        42.6384980000000     
  -7.89132600000000        42.6334980000000     
  -7.89132600000000        42.6284980000000     
  -7.89132600000000        42.6234980000000     
  -7.89632600000000        42.6184980000000     
  -7.90132600000000        42.6134980000000     
  -7.90632600000000        42.6084980000000     
  -7.90632600000000        42.6034980000000     
  -7.91132600000000        42.5984980000000     
  -7.91132600000000        42.5934980000000     
  -7.91632600000000        42.5884980000000     
  -7.91632600000000        42.5834980000000     
  -7.92132600000000        42.5834980000000     
  -7.92632600000000        42.5784980000000     
  -7.93132600000000        42.5734980000000     
  -7.93632600000000        42.5734980000000     
  -7.94132600000000        42.5734980000000     
  -7.94632600000000        42.5684980000000     
  -7.95132600000000        42.5684980000000     
  -7.95632600000000        42.5634980000000     
  -7.96132600000000        42.5634980000000     
  -7.96632600000000        42.5634980000000     
  -7.97132600000000        42.5634980000000     
  -7.97632600000000        42.5684980000000     
  -7.98132600000000        42.5734980000000     
  -7.98632600000000        42.5734980000000     
  -7.99132600000000        42.5734980000000     
  -7.99632600000000        42.5734980000000     
  -8.00132600000000        42.5784980000000     
  -8.00632600000000        42.5734980000000     
  -8.00632600000000        42.5684980000000     
  -8.00632600000000        42.5634980000000     
  -8.01132600000000        42.5584980000000     
  -8.01632600000000        42.5584980000000     
  -8.02132600000000        42.5584980000000     
  -8.02632600000000        42.5584980000000     
  -8.03132600000000        42.5584980000000     
  -8.03632600000000        42.5584980000000     
  -8.04132600000000        42.5584980000000     
  -8.04632600000000        42.5584980000000     
  -8.05132600000000        42.5534980000000     
  -8.05632600000000        42.5534980000000     
  -8.06132600000000        42.5534980000000     
  -8.06632600000000        42.5534980000000     
  -8.07132600000000        42.5534980000000     
  -8.07632600000000        42.5534980000000     
  -8.08132600000000        42.5534980000000     
  -8.08632600000000        42.5534980000000     
  -8.09132600000000        42.5534980000000     
  -8.09632600000000        42.5534980000000     
  -8.10132600000000        42.5534980000000     
  -8.10632600000000        42.5534980000000     
  -8.11132600000000        42.5534980000000     
  -8.11632600000000        42.5534980000000     
  -8.12132600000000        42.5534980000000     
  -8.12632600000000        42.5534980000000     
  -8.13132600000000        42.5534980000000     
  -8.13632600000000        42.5534980000000     
  -8.14132600000000        42.5484980000000     
  -8.14632600000000        42.5484980000000     
  -8.15132600000000        42.5534980000000     
  -8.15632600000000        42.5534980000000     
  -8.16132600000000        42.5534980000000     
  -8.16632600000000        42.5584980000000     
  -8.17132600000000        42.5584980000000     
  -8.17632600000000        42.5584980000000     
  -8.18132600000000        42.5584980000000     
  -8.18632600000000        42.5534980000000     
  -8.19132600000000        42.5484980000000     
  -8.19632600000000        42.5484980000000     
  -8.20132600000000        42.5484980000000     
  -8.20632600000000        42.5434980000000     
  -8.21132600000000        42.5384980000000     
  -8.21632600000000        42.5334980000000     
  -8.21632600000000        42.5284980000000     
  -8.21632600000000        42.5234980000000     
  -8.21632600000000        42.5184980000000     
  -8.21632600000000        42.5134980000000     
  -8.22132600000000        42.5134980000000     
  -8.22632600000000        42.5134980000000     
  -8.23132600000000        42.5084980000000     
  -8.23632600000000        42.5034980000000     
  -8.24132600000000        42.5034980000000     
  -8.24632600000000        42.5034980000000     
  -8.25132600000000        42.5034980000000     
  -8.25632600000000        42.5034980000000     
  -8.25632600000000        42.5084980000000     
  -8.26132600000000        42.5134980000000     
  -8.26632600000000        42.5184980000000     
  -8.27132600000000        42.5184980000000     
  -8.27632600000000        42.5184980000000     
  -8.27632600000000        42.5234980000000     
  -8.27632600000000        42.5284980000000     
  -8.27632600000000        42.5334980000000     
  -8.27632600000000        42.5384980000000     
  -8.27132600000000        42.5434980000000     
  -8.27132600000000        42.5484980000000     
  -8.27132600000000        42.5534980000000     
  -8.27632600000000        42.5584980000000     
  -8.28132600000000        42.5634980000000     
  -8.28132600000000        42.5684980000000     
  -8.28132600000000        42.5734980000000     
  -8.28132600000000        42.5784980000000     
  -8.28632600000000        42.5834980000000     
  -8.28132600000000        42.5884980000000     
  -8.28132600000000        42.5934980000000     
  -8.27632600000000        42.5984980000000     
  -8.27132600000000        42.5984980000000     
  -8.26632600000000        42.5984980000000     
  -8.27132600000000        42.6034980000000     
  -8.27632600000000        42.6084980000000     
  -8.27632600000000        42.6134980000000     
  -8.27632600000000        42.6184980000000     
  -8.27632600000000        42.6234980000000     
  -8.27132600000000        42.6284980000000     
  -8.27632600000000        42.6334980000000     
  -8.28132600000000        42.6334980000000     
  -8.28632600000000        42.6334980000000     
  -8.29132600000000        42.6334980000000     
  -8.29632600000000        42.6334980000000     
  -8.30132600000000        42.6334980000000     
  -8.30632600000000        42.6334980000000     
  -8.31132600000000        42.6384980000000     
  -8.31132600000000        42.6434980000000     
  -8.31132600000000        42.6484980000000     
  -8.31632600000000        42.6534980000000     
  -8.32132600000000        42.6534980000000     
  -8.32632600000000        42.6534980000000     
  -8.33132600000000        42.6584980000000     
  -8.33632600000000        42.6584980000000     
  -8.34132600000000        42.6634980000000     
  -8.34632600000000        42.6634980000000     
  -8.35132600000000        42.6634980000000     
  -8.35132600000000        42.6684980000000     
  -8.35632600000000        42.6734980000000     
  -8.36132600000000        42.6734980000000     
  -8.36632600000000        42.6734980000000     
  -8.37132600000000        42.6684980000000     
  -8.37632600000000        42.6634980000000     
  -8.38132600000000        42.6634980000000     
  -8.38632600000000        42.6584980000000     
  -8.39132600000000        42.6534980000000     
  -8.39632600000000        42.6534980000000     
  -8.40132600000000        42.6534980000000     
  -8.40632600000000        42.6534980000000     
  -8.41132600000000        42.6484980000000     
  -8.41632600000000        42.6484980000000     
  -8.42132600000000        42.6434980000000     
  -8.42632600000000        42.6384980000000     
  -8.43132600000000        42.6384980000000     
  -8.43632600000000        42.6384980000000     
  -8.44132600000000        42.6384980000000     
  -8.44632600000000        42.6384980000000     
  -8.45132600000000        42.6384980000000     
  -8.45632600000000        42.6384980000000     
  -8.46132600000000        42.6384980000000     
  -8.46632600000000        42.6384980000000     
  -8.47132600000000        42.6434980000000     
  -8.47632600000000        42.6434980000000     
  -8.48132600000000        42.6434980000000     
  -8.48632600000000        42.6434980000000     
  -8.49132600000000        42.6384980000000     
  -8.49632600000000        42.6384980000000     
  -8.50132600000000        42.6384980000000     
  -8.50632600000000        42.6384980000000     
  -8.50632600000000        42.6434980000000     
  -8.50632600000000        42.6484980000000     
  -8.50632600000000        42.6534980000000     
  -8.50632600000000        42.6584980000000     
  -8.50632600000000        42.6634980000000     
  -8.50632600000000        42.6684980000000     
  -8.51132600000000        42.6734980000000     
  -8.51632600000000        42.6734980000000     
  -8.52132600000000        42.6784980000000     
  -8.52632600000000        42.6834980000000     
  -8.53132600000000        42.6834980000000     
  -8.53632600000000        42.6784980000000     
  -8.54132600000000        42.6784980000000     
  -8.54632600000000        42.6784980000000     
  -8.55132600000000        42.6834980000000     
  -8.55632600000000        42.6834980000000     
  -8.56132600000000        42.6884980000000     
  -8.56632600000000        42.6884980000000     
  -8.57132600000000        42.6884980000000     
  -8.57632600000000        42.6884980000000     
  -8.57632600000000        42.6934980000000     
  -8.58132600000000        42.6984980000000     
  -8.58632600000000        42.6984980000000     
  -8.59132600000000        42.6984980000000     
  -8.59632600000000        42.7034980000000     
  -8.60132600000000        42.7034980000000     
  -8.60632600000000        42.7034980000000     
  -8.61132600000000        42.7034980000000     
  -8.61632600000000        42.7034980000000     
  -8.62132600000000        42.7034980000000     
  -8.62632600000000        42.7034980000000     
  -8.63132600000000        42.7084980000000     
  -8.63632600000000        42.7134980000000     
  -8.64132600000000        42.7134980000000     
  -8.64632600000000        42.7134980000000     
  -8.65132600000000        42.7134980000000     
  -8.65632600000000        42.7134980000000     
  -8.66132600000000        42.7134980000000     
  -8.66632600000000        42.7134980000000     
  -8.66632600000000        42.7184980000000     
  -8.67132600000000        42.7234980000000     
 <endpolygon>
