<beginreservoir>
ID: 1
NAME: Portodemouros
COORDINATES: -8.188826 42.855998
GRID_I: 78
GRID_J: 123
DN_NODE_ID: 1476
MIN_VOLUME: 54500000
MAX_VOLUME_TYPE: 1
MAX_VOLUME: 297000000
MIN_OUTFLOW: 10 !do PDF de portodemouros media 12 meses
<<beginaccvolumecurve>>
54500000 220
56356000 220.5
58264000 221
60226000 221.5
62242000 222
64311000 222.5
66435000 223
68614000 223.5
70848000 224
73138000 224.5
75483000 225
77886000 225.5
80345000 226
82862000 226.5
85436000 227
88069000 227.5
90760000 228
93510000 228.5
96320000 229
99189000 229.5
102119000 230
105110000 230.5
108161000 231
111274000 231.5
114449000 232
117687000 232.5
120987000 233
124350000 233.5
127777000 234
131268000 234.5
134823000 235
138443000 235.5
142128000 236
145879000 236.5
149697000 237
153580000 237.5
157531000 238
161548000 238.5
165634000 239
169788000 239.5
174010000 240
178301000 240.5
182662000 241
187093000 241.5
191594000 242
196165000 242.5
200808000 243
205522000 243.5
210307000 244
215166000 244.5
220097000 245
225101000 245.5
230178000 246
235330000 246.5
240556000 247
245857000 247.5
251233000 248
256685000 248.5
262213000 249
267817000 249.5
273498000 250
279257000 250.5
285093000 251
291007000 251.5
297000000 252
<<endaccvolumecurve>>
<endreservoir>

<beginreservoir>
ID: 2
NAME: Bandariz
COORDINATES: -8.208826 42.835998
GRID_I: 74
GRID_J: 119
DN_NODE_ID: 1383
MIN_VOLUME: 330000
MAX_VOLUME_TYPE: 1
MAX_VOLUME: 2740000
MIN_OUTFLOW: 10 !do PDF de portodemouros media 12 meses
<<beginaccvolumecurve>>
327000 157.4
379000 158
476000 159
588000 160
715000 161
859000 162
1021000 163
1201000 164
1400000 165
1621000 166
1864000 167
2130000 168
2422000 169
2740000 170
<<endaccvolumecurve>>
OPERATION_TYPE : 4
<<beginoperation>>
0 0
0.95 0
0.96 1
1 1
<<endoperation>>
<endreservoir>

<beginreservoir>
ID: 3
NAME: Touro
COORDINATES: -8.238826 42.830998
GRID_I: 73
GRID_J: 113
DN_NODE_ID: 1247
MIN_VOLUME: 15000
MAX_VOLUME_TYPE: 1
MAX_VOLUME: 6830000
MIN_OUTFLOW: 10 !do PDF de portodemouros media 12 meses
<<beginaccvolumecurve>>
15000 125
41000 126
75000 127
122000 128
181000 129
249000 130
328000 131
422000 132
531000 133
652000 134
787000 135
941000 136
1115000 137
1303000 138
1505000 139
1720000 140
1956000 141
2212000 142
2486000 143
2780000 144
3095000 145
3431000 146
3783000 147
4154000 148
4544000 149
4956000 150
5389000 151
5845000 152
6324000 153
6830000 154
<<endaccvolumecurve>>
OPERATION_TYPE : 4
<<beginoperation>>
0 0
0.95 0
0.96 1
1 1
<<endoperation>>
<endreservoir>